0.247341   6.28  -0.33
0.247341   6.28  -0.33
0.247341   6.28  -0.33
0.247341   6.28  -0.33
0.247341   6.28  -0.33
0.247341   6.27  -0.33
0.247341   6.27  -0.33
0.247341   6.28  -0.33
0.247341   6.28  -0.33
0.247341   6.28  -0.33
0.247341   6.28  -0.33
0.247341   6.28  -0.33
0.247341   6.28  -0.33
0.247341   6.28  -0.33
0.247341   6.28  -0.33
0.247341   6.28  -0.33
0.247341   6.28  -0.33
0.247341   6.28  -0.33
0.247402   6.28  -0.33
0.247402   6.28  -0.33
0.247525   6.28  -0.33
0.247586   6.28  -0.33
0.24777   6.28  -0.33
0.247893   6.28  -0.33
0.248016   6.28  -0.33
0.248139   6.28  -0.33
0.248385   6.28  -0.33
0.248633   6.28  -0.33
0.24888   6.28  -0.33
0.249128   6.28  -0.33
0.249314   6.28  -0.33
0.249314   6.29  -0.33
0.249314   6.29  -0.33
0.249377   6.3  -0.33
0.249501   6.29  -0.33
0.249688   6.28  -0.33
0.249875   6.28  -0.33
0.250063   6.28  -0.33
0.250125   6.28  -0.33
0.250188   6.28  -0.33
0.250376   6.28  -0.33
0.250564   6.28  -0.33
0.250815   6.28  -0.33
0.251067   6.28  -0.33
0.251256   6.28  -0.33
0.251383   6.28  -0.33
0.251509   6.28  -0.33
0.251636   6.28  -0.33
0.251889   6.28  -0.33
0.252207   6.28  -0.33
0.252589   6.28  -0.33
0.252845   6.28  -0.33
0.2531   6.28  -0.33
0.253357   6.28  -0.33
0.25355   6.27  -0.33
0.253743   6.28  -0.33
0.253936   6.28  -0.33
0.254194   6.28  -0.33
0.254518   6.28  -0.33
0.254712   6.28  -0.33
0.254972   6.28  -0.33
0.255167   6.28  -0.33
0.255297   6.28  -0.33
0.255493   6.28  -0.33
0.255754   6.27  -0.33
0.255951   6.27  -0.33
0.256213   6.28  -0.33
0.25641   6.28  -0.33
0.256674   6.28  -0.33
0.256805   6.28  -0.33
0.257069   6.28  -0.33
0.257334   6.28  -0.33
0.257533   6.28  -0.33
0.257732   6.28  -0.33
0.257865   6.28  -0.33
0.257931   6.28  -0.33
0.257998   6.28  -0.33
0.258065   6.28  -0.33
0.258131   6.28  -0.33
0.258198   6.28  -0.33
0.258264   6.27  -0.33
0.258331   6.28  -0.33
0.258465   6.27  -0.33
0.258532   6.28  -0.33
0.258732   6.27  -0.33
0.258933   6.27  -0.33
0.259202   6.27  -0.33
0.259269   6.27  -0.33
0.259403   6.27  -0.33
0.259471   6.27  -0.33
0.259605   6.28  -0.33
0.259875   6.27  -0.33
0.260078   6.28  -0.33
0.260213   6.28  -0.33
0.260349   6.27  -0.33
0.26062   6.28  -0.33
0.260756   6.28  -0.33
0.260892   6.28  -0.33
0.261165   6.29  -0.33
0.261438   6.28  -0.33
0.261712   6.28  -0.33
0.26178   6.28  -0.33
0.261917   6.28  -0.33
0.262192   6.28  -0.33
0.262329   6.28  -0.33
0.262398   6.35  -0.33
0.262536   6.36  -0.33
0.262743   6.36  -0.33
0.262881   6.37  -0.33
0.263019   6.37  -0.33
0.263158   6.37  -0.33
0.263366   6.38  -0.33
0.263505   6.37  -0.33
0.263713   6.37  -0.33
0.263992   6.37  -0.33
0.264201   6.37  -0.33
0.26441   6.38  -0.33
0.26455   6.37  -0.33
0.26469   6.38  -0.33
0.264971   6.38  -0.33
0.265182   6.38  -0.33
0.265252   6.38  -0.33
0.265322   6.38  -0.33
0.265604   6.38  -0.33
0.265816   6.37  -0.33
0.265887   6.37  -0.33
0.266099   6.38  -0.33
0.266454   6.37  -0.33
0.266738   6.38  -0.33
0.26688   6.38  -0.33
0.267023   6.39  -0.33
0.267165   6.41  -0.33
0.267451   6.41  -0.34
0.267666   6.39  -0.34
0.267809   6.38  -0.33
0.267809   6.39  -0.33
0.267953   6.41  -0.33
0.268168   6.42  -0.33
0.268456   6.42  -0.33
0.268817   6.43  -0.33
0.269107   6.44  -0.33
0.269397   6.44  -0.33
0.269614   6.45  -0.33
0.26976   6.46  -0.34
0.269978   6.47  -0.33
0.270124   6.46  -0.34
0.27027   6.47  -0.33
0.270416   6.48  -0.34
0.27049   6.47  -0.33
0.27049   6.47  -0.34
0.27049   6.46  -0.34
0.270709   6.49  -0.34
0.270929   6.5  -0.34
0.271076   6.5  -0.34
0.271297   6.5  -0.34
0.271592   6.49  -0.33
0.271961   6.5  -0.34
0.272257   6.5  -0.34
0.272331   6.49  -0.34
0.272405   6.5  -0.34
0.27248   6.5  -0.34
0.27248   6.5  -0.34
0.272554   6.52  -0.34
0.272777   6.52  -0.34
0.273   6.53  -0.34
0.273149   6.53  -0.34
0.273373   6.53  -0.34
0.273898   6.53  -0.34
0.274123   6.53  -0.34
0.274273   6.54  -0.34
0.274574   6.55  -0.34
0.274801   6.55  -0.34
0.27533   6.56  -0.34
0.275862   6.58  -0.34
0.276167   6.58  -0.34
0.276319   6.58  -0.34
0.276549   6.58  -0.34
0.276932   6.58  -0.34
0.277239   6.59  -0.34
0.277546   6.6  -0.34
0.277778   6.61  -0.34
0.278087   6.62  -0.34
0.278629   6.64  -0.34
0.279252   6.65  -0.34
0.279799   6.66  -0.34
0.280426   6.69  -0.34
0.28082   6.8  -0.34
0.281136   6.74  -0.34
0.281294   6.73  -0.34
0.281373   6.72  -0.34
0.281532   6.73  -0.34
0.28177   6.74  -0.34
0.282008   6.74  -0.34
0.282167   6.75  -0.34
0.282326   6.75  -0.34
0.282486   6.74  -0.34
0.282566   6.73  -0.34
0.282566   6.74  -0.34
0.282725   6.74  -0.34
0.282885   6.75  -0.34
0.282885   6.75  -0.34
0.282885   6.75  -0.34
0.282965   6.77  -0.34
0.283206   6.78  -0.34
0.283286   6.79  -0.34
0.283607   6.8  -0.34
0.283849   6.78  -0.34
0.283849   6.79  -0.34
0.28393   6.79  -0.34
0.28393   6.79  -0.34
0.284091   6.78  -0.34
0.284252   6.78  -0.34
0.284576   6.79  -0.34
0.284819   6.79  -0.34
0.2849   6.79  -0.34
0.2849   6.79  -0.34
0.284981   6.8  -0.34
0.285144   6.81  -0.34
0.285307   6.81  -0.34
0.285388   6.81  -0.34
0.285551   6.82  -0.34
0.285633   6.82  -0.34
0.285796   6.83  -0.34
0.286041   6.84  -0.34
0.286123   6.83  -0.34
0.286205   6.83  -0.34
0.286287   6.83  -0.34
0.286451   6.84  -0.34
0.286615   6.84  -0.34
0.286779   6.85  -0.34
0.287026   6.85  -0.34
0.287274   6.86  -0.34
0.287522   6.86  -0.34
0.287687   6.88  -0.34
0.287936   6.9  -0.34
0.288018   6.91  -0.34
0.288184   6.92  -0.34
0.288351   6.94  -0.34
0.2886   6.93  -0.34
0.288684   6.92  -0.34
0.288767   6.92  -0.34
0.289017   6.92  -0.34
0.289184   6.91  -0.34
0.289352   6.91  -0.34
0.289436   6.9  -0.34
0.289687   6.92  -0.34
0.289771   6.92  -0.34
0.289771   6.92  -0.34
0.289771   6.92  -0.34
0.289855   6.93  -0.34
0.289939   6.93  -0.34
0.290276   6.93  -0.34
0.290613   6.91  -0.34
0.290951   6.91  -0.34
0.291036   6.91  -0.34
0.291121   6.9  -0.34
0.291375   6.93  -0.34
0.291971   6.96  -0.34
0.292483   6.98  -0.34
0.292826   6.98  -0.34
0.292997   6.99  -0.34
0.293083   6.99  -0.34
0.293169   7.01  -0.34
0.293255   7.02  -0.34
0.293858   7.03  -0.34
0.294031   7.01  -0.34
0.294031   7.01  -0.34
0.294291   7.02  -0.34
0.294724   7.01  -0.34
0.294898   7.01  -0.34
0.294898   7  -0.34
0.294985   7.01  -0.34
0.295159   7.02  -0.34
0.295421   7.03  -0.34
0.295683   7.06  -0.34
0.29577   7.05  -0.34
0.295858   7.05  -0.34
0.295946   7.08  -0.34
0.296296   7.12  -0.34
0.296648   7.12  -0.34
0.296912   7.12  -0.34
0.297177   7.13  -0.34
0.297442   7.14  -0.34
0.297708   7.13  -0.34
0.297974   7.11  -0.34
0.298151   7.12  -0.34
0.298329   7.13  -0.34
0.298507   7.13  -0.34
0.298864   7.13  -0.34
0.299043   7.14  -0.34
0.299222   7.14  -0.34
0.299581   7.17  -0.34
0.29985   7.18  -0.34
0.30003   7.17  -0.34
0.3003   7.18  -0.34
0.3003   7.19  -0.34
0.300481   7.24  -0.34
0.300752   7.23  -0.34
0.301023   7.21  -0.34
0.301114   7.22  -0.34
0.301296   7.22  -0.34
0.301477   7.25  -0.34
0.301659   7.25  -0.34
0.301841   7.26  -0.34
0.301932   7.26  -0.34
0.302024   7.28  -0.34
0.302297   7.27  -0.34
0.302572   7.26  -0.34
0.302755   7.27  -0.34
0.303122   7.3  -0.34
0.303306   7.28  -0.34
0.30349   7.29  -0.34
0.303582   7.28  -0.34
0.303767   7.29  -0.34
0.304044   7.33  -0.34
0.304321   7.34  -0.34
0.304414   7.33  -0.34
0.304414   7.33  -0.34
0.304507   7.33  -0.34
0.304692   7.34  -0.34
0.304692   7.34  -0.34
0.304692   7.34  -0.34
0.304878   7.37  -0.34
0.30525   7.39  -0.34
0.30553   7.37  -0.34
0.305717   7.35  -0.34
0.305717   7.35  -0.34
0.305904   7.37  -0.34
0.305904   7.36  -0.34
0.306185   7.37  -0.34
0.306373   7.36  -0.34
0.306654   7.37  -0.34
0.306843   7.37  -0.34
0.307031   7.39  -0.34
0.307125   7.39  -0.34
0.307314   7.39  -0.34
0.307503   7.39  -0.34
0.307692   7.4  -0.34
0.307882   7.4  -0.34
0.308071   7.41  -0.34
0.308261   7.42  -0.34
0.308547   7.41  -0.34
0.308737   7.4  -0.34
0.308833   7.4  -0.34
0.309023   7.4  -0.34
0.30931   7.41  -0.34
0.309598   7.43  -0.34
0.309981   7.44  -0.34
0.31027   7.44  -0.34
0.310463   7.45  -0.34
0.310559   7.45  -0.34
0.310752   7.46  -0.34
0.310945   7.45  -0.34
0.311236   7.46  -0.34
0.311333   7.47  -0.34
0.311624   7.47  -0.34
0.311818   7.47  -0.34
0.312012   7.47  -0.34
0.312305   7.48  -0.34
0.312402   7.47  -0.34
0.312695   7.53  -0.34
0.313185   7.55  -0.34
0.313381   7.52  -0.34
0.313381   7.51  -0.34
0.31348   7.52  -0.34
0.313775   7.55  -0.34
0.31407   7.56  -0.34
0.314169   7.54  -0.34
0.314169   7.54  -0.34
0.314367   7.54  -0.34
0.314564   7.53  -0.34
0.314762   7.53  -0.34
0.314861   7.53  -0.34
0.314961   7.53  -0.34
0.315159   7.54  -0.34
0.315358   7.55  -0.34
0.315457   7.55  -0.34
0.315557   7.56  -0.34
0.315856   7.57  -0.34
0.316156   7.59  -0.34
0.316356   7.59  -0.34
0.316556   7.61  -0.34
0.316756   7.61  -0.34
0.316957   7.6  -0.34
0.317158   7.62  -0.34
0.31736   7.62  -0.34
0.31736   7.62  -0.34
0.31746   7.63  -0.34
0.317763   7.63  -0.34
0.318167   7.65  -0.34
0.31837   7.66  -0.34
0.318674   7.7  -0.34
0.318979   7.7  -0.34
0.319183   7.73  -0.34
0.319387   7.82  -0.34
0.319591   7.76  -0.34
0.319898   7.72  -0.34
0.320102   7.75  -0.34
0.320513   7.87  -0.34
0.320616   7.81  -0.34
0.320718   7.84  -0.34
0.321337   7.84  -0.34
0.321543   7.78  -0.34
0.32175   7.76  -0.34
0.321958   7.76  -0.34
0.321958   7.75  -0.34
0.322061   7.75  -0.34
0.322269   7.75  -0.34
0.322373   7.75  -0.34
0.322373   7.75  -0.34
0.322373   7.75  -0.34
0.322477   7.77  -0.34
0.322477   7.77  -0.34
0.322685   7.78  -0.34
0.322997   7.78  -0.34
0.323206   7.79  -0.34
0.323311   7.78  -0.34
0.323311   7.78  -0.34
0.323311   7.78  -0.34
0.323415   7.78  -0.34
0.323625   7.8  -0.34
0.323834   7.81  -0.34
0.324044   7.8  -0.34
0.324149   7.81  -0.34
0.324149   7.81  -0.34
0.324149   7.82  -0.34
0.324359   7.84  -0.34
0.324675   7.84  -0.34
0.324886   7.84  -0.34
0.325203   7.83  -0.34
0.325415   7.84  -0.34
0.325733   7.85  -0.34
0.325945   7.86  -0.34
0.326264   7.85  -0.34
0.326584   7.86  -0.34
0.326797   7.86  -0.34
0.327225   7.86  -0.34
0.327547   7.89  -0.34
0.327869   7.89  -0.34
0.328084   7.89  -0.34
0.328299   7.9  -0.34
0.328731   7.9  -0.34
0.329056   7.94  -0.34
0.329272   7.94  -0.34
0.329707   7.95  -0.34
0.330033   7.97  -0.34
0.33036   7.95  -0.34
0.330579   7.94  -0.34
0.330579   7.93  -0.34
0.330797   7.97  -0.34
0.331016   7.98  -0.34
0.331126   7.98  -0.34
0.331455   7.99  -0.34
0.331785   7.98  -0.34
0.332116   7.98  -0.34
0.332447   7.98  -0.34
0.332668   7.98  -0.34
0.332889   7.99  -0.34
0.333   7.98  -0.34
0.333111   7.99  -0.34
0.333111   7.99  -0.34
0.333222   7.99  -0.34
0.333556   8.01  -0.34
0.333778   8.02  -0.34
0.334001   8.01  -0.34
0.334113   8.02  -0.34
0.334336   8.03  -0.34
0.334672   8.04  -0.34
0.335008   8.07  -0.34
0.335233   8.08  -0.34
0.335345   8.1  -0.34
0.335796   8.11  -0.34
0.336022   8.1  -0.34
0.336134   8.11  -0.34
0.336247   8.12  -0.34
0.336474   8.15  -0.34
0.336587   8.15  -0.34
0.336814   8.14  -0.34
0.337041   8.14  -0.34
0.337724   8.18  -0.34
0.337838   8.15  -0.34
0.337952   8.16  -0.34
0.338066   8.17  -0.34
0.338181   8.16  -0.34
0.338181   8.17  -0.34
0.338524   8.21  -0.34
0.338753   8.24  -0.34
0.338868   8.23  -0.34
0.339098   8.24  -0.34
0.339443   8.25  -0.34
0.339559   8.24  -0.34
0.339674   8.27  -0.34
0.340136   8.24  -0.34
0.340252   8.24  -0.34
0.340368   8.26  -0.34
0.340483   8.27  -0.34
0.340599   8.26  -0.34
0.340599   8.26  -0.34
0.340832   8.28  -0.34
0.340948   8.27  -0.34
0.341064   8.27  -0.34
0.34118   8.27  -0.34
0.34118   8.27  -0.34
0.34118   8.27  -0.34
0.341297   8.28  -0.34
0.341413   8.33  -0.34
0.342231   8.3  -0.34
0.342349   8.29  -0.34
0.342583   8.29  -0.34
0.3427   8.28  -0.34
0.342936   8.31  -0.34
0.343289   8.31  -0.34
0.343407   8.31  -0.34
0.343525   8.31  -0.34
0.343643   8.32  -0.34
0.343879   8.34  -0.34
0.343997   8.36  -0.34
0.344353   8.36  -0.34
0.344471   8.36  -0.34
0.344709   8.35  -0.34
0.344828   8.35  -0.34
0.344947   8.35  -0.34
0.345304   8.35  -0.34
0.345423   8.36  -0.34
0.345662   8.37  -0.34
0.345901   8.37  -0.34
0.346021   8.37  -0.34
0.346141   8.38  -0.34
0.34626   8.38  -0.34
0.3465   8.39  -0.34
0.34662   8.39  -0.34
0.346741   8.39  -0.34
0.346861   8.39  -0.34
0.347102   8.39  -0.34
0.347222   8.38  -0.34
0.347464   8.38  -0.34
0.347584   8.38  -0.34
0.347705   8.39  -0.34
0.347947   8.41  -0.34
0.348068   8.42  -0.34
0.348311   8.42  -0.34
0.348432   8.43  -0.34
0.348797   8.43  -0.34
0.349162   8.44  -0.34
0.349528   8.44  -0.34
0.349773   8.45  -0.34
0.350263   8.45  -0.34
0.350877   8.47  -0.34
0.35137   8.47  -0.34
0.351741   8.48  -0.34
0.351989   8.51  -0.34
0.352113   8.54  -0.34
0.352361   8.56  -0.34
0.352361   8.58  -0.34
0.352485   8.6  -0.34
0.352609   8.59  -0.34
0.352858   8.59  -0.34
0.353232   8.59  -0.34
0.353482   8.58  -0.34
0.353732   8.58  -0.34
0.353982   8.6  -0.34
0.354233   8.6  -0.34
0.354484   8.58  -0.34
0.354736   8.57  -0.34
0.355114   8.6  -0.34
0.355366   8.62  -0.34
0.355619   8.61  -0.34
0.355872   8.61  -0.34
0.356125   8.62  -0.34
0.356379   8.63  -0.34
0.356633   8.62  -0.34
0.357398   8.68  -0.34
0.357654   8.73  -0.34
0.35791   8.77  -0.34
0.358295   8.77  -0.34
0.359195   8.78  -0.34
0.359195   8.7  -0.34
0.359324   8.7  -0.34
0.359324   8.69  -0.34
0.359454   8.69  -0.34
0.359583   8.69  -0.34
0.359842   8.72  -0.34
0.359842   8.73  -0.34
0.359971   8.74  -0.34
0.360231   8.74  -0.34
0.36036   8.75  -0.34
0.36036   8.75  -0.34
0.36062   8.77  -0.34
0.36062   8.77  -0.34
0.360881   8.78  -0.34
0.361011   8.77  -0.34
0.361272   8.76  -0.34
0.361533   8.76  -0.34
0.361664   8.76  -0.34
0.361795   8.77  -0.34
0.361925   8.77  -0.34
0.362056   8.76  -0.34
0.362188   8.76  -0.34
0.36245   8.77  -0.34
0.362582   8.77  -0.34
0.362845   8.78  -0.34
0.363108   8.81  -0.34
0.363504   8.82  -0.34
0.363769   8.83  -0.34
0.364033   8.82  -0.34
0.364166   8.81  -0.34
0.364299   8.81  -0.34
0.364431   8.81  -0.34
0.364697   8.82  -0.34
0.365097   8.82  -0.34
0.365497   8.83  -0.34
0.366032   8.84  -0.34
0.3663   8.84  -0.34
0.366569   8.85  -0.34
0.366972   8.86  -0.34
0.367242   8.89  -0.34
0.367512   8.89  -0.34
0.367782   8.89  -0.34
0.368053   8.89  -0.34
0.36846   8.88  -0.34
0.368596   8.89  -0.34
0.368868   8.94  -0.34
0.36914   8.93  -0.34
0.369413   8.92  -0.34
0.369959   8.94  -0.34
0.37037   8.97  -0.34
0.37092   8.97  -0.34
0.371195   8.97  -0.34
0.371333   8.97  -0.34
0.371471   8.98  -0.34
0.371609   8.97  -0.34
0.371609   8.97  -0.34
0.371747   9  -0.34
0.371747   9.02  -0.34
0.372024   9.02  -0.34
0.372162   9.03  -0.34
0.372301   9.04  -0.34
0.372578   9.05  -0.34
0.372856   9.06  -0.34
0.373134   9.07  -0.34
0.373413   9.08  -0.34
0.373692   9.09  -0.34
0.373972   9.07  -0.34
0.374111   9.06  -0.34
0.374251   9.06  -0.34
0.374532   9.06  -0.34
0.374532   9.05  -0.34
0.374672   9.05  -0.34
0.374953   9.06  -0.34
0.375094   9.07  -0.34
0.375375   9.09  -0.34
0.375516   9.12  -0.34
0.37594   9.16  -0.34
0.376223   9.17  -0.34
0.376648   9.17  -0.34
0.377074   9.18  -0.34
0.377216   9.18  -0.34
0.377501   9.18  -0.34
0.377644   9.18  -0.34
0.377929   9.18  -0.34
0.378072   9.2  -0.34
0.378215   9.2  -0.34
0.378358   9.21  -0.34
0.378501   9.24  -0.34
0.378788   9.23  -0.34
0.378931   9.24  -0.34
0.379219   9.25  -0.34
0.379507   9.24  -0.34
0.379651   9.24  -0.34
0.379795   9.25  -0.34
0.380084   9.24  -0.34
0.380373   9.24  -0.34
0.380662   9.24  -0.34
0.380952   9.25  -0.34
0.381243   9.28  -0.34
0.381388   9.28  -0.34
0.381534   9.28  -0.34
0.381679   9.27  -0.34
0.381825   9.28  -0.34
0.381971   9.29  -0.34
0.382263   9.29  -0.34
0.382409   9.28  -0.34
0.382555   9.29  -0.34
0.382555   9.28  -0.34
0.382702   9.29  -0.34
0.382848   9.29  -0.34
0.382995   9.3  -0.34
0.383142   9.29  -0.34
0.383142   9.29  -0.34
0.383289   9.3  -0.34
0.383436   9.29  -0.34
0.383583   9.3  -0.34
0.38373   9.31  -0.34
0.383877   9.31  -0.34
0.384025   9.33  -0.34
0.384025   9.33  -0.34
0.384172   9.33  -0.34
0.38432   9.35  -0.34
0.384468   9.35  -0.34
0.384615   9.36  -0.34
0.384763   9.37  -0.34
0.38506   9.37  -0.34
0.385208   9.37  -0.34
0.385356   9.38  -0.34
0.385802   9.38  -0.34
0.3861   9.38  -0.34
0.386399   9.41  -0.34
0.386548   9.39  -0.34
0.386698   9.39  -0.34
0.386997   9.39  -0.34
0.387147   9.4  -0.34
0.387597   9.41  -0.34
0.387747   9.42  -0.34
0.388048   9.42  -0.34
0.38835   9.41  -0.34
0.3885   9.41  -0.34
0.388802   9.42  -0.34
0.389105   9.43  -0.34
0.389408   9.46  -0.34
0.389864   9.48  -0.34
0.390016   9.47  -0.34
0.390016   9.46  -0.34
0.390016   9.46  -0.34
0.390016   9.46  -0.34
0.390168   9.47  -0.34
0.39032   9.49  -0.34
0.390472   9.49  -0.34
0.390625   9.49  -0.34
0.390778   9.5  -0.34
0.39093   9.5  -0.34
0.39093   9.5  -0.34
0.391083   9.5  -0.34
0.391236   9.51  -0.34
0.391389   9.52  -0.34
0.391543   9.53  -0.34
0.391696   9.53  -0.34
0.39185   9.53  -0.34
0.392003   9.54  -0.34
0.392157   9.56  -0.34
0.392311   9.56  -0.34
0.392465   9.57  -0.34
0.392773   9.64  -0.34
0.392927   9.55  -0.34
0.393082   9.56  -0.34
0.393236   9.55  -0.34
0.393391   9.56  -0.34
0.393546   9.57  -0.34
0.393701   9.56  -0.34
0.393701   9.58  -0.34
0.393856   9.59  -0.34
0.394011   9.59  -0.34
0.394011   9.59  -0.34
0.394166   9.58  -0.34
0.394322   9.58  -0.34
0.394633   9.59  -0.34
0.394789   9.61  -0.34
0.395257   9.62  -0.34
0.395413   9.75  -0.34
0.395726   9.63  -0.34
0.395883   9.63  -0.34
0.39604   9.64  -0.34
0.396197   9.65  -0.34
0.396354   9.69  -0.34
0.396668   9.69  -0.34
0.396825   9.78  -0.34
0.397298   9.79  -0.34
0.397614   9.82  -0.34
0.397931   9.68  -0.34
0.397931   9.67  -0.34
0.397931   9.66  -0.34
0.397931   9.66  -0.34
0.398089   9.69  -0.34
0.398248   9.7  -0.34
0.398565   9.7  -0.34
0.398724   9.7  -0.34
0.399042   9.7  -0.34
0.399202   9.71  -0.34
0.399521   9.73  -0.34
0.39984   9.73  -0.34
0.39984   9.73  -0.34
0.39984   9.72  -0.34
0.4   9.73  -0.34
0.40016   9.73  -0.34
0.40032   9.73  -0.34
0.400641   9.75  -0.34
0.401123   9.78  -0.34
0.401284   9.77  -0.34
0.401284   9.76  -0.34
0.401445   9.76  -0.34
0.401606   9.79  -0.34
0.401768   9.79  -0.34
0.402091   9.78  -0.34
0.402414   9.77  -0.34
0.402739   9.8  -0.34
0.403226   9.83  -0.34
0.403714   9.83  -0.34
0.40404   9.81  -0.34
0.404367   9.81  -0.34
0.404694   9.81  -0.34
0.404858   9.82  -0.34
0.404858   9.81  -0.34
0.405186   9.82  -0.34
0.405351   9.81  -0.34
0.405515   9.83  -0.34
0.40568   9.86  -0.34
0.406174   9.86  -0.34
0.406504   9.86  -0.34
0.406504   9.86  -0.34
0.406669   9.86  -0.34
0.407   9.88  -0.34
0.407498   9.89  -0.34
0.40783   9.9  -0.34
0.40833   9.91  -0.34
0.408664   9.9  -0.34
0.408998   9.92  -0.34
0.409333   9.92  -0.34
0.409836   9.93  -0.34
0.410004   9.93  -0.34
0.410341   9.94  -0.34
0.410846   9.98  -0.34
0.411353   9.97  -0.34
0.411523   9.97  -0.34
0.411692   9.97  -0.34
0.411862   10  -0.34
0.412201   10.01  -0.34
0.412712   10.02  -0.34
0.413052   10.02  -0.34
0.413223   10.04  -0.34
0.413394   10.05  -0.34
0.413907   10.06  -0.34
0.414422   10.08  -0.34
0.414766   10.07  -0.34
0.414938   10.05  -0.34
0.414938   10.04  -0.34
0.414938   10.04  -0.34
0.41511   10.09  -0.34
0.415455   10.09  -0.34
0.415628   10.12  -0.34
0.4158   10.13  -0.33
0.4158   10.15  -0.34
0.415973   10.14  -0.33
0.41632   10.12  -0.33
0.416493   10.12  -0.34
0.416493   10.11  -0.33
0.416667   10.12  -0.34
0.417014   10.12  -0.33
0.417188   10.12  -0.34
0.417362   10.15  -0.33
0.417711   10.16  -0.34
0.41806   10.19  -0.33
0.41841   10.18  -0.33
0.418585   10.2  -0.33
0.41876   10.2  -0.33
0.418936   10.2  -0.33
0.418936   10.2  -0.33
0.419111   10.2  -0.33
0.419287   10.2  -0.33
0.419463   10.2  -0.33
0.419639   10.21  -0.34
0.419815   10.21  -0.33
0.419992   10.21  -0.33
0.420345   10.22  -0.33
0.420345   10.22  -0.33
0.420698   10.22  -0.33
0.420875   10.23  -0.33
0.42123   10.24  -0.33
0.421408   10.23  -0.33
0.421408   10.23  -0.33
0.421408   10.24  -0.33
0.421941   10.26  -0.33
0.422476   10.25  -0.33
0.422476   10.24  -0.33
0.422476   10.24  -0.33
0.422476   10.23  -0.33
0.422654   10.25  -0.33
0.422833   10.25  -0.33
0.423012   10.25  -0.33
0.423191   10.25  -0.33
0.423549   10.25  -0.33
0.423908   10.26  -0.33
0.424088   10.27  -0.33
0.424268   10.27  -0.33
0.424448   10.28  -0.33
0.424809   10.29  -0.33
0.42517   10.29  -0.33
0.425351   10.29  -0.33
0.425532   10.28  -0.33
0.425713   10.29  -0.33
0.425894   10.3  -0.33
0.426257   10.29  -0.33
0.426439   10.3  -0.33
0.426439   10.31  -0.33
0.426621   10.32  -0.33
0.426621   10.32  -0.33
0.426803   10.32  -0.33
0.426803   10.32  -0.33
0.426803   10.32  -0.33
0.426985   10.32  -0.33
0.426985   10.33  -0.33
0.427168   10.36  -0.33
0.427533   10.37  -0.33
0.427899   10.37  -0.33
0.428082   10.37  -0.33
0.428266   10.38  -0.33
0.428816   10.38  -0.33
0.429185   10.39  -0.33
0.429553   10.38  -0.33
0.429738   10.39  -0.33
0.430108   10.39  -0.33
0.430293   10.39  -0.33
0.430663   10.39  -0.33
0.431034   10.4  -0.33
0.431406   10.42  -0.33
0.431779   10.42  -0.33
0.431965   10.43  -0.33
0.432152   10.44  -0.33
0.432339   10.45  -0.33
0.432526   10.48  -0.33
0.4329   10.49  -0.33
0.433276   10.48  -0.33
0.433276   10.48  -0.34
0.433463   10.49  -0.33
0.433463   10.49  -0.34
0.433651   10.49  -0.33
0.433651   10.5  -0.34
0.433651   10.52  -0.33
0.434028   10.51  -0.34
0.434405   10.5  -0.33
0.434783   10.5  -0.33
0.434972   10.5  -0.34
0.435161   10.5  -0.33
0.43535   10.5  -0.34
0.43535   10.5  -0.34
0.43535   10.51  -0.34
0.43573   10.52  -0.33
0.43592   10.53  -0.34
0.4363   10.55  -0.34
0.436681   10.57  -0.34
0.436681   10.58  -0.33
0.436872   10.58  -0.33
0.436872   10.58  -0.34
0.437063   10.6  -0.34
0.437254   10.61  -0.34
0.437637   10.63  -0.34
0.437828   10.65  -0.34
0.438212   10.67  -0.34
0.438404   10.66  -0.34
0.438596   10.66  -0.34
0.438596   10.66  -0.34
0.439174   10.68  -0.34
0.440141   10.69  -0.34
0.440529   10.69  -0.34
0.440723   10.69  -0.34
0.441306   10.69  -0.33
0.441696   10.68  -0.34
0.441696   10.68  -0.34
0.441696   10.69  -0.34
0.442087   10.69  -0.34
0.442087   10.69  -0.34
0.442282   10.69  -0.34
0.442282   10.7  -0.34
0.442478   10.7  -0.34
0.442674   10.7  -0.34
0.44287   10.7  -0.34
0.443066   10.7  -0.34
0.443262   10.71  -0.34
0.443459   10.71  -0.34
0.443656   10.71  -0.34
0.44405   10.71  -0.34
0.444247   10.72  -0.34
0.444642   10.73  -0.34
0.445038   10.73  -0.34
0.445434   10.73  -0.34
0.445633   10.73  -0.34
0.44603   10.74  -0.34
0.446429   10.75  -0.34
0.446828   10.8  -0.34
0.447227   10.8  -0.34
0.447628   10.81  -0.34
0.447828   10.82  -0.34
0.448029   10.83  -0.34
0.448229   10.85  -0.34
0.448632   10.87  -0.34
0.449035   10.9  -0.34
0.449236   10.91  -0.34
0.449843   10.91  -0.34
0.450248   10.92  -0.34
0.45045   10.93  -0.34
0.450857   10.93  -0.34
0.451264   10.95  -0.34
0.451671   10.96  -0.34
0.45208   10.98  -0.34
0.452489   10.99  -0.34
0.452489   10.99  -0.34
0.452694   11  -0.34
0.452899   11.01  -0.34
0.452899   11.01  -0.34
0.453104   11.01  -0.34
0.453309   11.01  -0.34
0.453515   11.02  -0.34
0.453926   11.04  -0.34
0.454339   11.04  -0.34
0.454545   11.04  -0.33
0.454959   11.05  -0.33
0.455166   11.06  -0.34
0.455166   11.06  -0.34
0.455166   11.06  -0.33
0.455166   11.07  -0.34
0.455373   11.07  -0.34
0.455581   11.08  -0.33
0.455996   11.09  -0.33
0.456204   11.09  -0.33
0.456413   11.09  -0.33
0.456621   11.1  -0.33
0.45683   11.11  -0.34
0.457666   11.13  -0.33
0.458085   11.13  -0.33
0.458085   11.13  -0.33
0.458085   11.13  -0.33
0.458085   11.14  -0.33
0.458505   11.16  -0.33
0.459137   11.17  -0.33
0.459559   11.19  -0.33
0.45977   11.18  -0.33
0.460193   11.2  -0.33
0.460829   11.23  -0.33
0.461042   11.23  -0.33
0.461255   11.24  -0.33
0.461467   11.23  -0.33
0.461681   11.23  -0.33
0.461681   11.23  -0.33
0.461894   11.24  -0.33
0.462107   11.25  -0.33
0.462107   11.26  -0.33
0.462535   11.27  -0.33
0.462749   11.28  -0.33
0.463177   11.28  -0.33
0.463392   11.29  -0.33
0.463607   11.3  -0.33
0.464037   11.33  -0.33
0.464468   11.33  -0.33
0.464684   11.33  -0.33
0.4649   11.34  -0.33
0.4649   11.34  -0.33
0.465116   11.35  -0.33
0.465333   11.35  -0.33
0.465549   11.35  -0.33
0.465766   11.36  -0.33
0.465983   11.36  -0.33
0.466418   11.37  -0.33
0.466853   11.38  -0.33
0.46729   11.4  -0.33
0.467727   11.4  -0.33
0.468165   11.41  -0.33
0.468384   11.42  -0.33
0.468823   11.42  -0.33
0.469043   11.44  -0.33
0.469484   11.44  -0.33
0.469925   11.45  -0.33
0.470146   11.46  -0.33
0.470588   11.48  -0.33
0.47081   11.49  -0.33
0.471254   11.49  -0.33
0.471476   11.5  -0.33
0.471921   11.5  -0.33
0.472144   11.51  -0.33
0.47259   11.52  -0.33
0.473037   11.53  -0.33
0.473485   11.54  -0.33
0.473709   11.55  -0.33
0.474158   11.56  -0.33
0.474383   11.56  -0.33
0.474383   11.56  -0.33
0.474383   11.56  -0.33
0.474608   11.57  -0.33
0.475059   11.58  -0.33
0.475285   11.59  -0.33
0.475737   11.75  -0.33
0.475964   11.63  -0.33
0.47619   11.62  -0.33
0.476644   11.64  -0.33
0.476644   11.64  -0.33
0.477099   11.64  -0.33
0.477327   11.65  -0.33
0.477555   11.66  -0.33
0.477783   11.66  -0.33
0.478011   11.79  -0.33
0.478011   11.72  -0.33
0.47824   11.76  -0.33
0.478469   11.72  -0.33
0.478698   11.69  -0.33
0.478927   11.71  -0.33
0.479157   11.71  -0.33
0.479157   11.76  -0.33
0.479386   11.74  -0.33
0.479386   11.74  -0.33
0.479386   11.75  -0.33
0.479616   11.71  -0.33
0.479846   11.72  -0.33
0.479846   11.72  -0.33
0.480077   11.72  -0.33
0.480307   11.73  -0.33
0.480538   11.74  -0.33
0.480769   11.75  -0.33
0.481   11.75  -0.33
0.481232   11.76  -0.33
0.481464   11.76  -0.33
0.481464   11.77  -0.33
0.481696   11.77  -0.33
0.481928   11.77  -0.33
0.48216   11.77  -0.33
0.482393   11.77  -0.33
0.482625   11.79  -0.34
0.483092   11.81  -0.34
0.483325   11.82  -0.33
0.483559   11.82  -0.34
0.483793   11.82  -0.34
0.484027   11.83  -0.34
0.484262   11.83  -0.34
0.484262   11.84  -0.34
0.484496   11.83  -0.34
0.484731   11.83  -0.34
0.484966   11.84  -0.34
0.485201   11.85  -0.34
0.485437   11.86  -0.34
0.485673   11.86  -0.34
0.486145   11.86  -0.34
0.486381   11.87  -0.34
0.486618   11.87  -0.34
0.486855   11.88  -0.34
0.487092   11.88  -0.34
0.487329   11.89  -0.34
0.487329   11.89  -0.34
0.487567   11.9  -0.34
0.487805   11.9  -0.34
0.487805   11.91  -0.34
0.487805   11.91  -0.34
0.488043   11.92  -0.34
0.488281   11.92  -0.34
0.488281   11.92  -0.34
0.48852   11.93  -0.34
0.488759   11.94  -0.34
0.488998   11.94  -0.34
0.489237   11.95  -0.34
0.489476   11.95  -0.34
0.489716   11.96  -0.34
0.489956   11.96  -0.34
0.490196   11.97  -0.34
0.490436   11.97  -0.34
0.490677   11.97  -0.34
0.490918   11.98  -0.34
0.490918   11.98  -0.34
0.491159   11.98  -0.34
0.491159   11.99  -0.34
0.4914   12  -0.34
0.491642   12  -0.34
0.491642   12  -0.34
0.491884   12  -0.34
0.491884   12  -0.34
0.492126   12.01  -0.34
0.492126   12.01  -0.34
0.492368   12.01  -0.34
0.492368   12.01  -0.34
0.492368   12.01  -0.34
0.492611   12.01  -0.34
0.492611   12.02  -0.34
0.492854   12.02  -0.34
0.493097   12.03  -0.34
0.493097   12.03  -0.34
0.493097   12.03  -0.34
0.49334   12.04  -0.34
0.49334   12.04  -0.34
0.493583   12.04  -0.34
0.493583   12.04  -0.34
0.493827   12.05  -0.34
0.493827   12.05  -0.34
0.494071   12.05  -0.34
0.494071   12.06  -0.34
0.494315   12.06  -0.34
0.494315   12.06  -0.34
0.49456   12.07  -0.34
0.49456   12.07  -0.34
0.494805   12.07  -0.34
0.494805   12.08  -0.34
0.49505   12.08  -0.34
0.49505   12.08  -0.34
0.495295   12.08  -0.34
0.495295   12.09  -0.34
0.49554   12.09  -0.34
0.49554   12.1  -0.34
0.495786   12.1  -0.34
0.495786   12.1  -0.34
0.495786   12.1  -0.34
0.496032   12.1  -0.34
0.496032   12.11  -0.34
0.496278   12.12  -0.34
0.496278   12.12  -0.34
0.496278   12.12  -0.34
0.496524   12.12  -0.34
0.496524   12.13  -0.34
0.496524   12.13  -0.34
0.496771   12.14  -0.34
0.496771   12.14  -0.34
0.497018   12.14  -0.34
0.497018   12.14  -0.34
0.497018   12.14  -0.34
0.497265   12.15  -0.34
0.497265   12.15  -0.34
0.497512   12.16  -0.34
0.497512   12.16  -0.34
0.49776   12.16  -0.34
0.49776   12.16  -0.34
0.498008   12.16  -0.34
0.498008   12.16  -0.34
0.498256   12.17  -0.34
0.498256   12.17  -0.34
0.498504   12.17  -0.34
0.498504   12.17  -0.34
0.498504   12.18  -0.34
0.498753   12.18  -0.34
0.498753   12.18  -0.34
0.498753   12.19  -0.34
0.499002   12.19  -0.34
0.499002   12.19  -0.34
0.499251   12.19  -0.34
0.499251   12.19  -0.34
0.4995   12.19  -0.34
0.49975   12.2  -0.34
0.49975   12.21  -0.34
0.5   12.22  -0.34
0.5   12.22  -0.34
0.50025   12.22  -0.34
0.500501   12.23  -0.34
0.500501   12.23  -0.34
0.500501   12.23  -0.34
0.500751   12.23  -0.34
0.500751   12.23  -0.34
0.501002   12.23  -0.34
0.501002   12.23  -0.34
0.501002   12.24  -0.34
0.501002   12.24  -0.34
0.501253   12.24  -0.34
0.501253   12.24  -0.34
0.501253   12.24  -0.34
0.501505   12.25  -0.34
0.501505   12.25  -0.34
0.501756   12.26  -0.34
0.501756   12.27  -0.34
0.502008   12.27  -0.34
0.502008   12.27  -0.34
0.50226   12.27  -0.34
0.50226   12.27  -0.34
0.502513   12.27  -0.34
0.502513   12.27  -0.34
0.502765   12.28  -0.34
0.503018   12.28  -0.34
0.503018   12.29  -0.34
0.503271   12.3  -0.34
0.503525   12.3  -0.34
0.503778   12.32  -0.34
0.504032   12.33  -0.34
0.504286   12.33  -0.34
0.504541   12.33  -0.34
0.504541   12.33  -0.34
0.504796   12.34  -0.34
0.505051   12.34  -0.34
0.505051   12.35  -0.34
0.505306   12.35  -0.34
0.505561   12.36  -0.34
0.505561   12.35  -0.34
0.505817   12.35  -0.34
0.505817   12.36  -0.34
0.506073   12.36  -0.34
0.506073   12.36  -0.34
0.506329   12.37  -0.34
0.506329   12.37  -0.34
0.506586   12.38  -0.34
0.506586   12.38  -0.34
0.506842   12.39  -0.34
0.507099   12.39  -0.34
0.507357   12.4  -0.34
0.507357   12.4  -0.34
0.507614   12.41  -0.34
0.507872   12.42  -0.34
0.50813   12.42  -0.34
0.508388   12.42  -0.34
0.508647   12.43  -0.34
0.508906   12.43  -0.34
0.509165   12.44  -0.34
0.509424   12.44  -0.34
0.509424   12.45  -0.34
0.509684   12.46  -0.34
0.509944   12.46  -0.34
0.509944   12.46  -0.34
0.510204   12.47  -0.34
0.510465   12.47  -0.34
0.510465   12.48  -0.34
0.510725   12.48  -0.34
0.510725   12.48  -0.34
0.511247   12.48  -0.34
0.511509   12.49  -0.34
0.511509   12.49  -0.34
0.511771   12.5  -0.34
0.512033   12.5  -0.34
0.512295   12.51  -0.34
0.512295   12.51  -0.34
0.512558   12.52  -0.35
0.512821   12.52  -0.34
0.513084   12.53  -0.35
0.513347   12.53  -0.35
0.513611   12.54  -0.34
0.513875   12.54  -0.35
0.514139   12.55  -0.35
0.514403   12.55  -0.35
0.514403   12.55  -0.34
0.514668   12.56  -0.35
0.514933   12.57  -0.35
0.514933   12.57  -0.35
0.515198   12.57  -0.35
0.515464   12.58  -0.34
0.515464   12.59  -0.34
0.51573   12.6  -0.35
0.515996   12.61  -0.35
0.516262   12.61  -0.35
0.516529   12.62  -0.35
0.516529   12.62  -0.35
0.516796   12.62  -0.35
0.517063   12.62  -0.35
0.517063   12.62  -0.35
0.517331   12.63  -0.35
0.517598   12.64  -0.35
0.517866   12.65  -0.35
0.517866   12.66  -0.35
0.518135   12.67  -0.35
0.518403   12.67  -0.35
0.518672   12.66  -0.35
0.518941   12.67  -0.35
0.519211   12.68  -0.35
0.519481   12.69  -0.35
0.519751   12.69  -0.35
0.519751   12.69  -0.35
0.519751   12.69  -0.35
0.520021   12.7  -0.35
0.520021   12.7  -0.35
0.520021   12.7  -0.35
0.520291   12.71  -0.35
0.520562   12.72  -0.35
0.520562   12.73  -0.35
0.520833   12.73  -0.35
0.520833   12.73  -0.35
0.520833   12.74  -0.35
0.521105   12.75  -0.35
0.521376   12.75  -0.35
0.521376   12.75  -0.35
0.521648   12.75  -0.35
0.521921   12.75  -0.35
0.522193   12.76  -0.35
0.522193   12.76  -0.35
0.522466   12.76  -0.35
0.522739   12.76  -0.35
0.522739   12.77  -0.35
0.523013   12.79  -0.35
0.523286   12.79  -0.35
0.52356   12.8  -0.35
0.52356   12.8  -0.35
0.523834   12.8  -0.35
0.524109   12.81  -0.35
0.524384   12.81  -0.35
0.524384   12.81  -0.35
0.524659   12.81  -0.35
0.524934   12.82  -0.35
0.524934   12.83  -0.35
0.52521   12.83  -0.35
0.52521   12.84  -0.35
0.525486   12.84  -0.35
0.525486   12.84  -0.35
0.525486   12.84  -0.35
0.525762   12.85  -0.35
0.525762   12.86  -0.35
0.526039   12.86  -0.35
0.526316   12.87  -0.35
0.526316   12.87  -0.35
0.526593   12.87  -0.35
0.526593   12.88  -0.35
0.52687   12.88  -0.35
0.52687   12.88  -0.35
0.527148   12.88  -0.35
0.527148   12.89  -0.35
0.527426   12.89  -0.35
0.527704   12.9  -0.35
0.527704   12.9  -0.35
0.527983   12.9  -0.35
0.528262   12.91  -0.35
0.528541   12.91  -0.35
0.528821   12.92  -0.35
0.528821   12.92  -0.35
0.529101   12.92  -0.35
0.529101   12.93  -0.35
0.529381   12.92  -0.35
0.529381   12.93  -0.35
0.529381   12.93  -0.35
0.529381   12.94  -0.35
0.529661   12.94  -0.35
0.529661   12.94  -0.35
0.529942   12.94  -0.35
0.529942   12.95  -0.35
0.530223   12.95  -0.35
0.530223   12.95  -0.35
0.530504   12.95  -0.35
0.530504   12.96  -0.35
0.530786   12.96  -0.35
0.531067   12.97  -0.35
0.531067   12.98  -0.35
0.53135   12.99  -0.35
0.531632   12.99  -0.35
0.531915   12.99  -0.35
0.531915   12.99  -0.35
0.532198   13  -0.35
0.532481   13.01  -0.35
0.532481   13.01  -0.35
0.532765   13.02  -0.35
0.533049   13.03  -0.35
0.533333   13.03  -0.35
0.533333   13.05  -0.35
0.533618   13.05  -0.35
0.533903   13.05  -0.35
0.534188   13.06  -0.35
0.534188   13.06  -0.35
0.534474   13.06  -0.35
0.534759   13.07  -0.35
0.534759   13.07  -0.35
0.535045   13.08  -0.35
0.535332   13.08  -0.35
0.535332   13.08  -0.35
0.535619   13.09  -0.35
0.535619   13.09  -0.35
0.535619   13.09  -0.35
0.535906   13.09  -0.35
0.536193   13.1  -0.35
0.536193   13.1  -0.35
0.536481   13.11  -0.35
0.536481   13.11  -0.35
0.536769   13.11  -0.35
0.536769   13.11  -0.35
0.537057   13.13  -0.35
0.537346   13.13  -0.35
0.537346   13.13  -0.35
0.537634   13.14  -0.35
0.537924   13.14  -0.35
0.537924   13.14  -0.35
0.537924   13.14  -0.35
0.538213   13.15  -0.35
0.538213   13.15  -0.35
0.538213   13.16  -0.35
0.538503   13.16  -0.35
0.538503   13.16  -0.35
0.538793   13.16  -0.35
0.539084   13.17  -0.35
0.539084   13.17  -0.35
0.539374   13.19  -0.35
0.539665   13.2  -0.35
0.539957   13.2  -0.35
0.540249   13.21  -0.35
0.540249   13.22  -0.35
0.540541   13.22  -0.35
0.540833   13.22  -0.35
0.541126   13.23  -0.35
0.541419   13.23  -0.35
0.541712   13.25  -0.35
0.542005   13.26  -0.35
0.542299   13.27  -0.35
0.542594   13.28  -0.35
0.542594   13.28  -0.35
0.542888   13.29  -0.35
0.543183   13.29  -0.35
0.543478   13.29  -0.35
0.543774   13.3  -0.35
0.54407   13.31  -0.35
0.54407   13.32  -0.35
0.544366   13.32  -0.35
0.544662   13.32  -0.35
0.544959   13.33  -0.35
0.545256   13.34  -0.35
0.545256   13.34  -0.35
0.545554   13.35  -0.35
0.545852   13.35  -0.35
0.545852   13.35  -0.35
0.54615   13.37  -0.35
0.546448   13.37  -0.35
0.546448   13.38  -0.35
0.546747   13.38  -0.35
0.546747   13.38  -0.35
0.547046   13.39  -0.35
0.547046   13.39  -0.35
0.547345   13.39  -0.35
0.547345   13.39  -0.35
0.547645   13.4  -0.35
0.547645   13.4  -0.35
0.547945   13.4  -0.35
0.548246   13.4  -0.35
0.548246   13.41  -0.35
0.548546   13.41  -0.35
0.548847   13.42  -0.35
0.548847   13.42  -0.35
0.549149   13.43  -0.35
0.549451   13.44  -0.35
0.549753   13.44  -0.35
0.549753   13.44  -0.35
0.550055   13.45  -0.35
0.550358   13.46  -0.35
0.550661   13.47  -0.35
0.550661   13.47  -0.35
0.550964   13.47  -0.35
0.551268   13.48  -0.35
0.551268   13.49  -0.35
0.551572   13.49  -0.35
0.551572   13.49  -0.35
0.551572   13.49  -0.35
0.551876   13.5  -0.35
0.551876   13.5  -0.35
0.552181   13.51  -0.35
0.552181   13.51  -0.35
0.552486   13.52  -0.35
0.552486   13.52  -0.35
0.552792   13.53  -0.35
0.553097   13.53  -0.35
0.553097   13.53  -0.35
0.553097   13.53  -0.35
0.553403   13.53  -0.35
0.553403   13.53  -0.35
0.55371   13.54  -0.35
0.55371   13.55  -0.35
0.55371   13.55  -0.35
0.554017   13.55  -0.35
0.554017   13.56  -0.35
0.554324   13.56  -0.35
0.554324   13.56  -0.35
0.554324   13.56  -0.35
0.554324   13.57  -0.35
0.554631   13.57  -0.35
0.554631   13.57  -0.35
0.554631   13.57  -0.35
0.554631   13.57  -0.35
0.554939   13.58  -0.35
0.554939   13.58  -0.35
0.555247   13.58  -0.35
0.555247   13.58  -0.35
0.555247   13.58  -0.35
0.555556   13.59  -0.35
0.555864   13.6  -0.35
0.555864   13.6  -0.35
0.556174   13.61  -0.35
0.556483   13.61  -0.35
0.556483   13.62  -0.35
0.556793   13.62  -0.35
0.557103   13.63  -0.35
0.557103   13.64  -0.35
0.557414   13.64  -0.35
0.557724   13.64  -0.35
0.557724   13.65  -0.35
0.558036   13.65  -0.35
0.558347   13.66  -0.35
0.558659   13.67  -0.35
0.558659   13.67  -0.35
0.558971   13.67  -0.35
0.559284   13.68  -0.35
0.559597   13.7  -0.35
0.55991   13.7  -0.35
0.560224   13.71  -0.35
0.560538   13.72  -0.35
0.560852   13.72  -0.35
0.560852   13.72  -0.35
0.561167   13.73  -0.35
0.561167   13.74  -0.35
0.561167   13.74  -0.35
0.561482   13.75  -0.35
0.561482   13.75  -0.35
0.561798   13.75  -0.35
0.562114   13.76  -0.35
0.562114   13.76  -0.35
0.56243   13.77  -0.35
0.56243   13.77  -0.35
0.562746   13.78  -0.35
0.563063   13.79  -0.35
0.563063   13.8  -0.35
0.56338   13.8  -0.35
0.563698   13.8  -0.35
0.564016   13.8  -0.35
0.564016   13.81  -0.35
0.564334   13.82  -0.35
0.564653   13.82  -0.35
0.564653   13.82  -0.35
0.564653   13.83  -0.35
0.564972   13.83  -0.35
0.564972   13.83  -0.35
0.565291   13.83  -0.35
0.565291   13.84  -0.35
0.565611   13.85  -0.35
0.565611   13.85  -0.35
0.565931   13.86  -0.35
0.565931   13.86  -0.35
0.566251   13.86  -0.35
0.566251   13.87  -0.35
0.566572   13.87  -0.35
0.566893   13.88  -0.35
0.566893   13.88  -0.35
0.567215   13.88  -0.35
0.567537   13.89  -0.35
0.567537   13.89  -0.35
0.567859   13.9  -0.35
0.567859   13.9  -0.35
0.568182   13.9  -0.35
0.568182   13.91  -0.35
0.568505   13.91  -0.35
0.568828   13.91  -0.35
0.568828   13.92  -0.35
0.569152   13.92  -0.35
0.569152   13.93  -0.35
0.569476   13.93  -0.35
0.569476   13.93  -0.35
0.569801   13.94  -0.35
0.569801   13.95  -0.35
0.569801   13.95  -0.35
0.570125   13.96  -0.35
0.570125   13.97  -0.35
0.570451   13.97  -0.35
0.570451   13.97  -0.35
0.570776   13.97  -0.35
0.570776   13.97  -0.35
0.571102   13.97  -0.35
0.571102   13.98  -0.35
0.571429   13.99  -0.35
0.571429   13.99  -0.35
0.571755   13.99  -0.35
0.571755   13.99  -0.35
0.572082   14  -0.35
0.572082   14.01  -0.35
0.57241   14.01  -0.35
0.57241   14.01  -0.35
0.572738   14.02  -0.35
0.572738   14.03  -0.35
0.573066   14.03  -0.35
0.573066   14.03  -0.35
0.573394   14.04  -0.35
0.573394   14.05  -0.35
0.573723   14.05  -0.35
0.573723   14.05  -0.35
0.574053   14.06  -0.35
0.574053   14.07  -0.35
0.574383   14.07  -0.35
0.574713   14.07  -0.35
0.574713   14.08  -0.35
0.575043   14.09  -0.35
0.575043   14.09  -0.35
0.575374   14.09  -0.35
0.575374   14.1  -0.35
0.575705   14.11  -0.35
0.575705   14.11  -0.35
0.575705   14.11  -0.35
0.576037   14.11  -0.35
0.576037   14.11  -0.35
0.576037   14.11  -0.35
0.576369   14.12  -0.35
0.576701   14.13  -0.35
0.576701   14.13  -0.35
0.576701   14.13  -0.35
0.577034   14.14  -0.35
0.577367   14.14  -0.35
0.577701   14.15  -0.35
0.577701   14.15  -0.35
0.578035   14.16  -0.35
0.578369   14.16  -0.35
0.578369   14.16  -0.35
0.578704   14.17  -0.35
0.578704   14.19  -0.35
0.579039   14.19  -0.35
0.579039   14.2  -0.35
0.579374   14.2  -0.35
0.579374   14.2  -0.35
0.57971   14.21  -0.35
0.580046   14.21  -0.35
0.580046   14.22  -0.35
0.580046   14.22  -0.35
0.580383   14.22  -0.35
0.580383   14.22  -0.35
0.58072   14.23  -0.35
0.581058   14.24  -0.35
0.581058   14.24  -0.35
0.581058   14.24  -0.35
0.581395   14.25  -0.35
0.581395   14.26  -0.35
0.581734   14.26  -0.35
0.581734   14.26  -0.35
0.582072   14.27  -0.35
0.582411   14.28  -0.35
0.582411   14.28  -0.35
0.582751   14.28  -0.35
0.58309   14.29  -0.35
0.58309   14.3  -0.35
0.58309   14.3  -0.35
0.58309   14.3  -0.35
0.583431   14.3  -0.35
0.583431   14.3  -0.35
0.583771   14.3  -0.35
0.583771   14.31  -0.35
0.584112   14.32  -0.35
0.584112   14.32  -0.35
0.584454   14.32  -0.35
0.584454   14.33  -0.35
0.584795   14.34  -0.35
0.585138   14.34  -0.35
0.585138   14.34  -0.35
0.58548   14.35  -0.35
0.58548   14.36  -0.35
0.585823   14.36  -0.35
0.585823   14.36  -0.35
0.586166   14.37  -0.35
0.586166   14.37  -0.35
0.58651   14.38  -0.35
0.58651   14.38  -0.35
0.586854   14.39  -0.35
0.587199   14.4  -0.35
0.587199   14.4  -0.35
0.587544   14.4  -0.35
0.587889   14.4  -0.35
0.587889   14.41  -0.35
0.588235   14.42  -0.35
0.588235   14.42  -0.35
0.588235   14.42  -0.35
0.588582   14.42  -0.35
0.588582   14.43  -0.35
0.588928   14.43  -0.35
0.588928   14.44  -0.35
0.589275   14.44  -0.35
0.589275   14.44  -0.35
0.589623   14.44  -0.35
0.589623   14.45  -0.35
0.589971   14.45  -0.35
0.589971   14.46  -0.35
0.589971   14.46  -0.35
0.590319   14.46  -0.35
0.590319   14.46  -0.35
0.590667   14.47  -0.35
0.590667   14.48  -0.35
0.591017   14.48  -0.35
0.591017   14.48  -0.35
0.591366   14.49  -0.35
0.591366   14.49  -0.35
0.591366   14.5  -0.35
0.591716   14.5  -0.35
0.592066   14.5  -0.35
0.592066   14.51  -0.35
0.592417   14.51  -0.35
0.592417   14.52  -0.35
0.592768   14.52  -0.35
0.592768   14.52  -0.35
0.59312   14.53  -0.35
0.59312   14.54  -0.35
0.593472   14.54  -0.35
0.593472   14.54  -0.35
0.593824   14.54  -0.35
0.593824   14.55  -0.35
0.594177   14.56  -0.35
0.594177   14.56  -0.35
0.59453   14.56  -0.35
0.59453   14.57  -0.35
0.594884   14.58  -0.35
0.594884   14.58  -0.35
0.595238   14.58  -0.35
0.595238   14.58  -0.35
0.595593   14.59  -0.35
0.595593   14.6  -0.35
0.595948   14.61  -0.35
0.596303   14.61  -0.35
0.596303   14.62  -0.35
0.596303   14.62  -0.35
0.596659   14.62  -0.35
0.596659   14.62  -0.35
0.597015   14.64  -0.35
0.597015   14.64  -0.35
0.597372   14.64  -0.35
0.598086   14.65  -0.35
0.598086   14.66  -0.35
0.598444   14.66  -0.35
0.598444   14.68  -0.35
0.598802   14.68  -0.35
0.599161   14.68  -0.35
0.599161   14.69  -0.35
0.59952   14.7  -0.35
0.59952   14.7  -0.35
0.59988   14.7  -0.35
0.59988   14.7  -0.35
0.60024   14.71  -0.35
0.60024   14.71  -0.35
0.600601   14.72  -0.35
0.600601   14.73  -0.35
0.600962   14.73  -0.35
0.600962   14.73  -0.35
0.601323   14.74  -0.35
0.601323   14.75  -0.35
0.601685   14.75  -0.35
0.602047   14.76  -0.35
0.602047   14.77  -0.35
0.60241   14.77  -0.35
0.60241   14.77  -0.35
0.602773   14.77  -0.35
0.602773   14.79  -0.35
0.603136   14.79  -0.35
0.603136   14.79  -0.35
0.6035   14.79  -0.35
0.6035   14.79  -0.35
0.603865   14.8  -0.35
0.603865   14.81  -0.35
0.603865   14.81  -0.35
0.603865   14.81  -0.35
0.60423   14.81  -0.35
0.604595   14.83  -0.35
0.604595   14.83  -0.35
0.604961   14.83  -0.35
0.604961   14.83  -0.35
0.605327   14.83  -0.35
0.605327   14.83  -0.35
0.605694   14.84  -0.35
0.605694   14.85  -0.35
0.606061   14.85  -0.35
0.606428   14.86  -0.35
0.606796   14.87  -0.35
0.607165   14.87  -0.35
0.607533   14.89  -0.35
0.607533   14.89  -0.35
0.607903   14.9  -0.35
0.607903   14.9  -0.35
0.607903   14.91  -0.35
0.608273   14.91  -0.35
0.608273   14.91  -0.35
0.608643   14.91  -0.35
0.608643   14.91  -0.35
0.609013   14.92  -0.35
0.609013   14.93  -0.35
0.609013   14.93  -0.35
0.609385   14.93  -0.35
0.609385   14.93  -0.35
0.609385   14.94  -0.35
0.609756   14.94  -0.35
0.609756   14.95  -0.35
0.609756   14.95  -0.35
0.609756   14.95  -0.35
0.610128   14.95  -0.35
0.610128   14.95  -0.35
0.610501   14.96  -0.35
0.610874   14.96  -0.35
0.610874   14.97  -0.35
0.611247   14.98  -0.35
0.611247   14.98  -0.35
0.611621   14.99  -0.35
0.611995   14.99  -0.35
0.611995   15  -0.35
0.61237   15  -0.35
0.61237   15  -0.35
0.612745   15  -0.35
0.612745   15.01  -0.35
0.612745   15.02  -0.35
0.613121   15.02  -0.35
0.613121   15.02  -0.35
0.613497   15.02  -0.35
0.613497   15.03  -0.35
0.613497   15.04  -0.35
0.613874   15.04  -0.35
0.613874   15.04  -0.35
0.613874   15.05  -0.35
0.614251   15.06  -0.35
0.614628   15.06  -0.35
0.614628   15.07  -0.35
0.615006   15.08  -0.35
0.615006   15.08  -0.35
0.615006   15.09  -0.35
0.615385   15.09  -0.35
0.615764   15.1  -0.35
0.615764   15.1  -0.35
0.615764   15.1  -0.35
0.616143   15.1  -0.35
0.616143   15.1  -0.35
0.616143   15.11  -0.35
0.616523   15.11  -0.35
0.616903   15.12  -0.35
0.616903   15.12  -0.35
0.616903   15.12  -0.35
0.617284   15.13  -0.35
0.617284   15.13  -0.35
0.617665   15.15  -0.35
0.617665   15.15  -0.35
0.618047   15.16  -0.35
0.618047   15.16  -0.35
0.618429   15.17  -0.35
0.618429   15.17  -0.35
0.618429   15.17  -0.35
0.618812   15.17  -0.35
0.618812   15.17  -0.35
0.618812   15.18  -0.35
0.618812   15.18  -0.35
0.619195   15.18  -0.35
0.619195   15.19  -0.35
0.619195   15.19  -0.35
0.619579   15.19  -0.35
0.619579   15.2  -0.35
0.619963   15.21  -0.35
0.619963   15.21  -0.35
0.619963   15.21  -0.35
0.620347   15.21  -0.35
0.620347   15.22  -0.35
0.620732   15.23  -0.35
0.620732   15.23  -0.35
0.620732   15.23  -0.35
0.621118   15.23  -0.35
0.621118   15.23  -0.35
0.621118   15.23  -0.35
0.621504   15.24  -0.35
0.621504   15.25  -0.35
0.621891   15.25  -0.35
0.621891   15.26  -0.35
0.622278   15.26  -0.35
0.622665   15.27  -0.35
0.623053   15.27  -0.35
0.623053   15.28  -0.35
0.623441   15.29  -0.35
0.623441   15.29  -0.35
0.62383   15.3  -0.35
0.62383   15.3  -0.35
0.62422   15.3  -0.35
0.62422   15.31  -0.35
0.62461   15.31  -0.35
0.62461   15.32  -0.35
0.625   15.32  -0.35
0.625   15.34  -0.35
0.625391   15.34  -0.35
0.625391   15.34  -0.35
0.625782   15.34  -0.35
0.626174   15.35  -0.35
0.626174   15.35  -0.35
0.626174   15.36  -0.35
0.626566   15.36  -0.35
0.626566   15.36  -0.35
0.626566   15.37  -0.35
0.626959   15.37  -0.35
0.626959   15.38  -0.35
0.627353   15.38  -0.35
0.627353   15.38  -0.35
0.627746   15.39  -0.35
0.627746   15.4  -0.35
0.628141   15.4  -0.35
0.628141   15.4  -0.35
0.628141   15.4  -0.35
0.628536   15.4  -0.35
0.628536   15.4  -0.35
0.628536   15.41  -0.35
0.628931   15.42  -0.35
0.628931   15.42  -0.35
0.628931   15.42  -0.35
0.629327   15.42  -0.35
0.629327   15.42  -0.35
0.629327   15.43  -0.35
0.629723   15.44  -0.35
0.629723   15.44  -0.35
0.629723   15.44  -0.35
0.63012   15.44  -0.35
0.63012   15.45  -0.35
0.630517   15.46  -0.35
0.630517   15.46  -0.35
0.630915   15.46  -0.35
0.630915   15.47  -0.35
0.631313   15.48  -0.35
0.631313   15.48  -0.35
0.631712   15.48  -0.35
0.631712   15.49  -0.35
0.631712   15.5  -0.35
0.632111   15.5  -0.35
0.632111   15.5  -0.35
0.632111   15.5  -0.35
0.632511   15.51  -0.35
0.632511   15.51  -0.35
0.632911   15.51  -0.35
0.633312   15.52  -0.35
0.633312   15.53  -0.35
0.633714   15.53  -0.35
0.634115   15.54  -0.35
0.634115   15.55  -0.35
0.634518   15.55  -0.35
0.634921   15.57  -0.35
0.634921   15.59  -0.35
0.635324   15.59  -0.35
0.635728   15.59  -0.35
0.635728   15.59  -0.35
0.636132   15.6  -0.35
0.636132   15.61  -0.35
0.636537   15.61  -0.35
0.636537   15.61  -0.35
0.636537   15.61  -0.35
0.636943   15.62  -0.35
0.636943   15.63  -0.35
0.636943   15.63  -0.35
0.636943   15.63  -0.35
0.636943   15.63  -0.35
0.637349   15.63  -0.35
0.637349   15.64  -0.35
0.637349   15.64  -0.35
0.637349   15.64  -0.35
0.637755   15.65  -0.35
0.637755   15.65  -0.35
0.637755   15.65  -0.35
0.638162   15.65  -0.35
0.638162   15.65  -0.35
0.638162   15.66  -0.35
0.638162   15.66  -0.35
0.638162   15.66  -0.35
0.63857   15.67  -0.35
0.63857   15.67  -0.35
0.63857   15.67  -0.35
0.638978   15.67  -0.35
0.638978   15.68  -0.35
0.638978   15.69  -0.35
0.639386   15.69  -0.35
0.639386   15.69  -0.35
0.639795   15.69  -0.35
0.639795   15.7  -0.35
0.640205   15.71  -0.35
0.640615   15.71  -0.35
0.640615   15.72  -0.35
0.641026   15.73  -0.35
0.641026   15.73  -0.35
0.641437   15.74  -0.35
0.641437   15.74  -0.35
0.641849   15.75  -0.35
0.641849   15.75  -0.35
0.642261   15.76  -0.35
0.642674   15.77  -0.35
0.643087   15.78  -0.35
0.643501   15.79  -0.35
0.643501   15.8  -0.35
0.643915   15.8  -0.35
0.64433   15.81  -0.35
0.644745   15.82  -0.35
0.645161   15.82  -0.35
0.645578   15.83  -0.35
0.645578   15.84  -0.35
0.645995   15.84  -0.35
0.645995   15.84  -0.35
0.646412   15.84  -0.35
0.646831   15.86  -0.35
0.646831   15.86  -0.35
0.646831   15.87  -0.35
0.647249   15.88  -0.35
0.647668   15.88  -0.35
0.647668   15.88  -0.35
0.647668   15.88  -0.35
0.648088   15.89  -0.35
0.648088   15.89  -0.35
0.648088   15.9  -0.35
0.648088   15.9  -0.35
0.648508   15.9  -0.35
0.648508   15.9  -0.35
0.648508   15.9  -0.35
0.648929   15.9  -0.35
0.648929   15.91  -0.35
0.648929   15.91  -0.35
0.648929   15.92  -0.35
0.649351   15.92  -0.35
0.649351   15.92  -0.35
0.649351   15.92  -0.35
0.649351   15.92  -0.35
0.649351   15.92  -0.35
0.649773   15.93  -0.35
0.649773   15.94  -0.35
0.649773   15.94  -0.35
0.650195   15.94  -0.35
0.650195   15.94  -0.35
0.650195   15.94  -0.35
0.650618   15.95  -0.35
0.650618   15.96  -0.35
0.650618   15.96  -0.35
0.651042   15.96  -0.35
0.651042   15.97  -0.35
0.651466   15.98  -0.35
0.651466   15.98  -0.35
0.65189   15.99  -0.35
0.65189   16  -0.35
0.652316   16  -0.35
0.652742   16.01  -0.35
0.652742   16.02  -0.35
0.653168   16.02  -0.35
0.653168   16.03  -0.35
0.653595   16.04  -0.35
0.654022   16.05  -0.35
0.654022   16.06  -0.35
0.65445   16.06  -0.35
0.654879   16.07  -0.35
0.654879   16.08  -0.35
0.655308   16.08  -0.35
0.655308   16.08  -0.35
0.655738   16.09  -0.35
0.656168   16.1  -0.35
0.656168   16.1  -0.35
0.656599   16.1  -0.35
0.656599   16.12  -0.35
0.65703   16.12  -0.35
0.65703   16.12  -0.35
0.657462   16.13  -0.35
0.657462   16.14  -0.35
0.657895   16.14  -0.35
0.657895   16.15  -0.35
0.658328   16.15  -0.35
0.658328   16.16  -0.35
0.658328   16.16  -0.35
0.658762   16.16  -0.35
0.658762   16.18  -0.35
0.659196   16.18  -0.35
0.659631   16.2  -0.35
0.659631   16.2  -0.35
0.660066   16.2  -0.35
0.660502   16.2  -0.35
0.660502   16.21  -0.35
0.660939   16.21  -0.35
0.660939   16.22  -0.35
0.660939   16.22  -0.35
0.660939   16.22  -0.35
0.661376   16.22  -0.35
0.661376   16.22  -0.35
0.661376   16.23  -0.35
0.661376   16.23  -0.35
0.661813   16.24  -0.35
0.661813   16.25  -0.35
0.661813   16.25  -0.35
0.661813   16.25  -0.35
0.661813   16.25  -0.35
0.662252   16.26  -0.35
0.662252   16.26  -0.35
0.662252   16.26  -0.35
0.662691   16.27  -0.35
0.662691   16.27  -0.35
0.662691   16.27  -0.35
0.66313   16.28  -0.35
0.66313   16.28  -0.35
0.66313   16.28  -0.35
0.66357   16.29  -0.35
0.66357   16.29  -0.35
0.66357   16.29  -0.35
0.664011   16.29  -0.35
0.664011   16.29  -0.35
0.664011   16.29  -0.35
0.664011   16.3  -0.35
0.664011   16.3  -0.35
0.664452   16.3  -0.35
0.664452   16.31  -0.35
0.664452   16.31  -0.35
0.664894   16.31  -0.35
0.664894   16.32  -0.35
0.664894   16.32  -0.35
0.665336   16.32  -0.35
0.665336   16.32  -0.35
0.665779   16.33  -0.35
0.665779   16.33  -0.35
0.665779   16.33  -0.35
0.666223   16.34  -0.35
0.666223   16.34  -0.35
0.666223   16.35  -0.35
0.666667   16.35  -0.35
0.666667   16.35  -0.35
0.666667   16.36  -0.35
0.666667   16.36  -0.35
0.666667   16.36  -0.35
0.667111   16.36  -0.35
0.667111   16.36  -0.35
0.667111   16.36  -0.35
0.667557   16.37  -0.35
0.667557   16.37  -0.35
0.667557   16.38  -0.35
0.668003   16.38  -0.35
0.668003   16.38  -0.35
0.668003   16.38  -0.35
0.668449   16.38  -0.35
0.668449   16.39  -0.35
0.668449   16.4  -0.35
0.668896   16.4  -0.35
0.668896   16.41  -0.35
0.668896   16.42  -0.35
0.669344   16.42  -0.35
0.669344   16.42  -0.35
0.669792   16.43  -0.35
0.669792   16.44  -0.35
0.670241   16.44  -0.35
0.670241   16.44  -0.35
0.670241   16.45  -0.35
0.670691   16.46  -0.35
0.670691   16.46  -0.35
0.671141   16.46  -0.35
0.671592   16.48  -0.35
0.671592   16.48  -0.35
0.672043   16.48  -0.35
0.672043   16.49  -0.35
0.672495   16.5  -0.35
0.672948   16.51  -0.35
0.672948   16.52  -0.35
0.673401   16.52  -0.35
0.673401   16.53  -0.35
0.673854   16.54  -0.35
0.673854   16.54  -0.35
0.674309   16.54  -0.35
0.674309   16.55  -0.35
0.674764   16.56  -0.35
0.674764   16.56  -0.35
0.674764   16.56  -0.35
0.674764   16.56  -0.35
0.674764   16.56  -0.35
0.675219   16.57  -0.35
0.675219   16.58  -0.35
0.675219   16.58  -0.35
0.675676   16.59  -0.35
0.675676   16.6  -0.35
0.675676   16.6  -0.35
0.675676   16.6  -0.35
0.676133   16.6  -0.35
0.676133   16.6  -0.35
0.676133   16.6  -0.35
0.676133   16.61  -0.35
0.67659   16.62  -0.35
0.67659   16.62  -0.35
0.677048   16.62  -0.35
0.677048   16.63  -0.35
0.677507   16.64  -0.35
0.677507   16.64  -0.35
0.677507   16.65  -0.35
0.677966   16.65  -0.35
0.677966   16.66  -0.35
0.677966   16.66  -0.35
0.678426   16.66  -0.35
0.678426   16.66  -0.35
0.678887   16.66  -0.35
0.678887   16.67  -0.35
0.678887   16.68  -0.35
0.679348   16.68  -0.35
0.679348   16.68  -0.35
0.679348   16.69  -0.35
0.67981   16.7  -0.35
0.67981   16.7  -0.35
0.680272   16.71  -0.35
0.680272   16.72  -0.35
0.680735   16.72  -0.35
0.680735   16.73  -0.35
0.680735   16.74  -0.35
0.681199   16.74  -0.35
0.681199   16.74  -0.35
0.681199   16.74  -0.35
0.681199   16.74  -0.35
0.681663   16.74  -0.35
0.681663   16.75  -0.35
0.682128   16.75  -0.35
0.682128   16.75  -0.35
0.682128   16.76  -0.35
0.682594   16.76  -0.35
0.682594   16.77  -0.35
0.682594   16.77  -0.35
0.682594   16.77  -0.35
0.68306   16.77  -0.35
0.68306   16.78  -0.35
0.68306   16.78  -0.35
0.683527   16.79  -0.35
0.683527   16.79  -0.35
0.683527   16.79  -0.35
0.683995   16.79  -0.35
0.683995   16.79  -0.35
0.683995   16.79  -0.35
0.683995   16.8  -0.35
0.684463   16.81  -0.35
0.684463   16.81  -0.35
0.684463   16.81  -0.35
0.684932   16.81  -0.35
0.684932   16.81  -0.35
0.684932   16.81  -0.35
0.684932   16.82  -0.35
0.684932   16.83  -0.35
0.685401   16.83  -0.35
0.685401   16.83  -0.35
0.685401   16.83  -0.35
0.685871   16.83  -0.35
0.685871   16.83  -0.35
0.685871   16.83  -0.35
0.685871   16.84  -0.35
0.686342   16.84  -0.35
0.686342   16.84  -0.35
0.686342   16.84  -0.35
0.686342   16.84  -0.35
0.686813   16.85  -0.35
0.686813   16.86  -0.35
0.686813   16.86  -0.35
0.686813   16.86  -0.35
0.687285   16.86  -0.35
0.687285   16.87  -0.35
0.687285   16.87  -0.35
0.687285   16.88  -0.35
0.687758   16.88  -0.35
0.687758   16.88  -0.35
0.687758   16.89  -0.35
0.688231   16.9  -0.35
0.688231   16.9  -0.35
0.688231   16.9  -0.35
0.688705   16.91  -0.35
0.688705   16.91  -0.35
0.688705   16.91  -0.35
0.68918   16.92  -0.35
0.68918   16.93  -0.35
0.689655   16.93  -0.35
0.689655   16.93  -0.35
0.689655   16.93  -0.35
0.689655   16.93  -0.35
0.690131   16.94  -0.35
0.690131   16.95  -0.35
0.690131   16.95  -0.35
0.690131   16.95  -0.35
0.690608   16.95  -0.35
0.690608   16.96  -0.35
0.690608   16.97  -0.35
0.691085   16.97  -0.35
0.691085   16.97  -0.35
0.691085   16.97  -0.35
0.691085   16.98  -0.35
0.691563   16.99  -0.35
0.691563   16.99  -0.35
0.691563   17  -0.35
0.692042   17  -0.35
0.692042   17  -0.35
0.692042   17.01  -0.35
0.692042   17.01  -0.35
0.692521   17.02  -0.35
0.692521   17.02  -0.35
0.692521   17.02  -0.35
0.692521   17.02  -0.35
0.693001   17.04  -0.35
0.693001   17.04  -0.35
0.693481   17.04  -0.35
0.693481   17.05  -0.35
0.693963   17.06  -0.35
0.693963   17.06  -0.35
0.693963   17.06  -0.35
0.694444   17.07  -0.35
0.694444   17.07  -0.35
0.694444   17.08  -0.35
0.694927   17.08  -0.35
0.694927   17.09  -0.35
0.694927   17.09  -0.35
0.69541   17.09  -0.35
0.69541   17.09  -0.35
0.69541   17.1  -0.35
0.69541   17.11  -0.35
0.695894   17.11  -0.35
0.695894   17.11  -0.35
0.695894   17.12  -0.35
0.696379   17.12  -0.35
0.696864   17.13  -0.35
0.696864   17.13  -0.35
0.696864   17.14  -0.35
0.69735   17.14  -0.35
0.69735   17.14  -0.35
0.69735   17.14  -0.35
0.697837   17.14  -0.35
0.697837   17.15  -0.35
0.698324   17.16  -0.35
0.698324   17.17  -0.35
0.698812   17.18  -0.35
0.698812   17.19  -0.35
0.699301   17.2  -0.35
0.699301   17.2  -0.35
0.69979   17.21  -0.35
0.69979   17.21  -0.35
0.70028   17.21  -0.35
0.70028   17.22  -0.35
0.700771   17.23  -0.35
0.700771   17.23  -0.35
0.700771   17.23  -0.35
0.701262   17.23  -0.35
0.701262   17.24  -0.35
0.701754   17.24  -0.35
0.701754   17.25  -0.35
0.702247   17.26  -0.35
0.702247   17.26  -0.35
0.702247   17.26  -0.35
0.702741   17.26  -0.35
0.702741   17.27  -0.35
0.702741   17.27  -0.35
0.703235   17.27  -0.35
0.703235   17.28  -0.35
0.703235   17.28  -0.35
0.70373   17.29  -0.35
0.70373   17.29  -0.35
0.70373   17.29  -0.35
0.70373   17.29  -0.35
0.704225   17.3  -0.35
0.704225   17.3  -0.35
0.704225   17.3  -0.35
0.704722   17.3  -0.35
0.704722   17.3  -0.35
0.704722   17.31  -0.35
0.704722   17.31  -0.35
0.705219   17.32  -0.35
0.705219   17.32  -0.35
0.705219   17.33  -0.35
0.705716   17.33  -0.35
0.705716   17.33  -0.35
0.705716   17.34  -0.35
0.705716   17.34  -0.35
0.706215   17.35  -0.35
0.706215   17.36  -0.35
0.706714   17.36  -0.35
0.706714   17.37  -0.35
0.707214   17.37  -0.35
0.707214   17.39  -0.35
0.707714   17.39  -0.35
0.707714   17.39  -0.35
0.707714   17.4  -0.35
0.708215   17.4  -0.35
0.708215   17.4  -0.35
0.708215   17.4  -0.35
0.708215   17.41  -0.35
0.708717   17.42  -0.35
0.708717   17.42  -0.35
0.708717   17.43  -0.35
0.70922   17.43  -0.35
0.70922   17.44  -0.35
0.70922   17.45  -0.35
0.709723   17.45  -0.35
0.709723   17.46  -0.35
0.709723   17.46  -0.35
0.710227   17.48  -0.35
0.710227   17.48  -0.35
0.710227   17.48  -0.35
0.710732   17.48  -0.35
0.710732   17.49  -0.35
0.711238   17.49  -0.35
0.711238   17.49  -0.35
0.711238   17.49  -0.35
0.711238   17.49  -0.35
0.711238   17.49  -0.35
0.711744   17.5  -0.35
0.711744   17.5  -0.35
0.711744   17.5  -0.35
0.711744   17.51  -0.35
0.711744   17.51  -0.35
0.712251   17.52  -0.35
0.712251   17.52  -0.35
0.712758   17.53  -0.35
0.712758   17.53  -0.35
0.712758   17.53  -0.35
0.713267   17.54  -0.35
0.713267   17.55  -0.35
0.713267   17.56  -0.35
0.713776   17.56  -0.35
0.713776   17.56  -0.35
0.713776   17.56  -0.35
0.713776   17.57  -0.35
0.714286   17.57  -0.35
0.714286   17.58  -0.35
0.714286   17.58  -0.35
0.714286   17.58  -0.35
0.714286   17.58  -0.35
0.714796   17.58  -0.35
0.714796   17.59  -0.35
0.714796   17.59  -0.35
0.715308   17.59  -0.35
0.715308   17.59  -0.35
0.715308   17.59  -0.35
0.715308   17.61  -0.35
0.71582   17.61  -0.35
0.71582   17.61  -0.35
0.71582   17.62  -0.35
0.716332   17.62  -0.35
0.716332   17.63  -0.35
0.716332   17.64  -0.35
0.716846   17.64  -0.35
0.716846   17.64  -0.35
0.71736   17.65  -0.35
0.71736   17.66  -0.35
0.717875   17.67  -0.35
0.717875   17.67  -0.35
0.718391   17.68  -0.35
0.718391   17.68  -0.35
0.718907   17.69  -0.35
0.718907   17.69  -0.35
0.719424   17.69  -0.35
0.719424   17.7  -0.35
0.719942   17.71  -0.35
0.719942   17.71  -0.35
0.719942   17.71  -0.35
0.719942   17.72  -0.35
0.720461   17.72  -0.35
0.720461   17.72  -0.35
0.720981   17.72  -0.35
0.720981   17.73  -0.35
0.720981   17.73  -0.35
0.720981   17.74  -0.35
0.720981   17.74  -0.35
0.721501   17.74  -0.35
0.721501   17.74  -0.35
0.721501   17.74  -0.35
0.721501   17.75  -0.35
0.721501   17.75  -0.35
0.722022   17.75  -0.35
0.722022   17.75  -0.35
0.722022   17.75  -0.35
0.722022   17.76  -0.35
0.722022   17.76  -0.35
0.722543   17.76  -0.35
0.722543   17.76  -0.35
0.723066   17.77  -0.35
0.723066   17.77  -0.35
0.723066   17.78  -0.35
0.723066   17.78  -0.35
0.723589   17.78  -0.35
0.723589   17.79  -0.35
0.723589   17.79  -0.35
0.724113   17.8  -0.35
0.724113   17.8  -0.35
0.724638   17.81  -0.35
0.724638   17.82  -0.35
0.725163   17.82  -0.35
0.725163   17.83  -0.35
0.725689   17.84  -0.35
0.725689   17.85  -0.35
0.726216   17.85  -0.35
0.726216   17.86  -0.35
0.726744   17.86  -0.35
0.726744   17.87  -0.35
0.726744   17.88  -0.35
0.726744   17.89  -0.35
0.727273   17.89  -0.35
0.727273   17.89  -0.35
0.727802   17.9  -0.35
0.727802   17.91  -0.35
0.727802   17.92  -0.35
0.728332   17.92  -0.35
0.728332   17.93  -0.35
0.728332   17.93  -0.35
0.728863   17.93  -0.35
0.728863   17.93  -0.35
0.729395   17.93  -0.35
0.729395   17.94  -0.35
0.729395   17.94  -0.35
0.729927   17.95  -0.35
0.729927   17.96  -0.35
0.729927   17.97  -0.35
0.73046   17.97  -0.35
0.73046   17.98  -0.35
0.73046   17.98  -0.35
0.730994   17.98  -0.35
0.730994   17.98  -0.35
0.730994   17.98  -0.35
0.731529   17.99  -0.35
0.731529   17.99  -0.35
0.731529   18  -0.35
0.732064   18.01  -0.35
0.732064   18.02  -0.35
0.732064   18.02  -0.35
0.732601   18.03  -0.35
0.732601   18.03  -0.35
0.732601   18.04  -0.35
0.733138   18.04  -0.35
0.733138   18.04  -0.35
0.733138   18.04  -0.35
0.733138   18.05  -0.35
0.733676   18.05  -0.35
0.733676   18.06  -0.35
0.733676   18.07  -0.35
0.734214   18.08  -0.35
0.734214   18.09  -0.35
0.734214   18.1  -0.35
0.734754   18.11  -0.35
0.734754   18.11  -0.35
0.734754   18.11  -0.35
0.735294   18.11  -0.35
0.735294   18.11  -0.35
0.735835   18.12  -0.35
0.735835   18.12  -0.35
0.736377   18.12  -0.35
0.736377   18.13  -0.35
0.736377   18.14  -0.35
0.73692   18.14  -0.35
0.73692   18.14  -0.35
0.73692   18.14  -0.35
0.73692   18.15  -0.35
0.737463   18.15  -0.35
0.737463   18.15  -0.35
0.737463   18.15  -0.35
0.737463   18.16  -0.35
0.738007   18.16  -0.35
0.738007   18.17  -0.35
0.738007   18.17  -0.35
0.738007   18.17  -0.35
0.738552   18.17  -0.35
0.738552   18.18  -0.35
0.739098   18.18  -0.35
0.739098   18.19  -0.35
0.739098   18.19  -0.35
0.739098   18.2  -0.35
0.739645   18.2  -0.35
0.739645   18.2  -0.35
0.739645   18.2  -0.35
0.739645   18.2  -0.35
0.739645   18.21  -0.35
0.740192   18.21  -0.35
0.740192   18.21  -0.35
0.740192   18.21  -0.35
0.740192   18.22  -0.35
0.740192   18.22  -0.35
0.740741   18.22  -0.35
0.740741   18.23  -0.35
0.740741   18.23  -0.35
0.74129   18.23  -0.35
0.74129   18.23  -0.35
0.74184   18.23  -0.35
0.74184   18.24  -0.35
0.74184   18.24  -0.35
0.74239   18.24  -0.35
0.74239   18.25  -0.35
0.74239   18.25  -0.35
0.74239   18.26  -0.35
0.742942   18.26  -0.35
0.742942   18.27  -0.35
0.742942   18.28  -0.35
0.743494   18.28  -0.35
0.743494   18.29  -0.35
0.743494   18.3  -0.35
0.743494   18.3  -0.35
0.744048   18.3  -0.35
0.744048   18.31  -0.35
0.744602   18.31  -0.35
0.744602   18.31  -0.35
0.744602   18.32  -0.35
0.744602   18.32  -0.35
0.745156   18.32  -0.35
0.745156   18.33  -0.35
0.745156   18.34  -0.35
0.745156   18.35  -0.35
0.745712   18.35  -0.35
0.745712   18.36  -0.35
0.745712   18.36  -0.35
0.746269   18.37  -0.35
0.746269   18.37  -0.35
0.746269   18.38  -0.35
0.746269   18.38  -0.35
0.746826   18.38  -0.35
0.746826   18.39  -0.35
0.746826   18.39  -0.35
0.746826   18.39  -0.35
0.747384   18.39  -0.35
0.747384   18.4  -0.35
0.747384   18.4  -0.35
0.747943   18.4  -0.35
0.747943   18.4  -0.35
0.747943   18.41  -0.35
0.747943   18.41  -0.35
0.747943   18.41  -0.35
0.747943   18.42  -0.35
0.748503   18.42  -0.35
0.748503   18.42  -0.35
0.748503   18.42  -0.35
0.748503   18.42  -0.35
0.749064   18.43  -0.35
0.749064   18.43  -0.35
0.749064   18.43  -0.35
0.749064   18.43  -0.35
0.749064   18.44  -0.35
0.749064   18.44  -0.35
0.749625   18.44  -0.35
0.749625   18.45  -0.35
0.749625   18.46  -0.35
0.750188   18.47  -0.35
0.750188   18.47  -0.35
0.750751   18.48  -0.35
0.750751   18.49  -0.35
0.750751   18.49  -0.35
0.750751   18.49  -0.35
0.751315   18.5  -0.35
0.751315   18.5  -0.35
0.751315   18.5  -0.35
0.751315   18.51  -0.35
0.751315   18.51  -0.35
0.75188   18.52  -0.35
0.75188   18.53  -0.35
0.75188   18.53  -0.35
0.752445   18.53  -0.35
0.752445   18.54  -0.35
0.752445   18.54  -0.35
0.753012   18.54  -0.35
0.753012   18.55  -0.35
0.753012   18.55  -0.35
0.75358   18.56  -0.35
0.75358   18.57  -0.35
0.75358   18.57  -0.35
0.754148   18.57  -0.35
0.754148   18.58  -0.35
0.754148   18.59  -0.35
0.754717   18.6  -0.35
0.754717   18.6  -0.35
0.754717   18.6  -0.35
0.754717   18.6  -0.35
0.755287   18.61  -0.35
0.755287   18.61  -0.35
0.755287   18.61  -0.35
0.755858   18.62  -0.35
0.755858   18.62  -0.35
0.755858   18.62  -0.35
0.755858   18.62  -0.35
0.755858   18.63  -0.35
0.75643   18.63  -0.35
0.75643   18.63  -0.35
0.75643   18.63  -0.35
0.757002   18.64  -0.35
0.757002   18.64  -0.35
0.757002   18.64  -0.35
0.757002   18.65  -0.35
0.757576   18.65  -0.35
0.757576   18.65  -0.35
0.757576   18.65  -0.35
0.757576   18.65  -0.35
0.75815   18.65  -0.35
0.75815   18.65  -0.35
0.75815   18.65  -0.35
0.75815   18.66  -0.35
0.75815   18.66  -0.35
0.75815   18.66  -0.35
0.758725   18.66  -0.35
0.758725   18.66  -0.35
0.758725   18.66  -0.35
0.758725   18.67  -0.35
0.758725   18.67  -0.35
0.758725   18.67  -0.35
0.759301   18.67  -0.35
0.759301   18.67  -0.35
0.759301   18.68  -0.35
0.759878   18.68  -0.35
0.759878   18.69  -0.35
0.759878   18.69  -0.35
0.759878   18.69  -0.35
0.759878   18.69  -0.35
0.759878   18.69  -0.35
0.759878   18.69  -0.35
0.760456   18.7  -0.35
0.760456   18.7  -0.35
0.760456   18.7  -0.35
0.760456   18.7  -0.35
0.760456   18.7  -0.35
0.761035   18.71  -0.35
0.761035   18.71  -0.35
0.761035   18.71  -0.35
0.761035   18.71  -0.35
0.761035   18.72  -0.35
0.761615   18.72  -0.35
0.761615   18.72  -0.35
0.761615   18.72  -0.35
0.761615   18.73  -0.35
0.761615   18.73  -0.35
0.762195   18.74  -0.35
0.762195   18.74  -0.35
0.762195   18.75  -0.35
0.762777   18.75  -0.35
0.762777   18.75  -0.35
0.762777   18.76  -0.35
0.762777   18.76  -0.35
0.763359   18.76  -0.35
0.763359   18.77  -0.35
0.763359   18.77  -0.35
0.763942   18.78  -0.35
0.763942   18.79  -0.35
0.763942   18.79  -0.35
0.763942   18.8  -0.35
0.763942   18.81  -0.35
0.763942   18.81  -0.35
0.764526   18.81  -0.35
0.764526   18.82  -0.35
0.764526   18.82  -0.35
0.765111   18.83  -0.35
0.765111   18.83  -0.35
0.765111   18.83  -0.35
0.765111   18.83  -0.35
0.765111   18.83  -0.35
0.765697   18.83  -0.35
0.765697   18.83  -0.35
0.765697   18.84  -0.35
0.765697   18.84  -0.35
0.766284   18.84  -0.35
0.766284   18.85  -0.35
0.766284   18.85  -0.35
0.766284   18.85  -0.35
0.766284   18.86  -0.35
0.766284   18.86  -0.35
0.766871   18.86  -0.35
0.766871   18.87  -0.35
0.766871   18.87  -0.35
0.766871   18.88  -0.35
0.766871   18.88  -0.35
0.766871   18.88  -0.35
0.76746   18.89  -0.35
0.76746   18.9  -0.35
0.76746   18.91  -0.35
0.76746   18.91  -0.35
0.76746   18.93  -0.35
0.76746   18.95  -0.35
0.76746   18.96  -0.35
0.76746   18.98  -0.35
0.768049   18.98  -0.35
0.768049   18.98  -0.35
0.768049   18.98  -0.35
0.768049   18.98  -0.35
0.768049   18.99  -0.35
0.768049   18.99  -0.35
0.768049   18.99  -0.35
0.768049   18.99  -0.35
0.76864   18.99  -0.35
0.76864   18.99  -0.35
0.76864   18.99  -0.35
0.76864   19  -0.35
0.76864   19  -0.35
0.76864   19  -0.35
0.769231   18.99  -0.35
0.769231   18.98  -0.35
0.769231   19  -0.35
0.769231   19.02  -0.35
0.769231   19.02  -0.35
0.769823   19.01  -0.35
0.769823   19  -0.35
0.769823   19.02  -0.35
0.770416   19.03  -0.35
0.770416   19.04  -0.35
0.77101   19.04  -0.35
0.77101   19.04  -0.35
0.771605   19.04  -0.35
0.771605   19.05  -0.35
0.772201   19.04  -0.35
0.772798   19.06  -0.35
0.772798   19.06  -0.35
0.773395   19.07  -0.35
0.773994   19.06  -0.35
0.773994   19.06  -0.35
0.773994   19.07  -0.35
0.774593   19.09  -0.35
0.774593   19.09  -0.35
0.774593   19.11  -0.35
0.774593   19.12  -0.35
0.775194   19.12  -0.35
0.775194   19.12  -0.35
0.775194   19.13  -0.35
0.775194   19.14  -0.35
0.775194   19.15  -0.35
0.775194   19.17  -0.35
0.775194   19.17  -0.35
0.775795   19.17  -0.35
0.775795   19.17  -0.35
0.775795   19.18  -0.35
0.775795   19.19  -0.35
0.776398   19.19  -0.35
0.776398   19.19  -0.35
0.776398   19.19  -0.35
0.776398   19.19  -0.35
0.777001   19.19  -0.35
0.777001   19.2  -0.35
0.777001   19.22  -0.35
0.777001   19.22  -0.35
0.777605   19.22  -0.35
0.777605   19.24  -0.35
0.777605   19.24  -0.35
0.777605   19.23  -0.35
0.777605   19.24  -0.35
0.777605   19.25  -0.35
0.777605   19.25  -0.35
0.77821   19.25  -0.35
0.77821   19.25  -0.35
0.77821   19.25  -0.35
0.77821   19.22  -0.35
0.77821   19.22  -0.35
0.778816   19.24  -0.35
0.778816   19.25  -0.35
0.778816   19.24  -0.35
0.778816   19.25  -0.35
0.778816   19.25  -0.35
0.778816   19.25  -0.35
0.778816   19.26  -0.35
0.778816   19.27  -0.35
0.779423   19.27  -0.35
0.779423   19.27  -0.35
0.779423   19.27  -0.35
0.779423   19.27  -0.35
0.779423   19.29  -0.35
0.779423   19.29  -0.35
0.780031   19.29  -0.35
0.780031   19.27  -0.35
0.780031   19.29  -0.35
0.780031   19.3  -0.35
0.78064   19.32  -0.35
0.78064   19.32  -0.35
0.78064   19.3  -0.35
0.78064   19.3  -0.35
0.78064   19.31  -0.35
0.78064   19.35  -0.35
0.78125   19.35  -0.35
0.78125   19.35  -0.35
0.78125   19.35  -0.35
0.78125   19.35  -0.35
0.78125   19.36  -0.35
0.78125   19.37  -0.35
0.781861   19.37  -0.35
0.781861   19.37  -0.35
0.781861   19.37  -0.35
0.781861   19.37  -0.35
0.782473   19.37  -0.35
0.782473   19.37  -0.35
0.782473   19.37  -0.35
0.782473   19.38  -0.35
0.782473   19.37  -0.35
0.782473   19.38  -0.35
0.783085   19.39  -0.35
0.783085   19.4  -0.35
0.783085   19.4  -0.35
0.783085   19.4  -0.35
0.783085   19.4  -0.35
0.783699   19.4  -0.35
0.783699   19.4  -0.35
0.783699   19.4  -0.35
0.783699   19.41  -0.35
0.783699   19.41  -0.35
0.783699   19.4  -0.35
0.784314   19.42  -0.35
0.784314   19.43  -0.35
0.784314   19.43  -0.35
0.784314   19.43  -0.35
0.784929   19.43  -0.35
0.784929   19.43  -0.35
0.784929   19.43  -0.35
0.784929   19.43  -0.35
0.784929   19.43  -0.35
0.784929   19.43  -0.35
0.784929   19.43  -0.35
0.785546   19.43  -0.35
0.785546   19.43  -0.35
0.785546   19.43  -0.35
0.785546   19.43  -0.35
0.785546   19.43  -0.35
0.785546   19.43  -0.35
0.785546   19.43  -0.35
0.786164   19.43  -0.35
0.786164   19.44  -0.35
0.786164   19.44  -0.35
0.786164   19.44  -0.35
0.786782   19.43  -0.35
0.786782   19.43  -0.35
0.787402   19.44  -0.35
0.787402   19.43  -0.35
0.787402   19.43  -0.35
0.788022   19.45  -0.35
0.788022   19.45  -0.35
0.788022   19.45  -0.35
0.788644   19.4  -0.35
0.788644   19.43  -0.35
0.788644   19.46  -0.35
0.788644   19.48  -0.35
0.788644   19.48  -0.35
0.788644   19.48  -0.35
0.789266   19.49  -0.35
0.789266   19.48  -0.35
0.789266   19.48  -0.35
0.789266   19.48  -0.35
0.789889   19.5  -0.35
0.789889   19.5  -0.35
0.789889   19.5  -0.35
0.790514   19.5  -0.35
0.790514   19.51  -0.35
0.790514   19.52  -0.35
0.790514   19.53  -0.35
0.791139   19.53  -0.34
0.791139   19.53  -0.35
0.791139   19.53  -0.34
0.791766   19.53  -0.35
0.791766   19.53  -0.35
0.791766   19.53  -0.34
0.792393   19.53  -0.34
0.792393   19.56  -0.34
0.792393   19.58  -0.35
0.793021   19.58  -0.34
0.793021   19.59  -0.35
0.793651   19.62  -0.34
0.793651   19.63  -0.34
0.793651   19.62  -0.34
0.793651   19.63  -0.34
0.794281   19.63  -0.34
0.794281   19.63  -0.34
0.794281   19.63  -0.34
0.794913   19.63  -0.34
0.794913   19.64  -0.34
0.794913   19.64  -0.34
0.794913   19.65  -0.34
0.794913   19.67  -0.34
0.795545   19.64  -0.34
0.795545   19.64  -0.34
0.795545   19.65  -0.34
0.795545   19.64  -0.34
0.796178   19.65  -0.34
0.796178   19.67  -0.34
0.796178   19.68  -0.34
0.796813   19.69  -0.34
0.796813   19.69  -0.34
0.796813   19.69  -0.34
0.797448   19.69  -0.34
0.797448   19.69  -0.34
0.797448   19.71  -0.34
0.797448   19.71  -0.34
0.798085   19.72  -0.34
0.798085   19.7  -0.34
0.798085   19.72  -0.34
0.798085   19.74  -0.34
0.798722   19.74  -0.34
0.798722   19.74  -0.34
0.798722   19.74  -0.34
0.799361   19.74  -0.34
0.799361   19.74  -0.34
0.799361   19.74  -0.34
0.799361   19.79  -0.34
0.8   19.79  -0.34
0.8   19.79  -0.34
0.8   19.79  -0.34
0.800641   19.79  -0.34
0.800641   19.79  -0.34
0.800641   19.8  -0.34
0.800641   19.81  -0.34
0.800641   19.81  -0.34
0.801282   19.82  -0.34
0.801282   19.81  -0.34
0.801282   19.8  -0.34
0.801925   19.84  -0.34
0.801925   19.84  -0.34
0.801925   19.84  -0.34
0.801925   19.84  -0.34
0.801925   19.84  -0.34
0.802568   19.84  -0.34
0.802568   19.84  -0.34
0.802568   19.84  -0.34
0.802568   19.84  -0.34
0.802568   19.84  -0.34
0.802568   19.84  -0.34
0.803213   19.84  -0.34
0.803213   19.84  -0.34
0.803213   19.81  -0.34
0.803213   19.82  -0.34
0.803213   19.82  -0.34
0.803859   19.84  -0.34
0.803859   19.84  -0.34
0.803859   19.84  -0.34
0.803859   19.84  -0.34
0.803859   19.84  -0.34
0.803859   19.84  -0.34
0.804505   19.84  -0.34
0.804505   19.81  -0.34
0.804505   19.85  -0.34
0.804505   19.88  -0.34
0.805153   19.89  -0.34
0.805153   19.89  -0.34
0.805153   19.89  -0.34
0.805153   19.89  -0.34
0.805153   19.89  -0.34
0.805153   19.89  -0.34
0.805153   19.85  -0.34
0.805153   19.88  -0.34
0.805802   19.89  -0.34
0.805802   19.89  -0.34
0.805802   19.88  -0.34
0.805802   19.86  -0.34
0.806452   19.87  -0.34
0.806452   19.89  -0.34
0.806452   19.89  -0.34
0.807103   19.89  -0.34
0.807103   19.89  -0.34
0.807103   19.9  -0.34
0.807754   19.91  -0.34
0.807754   19.93  -0.34
0.808407   19.95  -0.34
0.808407   19.95  -0.34
0.808407   19.95  -0.34
0.809061   19.95  -0.34
0.809061   19.95  -0.34
0.809717   19.95  -0.34
0.809717   19.95  -0.34
0.809717   19.95  -0.34
0.810373   19.95  -0.34
0.810373   19.95  -0.34
0.810373   19.97  -0.34
0.810373   19.98  -0.34
0.81103   20  -0.34
0.81103   20  -0.34
0.81103   20  -0.34
0.81103   20  -0.34
0.81103   20  -0.34
0.81103   20  -0.34
0.811688   20  -0.34
0.811688   20  -0.34
0.811688   20.01  -0.34
0.811688   20.01  -0.34
0.812348   20.02  -0.34
0.812348   20.06  -0.34
0.812348   20.07  -0.34
0.813008   20.07  -0.34
0.813008   20.07  -0.34
0.813008   20.07  -0.34
0.813008   20.07  -0.34
0.81367   20.07  -0.34
0.81367   20.07  -0.34
0.81367   20.07  -0.34
0.81367   20.07  -0.34
0.814332   20.07  -0.34
0.814332   20.07  -0.34
0.814332   20.07  -0.34
0.814332   20.07  -0.34
0.814332   20.07  -0.34
0.814996   20.07  -0.34
0.814996   20.07  -0.34
0.814996   20.07  -0.34
0.814996   20.07  -0.34
0.814996   20.07  -0.34
0.815661   20.07  -0.34
0.815661   20.07  -0.34
0.815661   20.09  -0.34
0.815661   20.09  -0.34
0.815661   20.09  -0.34
0.815661   20.11  -0.34
0.815661   20.12  -0.34
0.815661   20.14  -0.34
0.815661   20.14  -0.34
0.816327   20.14  -0.34
0.816327   20.14  -0.34
0.816327   20.14  -0.34
0.816327   20.14  -0.34
0.816327   20.14  -0.34
0.816327   20.14  -0.34
0.816993   20.14  -0.34
0.816993   20.14  -0.34
0.816993   20.14  -0.34
0.816993   20.14  -0.34
0.817661   20.14  -0.34
0.817661   20.15  -0.34
0.817661   20.18  -0.34
0.817661   20.2  -0.34
0.818331   20.21  -0.34
0.818331   20.21  -0.34
0.818331   20.21  -0.34
0.818331   20.21  -0.34
0.819001   20.21  -0.34
0.819001   20.21  -0.34
0.819001   20.21  -0.34
0.819001   20.21  -0.34
0.819672   20.21  -0.34
0.819672   20.21  -0.34
0.819672   20.21  -0.34
0.819672   20.21  -0.34
0.820345   20.21  -0.34
0.820345   20.21  -0.34
0.820345   20.21  -0.34
0.820345   20.21  -0.34
0.821018   20.21  -0.34
0.821018   20.21  -0.34
0.821018   20.21  -0.34
0.821693   20.24  -0.34
0.821693   20.28  -0.34
0.822368   20.28  -0.34
0.822368   20.28  -0.34
0.822368   20.28  -0.34
0.822368   20.28  -0.34
0.822368   20.28  -0.34
0.823045   20.28  -0.34
0.823045   20.28  -0.34
0.823045   20.28  -0.34
0.823045   20.32  -0.34
0.823045   20.32  -0.34
0.823045   20.34  -0.34
0.823723   20.31  -0.34
0.823723   20.29  -0.34
0.823723   20.32  -0.34
0.823723   20.34  -0.34
0.824402   20.34  -0.34
0.824402   20.28  -0.34
0.824402   20.28  -0.34
0.825083   20.28  -0.34
0.825083   20.29  -0.34
0.825083   20.34  -0.34
0.825083   20.35  -0.34
0.825764   20.35  -0.34
0.825764   20.35  -0.34
0.825764   20.35  -0.34
0.825764   20.35  -0.34
0.826446   20.36  -0.34
0.826446   20.38  -0.34
0.826446   20.41  -0.34
0.826446   20.42  -0.34
0.82713   20.42  -0.34
0.82713   20.42  -0.34
0.82713   20.42  -0.34
0.82713   20.42  -0.34
0.827815   20.42  -0.34
0.827815   20.42  -0.34
0.827815   20.42  -0.34
0.8285   20.42  -0.34
0.8285   20.42  -0.34
0.8285   20.45  -0.34
0.8285   20.49  -0.34
0.829187   20.49  -0.34
0.829187   20.49  -0.34
0.829876   20.49  -0.34
0.829876   20.49  -0.34
0.829876   20.49  -0.34
0.830565   20.49  -0.34
0.830565   20.49  -0.34
0.830565   20.5  -0.34
0.831255   20.5  -0.34
0.831255   20.53  -0.34
0.831255   20.54  -0.34
0.831947   20.5  -0.34
0.831947   20.5  -0.34
0.831947   20.55  -0.34
0.831947   20.55  -0.34
0.832639   20.55  -0.34
0.832639   20.55  -0.34
0.832639   20.55  -0.34
0.832639   20.55  -0.34
0.833333   20.55  -0.34
0.833333   20.55  -0.34
0.833333   20.56  -0.34
0.833333   20.57  -0.34
0.833333   20.57  -0.34
0.833333   20.57  -0.34
0.833333   20.56  -0.34
0.833333   20.57  -0.34
0.833333   20.59  -0.34
0.833333   20.61  -0.34
0.834028   20.61  -0.34
0.834028   20.61  -0.34
0.834028   20.61  -0.34
0.834028   20.61  -0.34
0.834028   20.61  -0.34
0.834028   20.61  -0.34
0.834028   20.61  -0.34
0.834028   20.61  -0.34
0.834028   20.61  -0.34
0.834028   20.61  -0.34
0.834028   20.61  -0.34
0.834028   20.61  -0.34
0.834725   20.61  -0.34
0.834725   20.61  -0.34
0.834725   20.61  -0.34
0.834725   20.61  -0.34
0.834725   20.61  -0.34
0.834725   20.62  -0.34
0.834725   20.62  -0.34
0.835422   20.64  -0.34
0.835422   20.67  -0.34
0.835422   20.68  -0.34
0.835422   20.68  -0.34
0.835422   20.68  -0.34
0.83612   20.68  -0.34
0.83612   20.68  -0.34
0.83612   20.68  -0.34
0.83682   20.68  -0.34
0.83682   20.68  -0.34
0.83682   20.68  -0.34
0.83682   20.68  -0.34
0.83682   20.68  -0.34
0.83682   20.68  -0.34
0.837521   20.68  -0.34
0.837521   20.68  -0.34
0.837521   20.68  -0.34
0.837521   20.68  -0.34
0.837521   20.68  -0.34
0.838223   20.68  -0.34
0.838223   20.69  -0.34
0.838223   20.68  -0.34
0.838223   20.68  -0.34
0.838926   20.68  -0.34
0.838926   20.72  -0.34
0.838926   20.74  -0.34
0.838926   20.74  -0.34
0.838926   20.73  -0.34
0.838926   20.74  -0.34
0.839631   20.74  -0.34
0.839631   20.74  -0.34
0.839631   20.74  -0.34
0.839631   20.74  -0.34
0.839631   20.74  -0.34
0.839631   20.74  -0.34
0.840336   20.74  -0.34
0.840336   20.74  -0.34
0.840336   20.75  -0.34
0.840336   20.75  -0.34
0.840336   20.75  -0.34
0.840336   20.75  -0.34
0.840336   20.75  -0.34
0.840336   20.76  -0.34
0.840336   20.77  -0.34
0.841043   20.8  -0.34
0.841043   20.8  -0.34
0.841043   20.8  -0.34
0.841043   20.8  -0.34
0.841043   20.8  -0.34
0.841043   20.8  -0.34
0.841043   20.8  -0.34
0.841043   20.8  -0.34
0.841751   20.8  -0.34
0.841751   20.8  -0.34
0.841751   20.8  -0.34
0.841751   20.8  -0.34
0.841751   20.75  -0.34
0.84246   20.75  -0.34
0.84246   20.8  -0.34
0.84317   20.8  -0.34
0.84317   20.81  -0.34
0.84317   20.83  -0.34
0.84317   20.82  -0.34
0.843882   20.82  -0.34
0.843882   20.82  -0.34
0.843882   20.82  -0.34
0.843882   20.87  -0.34
0.843882   20.87  -0.34
0.844595   20.87  -0.34
0.844595   20.87  -0.34
0.844595   20.87  -0.34
0.845309   20.87  -0.34
0.845309   20.87  -0.34
0.846024   20.87  -0.34
0.846024   20.88  -0.34
0.846024   20.93  -0.34
0.84674   20.93  -0.34
0.84674   20.93  -0.34
0.84674   20.93  -0.34
0.847458   20.94  -0.34
0.847458   20.96  -0.34
0.847458   20.96  -0.34
0.847458   20.96  -0.34
0.847458   20.99  -0.34
0.847458   20.99  -0.34
0.848176   20.98  -0.34
0.848176   20.99  -0.34
0.848176   20.99  -0.34
0.848176   20.99  -0.34
0.848176   20.99  -0.34
0.848896   20.99  -0.34
0.848896   20.99  -0.34
0.848896   20.99  -0.34
0.848896   20.99  -0.34
0.849618   20.99  -0.34
0.849618   20.99  -0.34
0.849618   21  -0.34
0.849618   21  -0.34
0.85034   21.03  -0.34
0.85034   21.03  -0.34
0.85034   21.02  -0.34
0.85034   21.04  -0.34
0.85034   21.05  -0.34
0.85034   21.05  -0.34
0.851064   21.05  -0.34
0.851064   21.05  -0.34
0.851064   21.05  -0.34
0.851064   21.05  -0.34
0.851064   21.05  -0.34
0.851064   21.05  -0.34
0.851064   21.05  -0.34
0.851064   21.05  -0.34
0.851789   21.05  -0.34
0.851789   21.05  -0.34
0.851789   21.05  -0.34
0.851789   21.05  -0.34
0.851789   21.05  -0.34
0.852515   21.06  -0.34
0.852515   21.07  -0.34
0.852515   21.11  -0.34
0.852515   21.11  -0.34
0.852515   21.11  -0.34
0.852515   21.11  -0.34
0.853242   21.11  -0.34
0.853242   21.11  -0.34
0.853242   21.11  -0.34
0.853242   21.11  -0.34
0.853242   21.11  -0.34
0.853971   21.11  -0.34
0.853971   21.12  -0.34
0.853971   21.14  -0.34
0.853971   21.15  -0.35
0.853971   21.16  -0.34
0.854701   21.16  -0.34
0.854701   21.16  -0.34
0.854701   21.17  -0.34
0.854701   21.17  -0.34
0.854701   21.17  -0.34
0.854701   21.17  -0.34
0.854701   21.17  -0.35
0.854701   21.17  -0.34
0.854701   21.17  -0.35
0.854701   21.17  -0.35
0.855432   21.17  -0.35
0.855432   21.17  -0.35
0.855432   21.17  -0.35
0.855432   21.17  -0.35
0.855432   21.17  -0.35
0.855432   21.17  -0.35
0.855432   21.17  -0.35
0.856164   21.17  -0.35
0.856164   21.17  -0.35
0.856164   21.17  -0.35
0.856164   21.17  -0.35
0.856164   21.17  -0.35
0.856898   21.17  -0.35
0.856898   21.17  -0.35
0.856898   21.17  -0.35
0.856898   21.17  -0.35
0.857633   21.17  -0.35
0.857633   21.18  -0.35
0.857633   21.23  -0.35
0.857633   21.22  -0.35
0.858369   21.21  -0.35
0.858369   21.22  -0.35
0.858369   21.23  -0.35
0.858369   21.22  -0.35
0.858369   21.23  -0.35
0.859107   21.23  -0.35
0.859107   21.23  -0.35
0.859107   21.23  -0.35
0.859107   21.18  -0.35
0.859107   21.23  -0.35
0.859845   21.23  -0.35
0.859845   21.23  -0.35
0.859845   21.23  -0.35
0.859845   21.23  -0.35
0.860585   21.24  -0.35
0.860585   21.26  -0.35
0.860585   21.23  -0.35
0.860585   21.24  -0.35
0.860585   21.23  -0.35
0.860585   21.23  -0.35
0.860585   21.23  -0.35
0.860585   21.23  -0.35
0.860585   21.23  -0.35
0.861326   21.23  -0.35
0.861326   21.23  -0.35
0.861326   21.23  -0.35
0.861326   21.23  -0.35
0.861326   21.23  -0.35
0.862069   21.23  -0.35
0.862069   21.29  -0.35
0.862069   21.29  -0.35
0.862069   21.29  -0.35
0.862813   21.29  -0.35
0.862813   21.29  -0.35
0.862813   21.29  -0.35
0.862813   21.29  -0.35
0.863558   21.29  -0.35
0.863558   21.32  -0.35
0.864304   21.3  -0.35
0.864304   21.32  -0.35
0.864304   21.35  -0.35
0.865052   21.35  -0.35
0.865052   21.35  -0.35
0.865052   21.35  -0.35
0.865052   21.35  -0.35
0.865052   21.35  -0.35
0.865052   21.35  -0.35
0.865801   21.39  -0.35
0.865801   21.37  -0.35
0.865801   21.38  -0.35
0.865801   21.41  -0.35
0.866551   21.41  -0.35
0.866551   21.41  -0.35
0.866551   21.41  -0.35
0.867303   21.41  -0.35
0.867303   21.41  -0.35
0.867303   21.41  -0.35
0.867303   21.42  -0.35
0.867303   21.41  -0.35
0.868056   21.41  -0.35
0.868056   21.41  -0.35
0.868056   21.45  -0.35
0.868056   21.47  -0.35
0.868056   21.47  -0.35
0.868056   21.47  -0.35
0.86881   21.43  -0.35
0.86881   21.45  -0.35
0.86881   21.46  -0.35
0.869565   21.47  -0.35
0.869565   21.47  -0.35
0.869565   21.47  -0.35
0.869565   21.47  -0.35
0.869565   21.47  -0.35
0.869565   21.47  -0.35
0.870322   21.48  -0.35
0.870322   21.49  -0.35
0.870322   21.51  -0.35
0.870322   21.54  -0.35
0.870322   21.54  -0.35
0.87108   21.54  -0.35
0.87108   21.54  -0.35
0.87108   21.54  -0.35
0.87108   21.54  -0.35
0.87108   21.54  -0.35
0.87184   21.54  -0.35
0.87184   21.54  -0.35
0.87184   21.54  -0.35
0.87184   21.55  -0.35
0.87184   21.57  -0.35
0.8726   21.6  -0.35
0.8726   21.57  -0.35
0.8726   21.6  -0.35
0.8726   21.6  -0.35
0.8726   21.6  -0.35
0.8726   21.6  -0.35
0.8726   21.6  -0.35
0.8726   21.6  -0.35
0.8726   21.6  -0.35
0.873362   21.6  -0.35
0.873362   21.6  -0.35
0.873362   21.6  -0.35
0.873362   21.6  -0.35
0.873362   21.6  -0.35
0.873362   21.6  -0.35
0.874126   21.6  -0.35
0.874126   21.6  -0.35
0.874126   21.6  -0.35
0.874126   21.6  -0.34
0.874126   21.6  -0.34
0.874126   21.6  -0.34
0.874126   21.61  -0.35
0.874891   21.62  -0.34
0.874891   21.64  -0.34
0.874891   21.61  -0.34
0.874891   21.6  -0.34
0.874891   21.61  -0.34
0.874891   21.62  -0.34
0.874891   21.65  -0.34
0.875657   21.67  -0.34
0.875657   21.67  -0.34
0.875657   21.67  -0.34
0.875657   21.67  -0.34
0.876424   21.67  -0.34
0.876424   21.67  -0.34
0.876424   21.67  -0.34
0.876424   21.67  -0.34
0.876424   21.67  -0.34
0.877193   21.67  -0.34
0.877193   21.67  -0.34
0.877193   21.67  -0.34
0.877193   21.67  -0.34
0.877193   21.67  -0.34
0.877193   21.67  -0.34
0.877963   21.67  -0.34
0.877963   21.67  -0.34
0.877963   21.67  -0.34
0.877963   21.67  -0.34
0.877963   21.69  -0.34
0.877963   21.71  -0.34
0.878735   21.73  -0.34
0.878735   21.69  -0.34
0.878735   21.69  -0.34
0.878735   21.68  -0.34
0.879507   21.73  -0.34
0.879507   21.73  -0.34
0.879507   21.71  -0.34
0.879507   21.72  -0.34
0.879507   21.73  -0.34
0.880282   21.7  -0.34
0.880282   21.73  -0.34
0.880282   21.73  -0.34
0.880282   21.75  -0.34
0.881057   21.78  -0.34
0.881057   21.78  -0.34
0.881057   21.78  -0.34
0.881057   21.77  -0.34
0.881057   21.77  -0.34
0.881834   21.8  -0.34
0.881834   21.8  -0.34
0.881834   21.8  -0.34
0.881834   21.8  -0.34
0.881834   21.8  -0.34
0.881834   21.8  -0.34
0.882613   21.8  -0.34
0.882613   21.81  -0.34
0.882613   21.83  -0.34
0.882613   21.83  -0.34
0.882613   21.85  -0.34
0.883392   21.86  -0.34
0.883392   21.86  -0.34
0.883392   21.86  -0.34
0.883392   21.86  -0.34
0.884173   21.86  -0.34
0.884173   21.86  -0.34
0.884173   21.86  -0.34
0.884173   21.86  -0.34
0.884173   21.87  -0.34
0.884956   21.9  -0.34
0.884956   21.92  -0.34
0.884956   21.93  -0.34
0.884956   21.93  -0.34
0.88574   21.93  -0.34
0.88574   21.93  -0.34
0.88574   21.93  -0.34
0.886525   21.93  -0.34
0.886525   21.93  -0.34
0.886525   21.93  -0.34
0.887311   21.93  -0.34
0.887311   21.93  -0.34
0.887311   21.93  -0.34
0.887311   21.93  -0.34
0.887311   21.94  -0.34
0.887311   21.96  -0.34
0.887311   21.94  -0.34
0.887311   21.93  -0.34
0.888099   21.99  -0.34
0.888099   22  -0.34
0.888099   22  -0.34
0.888099   22  -0.34
0.888099   22  -0.34
0.888099   22  -0.34
0.888099   22  -0.34
0.888889   22  -0.34
0.888889   22  -0.34
0.888889   22  -0.34
0.888889   22  -0.34
0.88968   22  -0.34
0.88968   22.02  -0.34
0.88968   22.02  -0.34
0.88968   22.05  -0.34
0.88968   22.06  -0.34
0.890472   22.06  -0.34
0.890472   22.06  -0.34
0.890472   22.06  -0.34
0.890472   22.06  -0.34
0.890472   22.06  -0.34
0.890472   22.06  -0.34
0.891266   22.07  -0.34
0.891266   22.06  -0.34
0.891266   22.07  -0.34
0.891266   22.09  -0.34
0.891266   22.12  -0.34
0.892061   22.1  -0.34
0.892061   22.13  -0.34
0.892061   22.13  -0.34
0.892857   22.13  -0.34
0.892857   22.13  -0.34
0.892857   22.13  -0.34
0.892857   22.13  -0.34
0.892857   22.13  -0.34
0.892857   22.13  -0.34
0.893655   22.13  -0.34
0.893655   22.13  -0.34
0.893655   22.13  -0.34
0.893655   22.13  -0.34
0.893655   22.13  -0.34
0.894454   22.13  -0.34
0.894454   22.13  -0.34
0.894454   22.15  -0.34
0.894454   22.14  -0.34
0.894454   22.19  -0.34
0.895255   22.19  -0.34
0.895255   22.18  -0.34
0.895255   22.13  -0.34
0.895255   22.19  -0.34
0.896057   22.19  -0.34
0.896057   22.19  -0.34
0.896057   22.19  -0.34
0.896057   22.19  -0.34
0.896861   22.19  -0.34
0.896861   22.19  -0.34
0.896861   22.19  -0.34
0.896861   22.19  -0.34
0.896861   22.19  -0.34
0.896861   22.19  -0.34
0.896861   22.19  -0.34
0.896861   22.19  -0.34
0.896861   22.19  -0.34
0.897666   22.19  -0.34
0.897666   22.19  -0.34
0.897666   22.1  -0.34
0.897666   22.17  -0.34
0.897666   22.2  -0.34
0.898473   22.22  -0.34
0.898473   22.26  -0.34
0.898473   22.26  -0.34
0.898473   22.26  -0.34
0.898473   22.26  -0.34
0.899281   22.26  -0.34
0.899281   22.26  -0.34
0.899281   22.26  -0.34
0.899281   22.26  -0.34
0.899281   22.28  -0.34
0.90009   22.32  -0.34
0.90009   22.32  -0.34
0.90009   22.32  -0.34
0.90009   22.32  -0.34
0.90009   22.32  -0.34
0.900901   22.32  -0.34
0.900901   22.32  -0.34
0.900901   22.32  -0.34
0.900901   22.32  -0.34
0.901713   22.32  -0.34
0.901713   22.32  -0.34
0.902527   22.33  -0.34
0.902527   22.36  -0.34
0.902527   22.38  -0.34
0.902527   22.38  -0.34
0.903342   22.38  -0.34
0.903342   22.38  -0.34
0.903342   22.38  -0.34
0.903342   22.38  -0.34
0.903342   22.38  -0.34
0.903342   22.38  -0.34
0.904159   22.38  -0.34
0.904159   22.39  -0.34
0.904159   22.41  -0.34
0.904159   22.42  -0.34
0.904977   22.42  -0.34
0.904977   22.44  -0.34
0.904977   22.44  -0.34
0.904977   22.44  -0.34
0.904977   22.41  -0.34
0.905797   22.42  -0.34
0.905797   22.44  -0.34
0.905797   22.44  -0.34
0.905797   22.44  -0.34
0.905797   22.44  -0.34
0.906618   22.44  -0.34
0.906618   22.44  -0.34
0.906618   22.44  -0.34
0.906618   22.44  -0.34
0.906618   22.44  -0.34
0.907441   22.45  -0.34
0.907441   22.46  -0.34
0.907441   22.47  -0.34
0.907441   22.5  -0.34
0.907441   22.5  -0.34
0.907441   22.5  -0.34
0.908265   22.5  -0.34
0.908265   22.5  -0.34
0.908265   22.5  -0.34
0.908265   22.5  -0.34
0.908265   22.5  -0.34
0.908265   22.5  -0.34
0.909091   22.51  -0.34
0.909091   22.55  -0.34
0.909091   22.55  -0.34
0.909091   22.55  -0.34
0.909918   22.56  -0.34
0.909918   22.56  -0.34
0.909918   22.56  -0.34
0.909918   22.56  -0.34
0.909918   22.56  -0.34
0.910747   22.56  -0.34
0.910747   22.56  -0.34
0.910747   22.58  -0.34
0.911577   22.59  -0.34
0.911577   22.56  -0.34
0.911577   22.56  -0.34
0.912409   22.56  -0.34
0.912409   22.6  -0.34
0.912409   22.61  -0.34
0.912409   22.62  -0.34
0.912409   22.61  -0.34
0.912409   22.61  -0.34
0.913242   22.62  -0.34
0.913242   22.62  -0.34
0.913242   22.62  -0.34
0.913242   22.62  -0.34
0.914077   22.61  -0.34
0.914077   22.62  -0.34
0.914077   22.62  -0.34
0.914077   22.62  -0.34
0.914077   22.62  -0.34
0.914077   22.62  -0.34
0.914913   22.64  -0.34
0.914913   22.65  -0.34
0.914913   22.66  -0.34
0.914913   22.66  -0.34
0.914913   22.67  -0.34
0.915751   22.68  -0.34
0.915751   22.68  -0.34
0.915751   22.68  -0.34
0.915751   22.68  -0.34
0.915751   22.68  -0.34
0.915751   22.68  -0.34
0.915751   22.68  -0.34
0.91659   22.68  -0.34
0.91659   22.68  -0.34
0.91659   22.63  -0.34
0.91659   22.67  -0.34
0.91659   22.68  -0.34
0.917431   22.68  -0.34
0.917431   22.7  -0.34
0.917431   22.73  -0.34
0.918274   22.74  -0.34
0.918274   22.74  -0.34
0.919118   22.74  -0.34
0.919118   22.74  -0.34
0.919118   22.74  -0.34
0.919118   22.74  -0.34
0.919963   22.76  -0.34
0.919963   22.8  -0.34
0.919963   22.8  -0.34
0.92081   22.8  -0.34
0.92081   22.8  -0.34
0.92081   22.8  -0.34
0.92081   22.8  -0.34
0.92081   22.85  -0.34
0.921659   22.86  -0.34
0.921659   22.86  -0.34
0.921659   22.86  -0.34
0.921659   22.86  -0.34
0.921659   22.86  -0.34
0.922509   22.86  -0.34
0.922509   22.86  -0.34
0.922509   22.86  -0.34
0.922509   22.86  -0.34
0.922509   22.86  -0.34
0.923361   22.86  -0.34
0.923361   22.86  -0.34
0.923361   22.86  -0.34
0.923361   22.86  -0.34
0.923361   22.86  -0.34
0.924214   22.86  -0.34
0.924214   22.86  -0.34
0.924214   22.87  -0.34
0.924214   22.9  -0.34
0.924214   22.91  -0.34
0.924214   22.91  -0.34
0.924214   22.91  -0.34
0.925069   22.91  -0.34
0.925069   22.91  -0.34
0.925069   22.91  -0.34
0.925069   22.91  -0.34
0.925926   22.91  -0.34
0.925926   22.91  -0.34
0.925926   22.91  -0.34
0.925926   22.92  -0.34
0.925926   22.93  -0.34
0.926784   22.97  -0.34
0.926784   22.97  -0.34
0.926784   22.97  -0.34
0.927644   22.97  -0.34
0.927644   22.97  -0.34
0.927644   22.99  -0.34
0.927644   23.02  -0.34
0.927644   23.03  -0.34
0.928505   23.03  -0.34
0.928505   23.03  -0.34
0.928505   23.03  -0.34
0.928505   23.03  -0.34
0.929368   23.04  -0.34
0.929368   23.03  -0.34
0.929368   23.03  -0.34
0.929368   23.05  -0.34
0.930233   23.07  -0.34
0.930233   23.09  -0.34
0.930233   23.09  -0.34
0.930233   23.09  -0.34
0.931099   23.09  -0.34
0.931099   23.09  -0.34
0.931099   23.09  -0.34
0.931099   23.09  -0.34
0.931966   23.09  -0.34
0.931966   23.12  -0.34
0.932836   23.09  -0.34
0.932836   23.09  -0.34
0.932836   23.14  -0.34
0.932836   23.14  -0.34
0.932836   23.14  -0.34
0.932836   23.14  -0.34
0.933707   23.14  -0.34
0.933707   23.14  -0.34
0.933707   23.14  -0.34
0.933707   23.14  -0.34
0.933707   23.14  -0.34
0.933707   23.14  -0.34
0.933707   23.14  -0.34
0.934579   23.14  -0.34
0.934579   23.14  -0.34
0.934579   23.14  -0.34
0.934579   23.14  -0.34
0.934579   23.17  -0.34
0.934579   23.2  -0.34
0.935454   23.2  -0.34
0.935454   23.2  -0.34
0.935454   23.2  -0.34
0.93633   23.2  -0.34
0.93633   23.2  -0.34
0.93633   23.2  -0.34
0.937207   23.2  -0.34
0.937207   23.21  -0.34
0.937207   23.24  -0.34
0.938086   23.26  -0.34
0.938086   23.26  -0.34
0.938086   23.26  -0.34
0.938086   23.26  -0.34
0.938086   23.26  -0.34
0.938086   23.26  -0.34
0.938086   23.26  -0.34
0.938967   23.26  -0.34
0.938967   23.26  -0.34
0.938967   23.26  -0.34
0.938967   23.26  -0.34
0.938967   23.28  -0.34
0.938967   23.32  -0.34
0.93985   23.35  -0.34
0.93985   23.35  -0.34
0.93985   23.35  -0.34
0.93985   23.35  -0.34
0.940734   23.35  -0.34
0.940734   23.36  -0.34
0.940734   23.39  -0.34
0.940734   23.4  -0.34
0.94162   23.39  -0.34
0.94162   23.4  -0.34
0.94162   23.36  -0.34
0.94162   23.35  -0.34
0.942507   23.37  -0.34
0.942507   23.41  -0.34
0.942507   23.44  -0.34
0.942507   23.44  -0.34
0.942507   23.44  -0.34
0.942507   23.44  -0.34
0.943396   23.44  -0.34
0.943396   23.44  -0.34
0.943396   23.44  -0.34
0.943396   23.44  -0.34
0.943396   23.44  -0.34
0.944287   23.44  -0.34
0.944287   23.44  -0.34
0.944287   23.45  -0.34
0.944287   23.44  -0.34
0.944287   23.45  -0.34
0.944287   23.46  -0.34
0.944287   23.44  -0.34
0.94518   23.44  -0.34
0.94518   23.48  -0.34
0.94518   23.45  -0.34
0.946074   23.5  -0.34
0.946074   23.54  -0.34
0.946074   23.59  -0.34
0.94697   23.54  -0.34
0.94697   23.54  -0.34
0.94697   23.54  -0.34
0.947867   23.56  -0.34
0.947867   23.62  -0.34
0.947867   23.55  -0.34
0.948767   23.54  -0.34
0.948767   23.54  -0.34
0.948767   23.63  -0.34
0.948767   23.63  -0.34
0.949668   23.55  -0.34
0.949668   23.54  -0.34
0.949668   23.54  -0.34
0.949668   23.54  -0.34
0.95057   23.55  -0.34
0.95057   23.63  -0.34
0.95057   23.57  -0.34
0.95057   23.59  -0.34
0.95057   23.54  -0.34