0.247341   6.28  25.26
0.247341   6.29  25.26
0.247341   6.3  25.26
0.247341   6.28  25.26
0.247341   6.28  25.27
0.247341   6.28  25.26
0.247341   6.28  25.27
0.247341   6.28  25.26
0.247341   6.28  25.26
0.247341   6.28  25.26
0.247341   6.28  25.26
0.247341   6.28  25.26
0.247341   6.28  25.26
0.247341   6.29  25.26
0.247341   6.28  25.26
0.247341   6.28  25.26
0.247341   6.28  25.26
0.247341   6.28  25.26
0.247341   6.28  25.26
0.247341   6.28  25.26
0.247341   6.28  25.26
0.247341   6.28  25.26
0.247341   6.28  25.26
0.247341   6.28  25.26
0.247341   6.28  25.26
0.247341   6.28  25.26
0.247341   6.28  25.26
0.247341   6.28  25.26
0.247341   6.28  25.26
0.247341   6.28  25.26
0.247341   6.28  25.26
0.247341   6.28  25.26
0.247341   6.28  25.26
0.247341   6.29  25.26
0.247341   6.28  25.26
0.247341   6.28  25.26
0.247341   6.28  25.26
0.247341   6.29  25.26
0.247341   6.28  25.26
0.247341   6.28  25.26
0.247341   6.28  25.26
0.247341   6.29  25.26
0.247341   6.28  25.26
0.247341   6.28  25.26
0.247341   6.29  25.26
0.247341   6.28  25.26
0.247341   6.29  25.26
0.247341   6.28  25.26
0.247341   6.28  25.26
0.247341   6.28  25.26
0.247341   6.28  25.26
0.247341   6.28  25.26
0.247341   6.28  25.26
0.247341   6.28  25.26
0.247341   6.29  25.26
0.247341   6.28  25.26
0.247341   6.28  25.26
0.247341   6.28  25.26
0.247341   6.29  25.26
0.247341   6.29  25.26
0.247341   6.28  25.26
0.247341   6.28  25.26
0.247341   6.28  25.26
0.247341   6.28  25.26
0.247341   6.28  25.26
0.247341   6.28  25.26
0.247341   6.28  25.26
0.247341   6.29  25.26
0.247341   6.29  25.26
0.247341   6.3  25.26
0.247341   6.31  25.26
0.247341   6.29  25.26
0.247341   6.3  25.26
0.247341   6.37  25.26
0.247341   6.31  25.26
0.247341   6.3  25.26
0.247341   6.28  25.26
0.247341   6.28  25.26
0.247341   6.28  25.26
0.247341   6.28  25.26
0.247341   6.28  25.26
0.247341   6.27  25.26
0.247341   6.28  25.26
0.247341   6.28  25.26
0.247341   6.27  25.26
0.247341   6.27  25.26
0.247341   6.28  25.26
0.247341   6.28  25.26
0.247341   6.27  25.26
0.247341   6.28  25.26
0.247341   6.28  25.26
0.247341   6.27  25.26
0.247341   6.28  25.26
0.247341   6.28  25.26
0.247341   6.28  25.26
0.247341   6.28  25.26
0.247341   6.28  25.26
0.247341   6.29  25.26
0.247341   6.29  25.26
0.247341   6.28  25.26
0.247341   6.28  25.26
0.247341   6.28  25.26
0.247341   6.28  25.26
0.247341   6.28  25.26
0.247341   6.28  25.26
0.247341   6.27  25.26
0.247341   6.28  25.26
0.247341   6.28  25.26
0.247341   6.27  25.26
0.247341   6.28  25.26
0.247341   6.28  25.26
0.247341   6.28  25.26
0.247341   6.28  25.26
0.247341   6.28  25.26
0.247341   6.28  25.26
0.247341   6.28  25.26
0.247341   6.28  25.26
0.247341   6.28  25.26
0.247341   6.28  25.26
0.247341   6.28  25.26
0.247341   6.28  25.26
0.247341   6.28  25.26
0.247341   6.28  25.26
0.247341   6.28  25.26
0.247341   6.28  25.26
0.247341   6.28  25.26
0.247341   6.28  25.26
0.247341   6.28  25.26
0.247341   6.28  25.26
0.247341   6.28  25.26
0.247341   6.28  25.26
0.247341   6.28  25.26
0.247341   6.28  25.26
0.247341   6.28  25.26
0.247341   6.28  25.26
0.247341   6.28  25.26
0.247341   6.27  25.26
0.247341   6.28  25.26
0.247341   6.28  25.26
0.247341   6.28  25.26
0.247341   6.28  25.26
0.247341   6.28  25.26
0.247341   6.28  25.26
0.247341   6.28  25.26
0.247341   6.28  25.26
0.247341   6.28  25.26
0.247341   6.28  25.26
0.247341   6.28  25.26
0.247341   6.28  25.26
0.247341   6.28  25.26
0.247341   6.28  25.26
0.247341   6.28  25.26
0.247341   6.28  25.26
0.247341   6.28  25.26
0.247341   6.28  25.26
0.247341   6.28  25.26
0.247341   6.28  25.26
0.247341   6.28  25.26
0.247341   6.28  25.26
0.247341   6.28  25.26
0.247341   6.28  25.26
0.247341   6.28  25.26
0.247341   6.28  25.26
0.247341   6.28  25.26
0.247341   6.27  25.26
0.247341   6.27  25.26
0.247341   6.27  25.26
0.247341   6.27  25.26
0.247341   6.28  25.26
0.247341   6.28  25.26
0.247341   6.28  25.26
0.247341   6.28  25.26
0.247341   6.28  25.26
0.247341   6.39  25.26
0.247341   6.38  25.26
0.247341   6.37  25.26
0.247341   6.38  25.26
0.247341   6.38  25.26
0.247341   6.37  25.26
0.247341   6.38  25.26
0.247341   6.38  25.26
0.247463   6.37  25.26
0.248016   6.37  25.26
0.248385   6.36  25.26
0.248818   6.37  25.26
0.249688   6.43  25.26
0.250438   6.43  25.26
0.250752   6.43  25.26
0.251319   6.43  25.26
0.251889   6.47  25.26
0.252207   6.47  25.26
0.25227   6.46  25.26
0.25227   6.47  25.26
0.252717   6.5  25.26
0.252908   6.49  25.26
0.252972   6.49  25.26
0.2531   6.49  25.26
0.253614   6.51  25.26
0.253807   6.5  25.26
0.253872   6.51  25.26
0.25413   6.54  25.26
0.254259   6.54  25.26
0.254388   6.55  25.26
0.254647   6.54  25.26
0.254712   6.53  25.26
0.254777   6.53  25.26
0.254842   6.53  25.26
0.254842   6.53  25.26
0.254842   6.54  25.26
0.255102   6.55  25.26
0.255232   6.54  25.26
0.255297   6.53  25.26
0.255297   6.54  25.26
0.255428   6.55  25.26
0.255689   6.56  25.26
0.25582   6.55  25.26
0.255951   6.55  25.26
0.256148   6.58  25.26
0.256345   6.58  25.26
0.256608   6.58  25.26
0.256871   6.58  25.26
0.257069   6.58  25.26
0.257202   6.57  25.26
0.257202   6.57  25.26
0.257334   6.58  25.26
0.257599   6.6  25.26
0.258065   6.6  25.26
0.258331   6.6  25.26
0.258331   6.6  25.26
0.258331   6.59  25.26
0.258331   6.6  25.26
0.258465   6.61  25.26
0.258665   6.62  25.26
0.258799   6.62  25.26
0.258799   6.62  25.26
0.258866   6.63  25.26
0.259067   6.63  25.26
0.259202   6.63  25.26
0.259269   6.64  25.26
0.259538   6.66  25.26
0.259808   6.66  25.26
0.259943   6.66  25.26
0.260146   6.68  25.26
0.260349   6.69  25.26
0.260417   6.69  25.26
0.260688   6.72  25.26
0.261097   6.72  25.26
0.26137   6.73  25.26
0.261643   6.74  25.26
0.261712   6.73  25.26
0.261849   6.74  25.26
0.262192   6.74  25.26
0.262398   6.74  25.26
0.262881   6.77  25.26
0.263366   6.78  25.26
0.263574   6.78  25.26
0.263852   6.79  25.26
0.264061   6.79  25.26
0.26448   6.78  25.26
0.264831   6.79  25.26
0.264971   6.78  25.26
0.264971   6.78  25.26
0.264971   6.78  25.26
0.265041   6.79  25.26
0.265182   6.79  25.26
0.265322   6.79  25.26
0.265463   6.8  25.26
0.265463   6.8  25.26
0.265534   6.8  25.26
0.265604   6.81  25.26
0.265745   6.81  25.26
0.266099   6.83  25.26
0.266383   6.83  25.26
0.266525   6.83  25.26
0.266809   6.85  25.26
0.267094   6.84  25.26
0.267094   6.84  25.26
0.267094   6.84  25.26
0.267094   6.84  25.26
0.267094   6.84  25.26
0.267094   6.84  25.26
0.267308   6.89  25.26
0.267594   6.92  25.26
0.267881   6.94  25.26
0.268168   6.93  25.26
0.268456   6.93  25.26
0.268817   6.92  25.26
0.269107   6.92  25.26
0.269324   6.95  25.26
0.269978   6.93  25.26
0.270343   6.92  25.26
0.270416   6.91  25.26
0.270709   6.94  25.26
0.271003   6.94  25.26
0.271003   6.94  25.26
0.271003   6.93  25.26
0.271297   6.96  25.26
0.271518   6.96  25.26
0.271592   6.96  25.26
0.271592   6.96  25.26
0.271665   6.96  25.26
0.271665   6.98  25.26
0.271739   6.99  25.26
0.271813   6.99  25.26
0.271887   6.99  25.26
0.271961   7.02  25.26
0.272035   7.01  25.26
0.272183   7.01  25.26
0.272257   7.01  25.26
0.272405   7.01  25.26
0.272554   7.01  25.26
0.272702   7.02  25.26
0.272851   7.01  25.26
0.272926   7.01  25.26
0.273075   7.02  25.26
0.273373   7.03  25.26
0.273673   7.02  25.26
0.273748   7.03  25.26
0.273823   7.03  25.26
0.273898   7.03  25.26
0.273973   7.03  25.26
0.274123   7.05  25.26
0.274348   7.05  25.26
0.274424   7.07  25.26
0.274499   7.09  25.26
0.274574   7.1  25.26
0.274725   7.11  25.26
0.274801   7.11  25.26
0.274876   7.11  25.26
0.274952   7.11  25.26
0.274952   7.12  25.26
0.275028   7.13  25.26
0.275179   7.13  25.26
0.27533   7.12  25.26
0.275406   7.12  25.26
0.275634   7.14  25.26
0.275862   7.13  25.26
0.276014   7.13  25.26
0.276167   7.13  25.26
0.276319   7.13  25.26
0.276472   7.11  25.26
0.276549   7.11  25.26
0.276702   7.13  25.26
0.276932   7.13  25.26
0.277008   7.12  25.26
0.277085   7.13  25.26
0.277316   7.14  25.26
0.277624   7.15  25.26
0.278009   7.17  25.26
0.278242   7.18  25.26
0.278552   7.21  25.26
0.278784   7.22  25.26
0.27894   7.22  25.26
0.279174   7.21  25.26
0.279564   7.22  25.26
0.279799   7.22  25.26
0.279955   7.23  25.26
0.280348   7.23  25.26
0.280584   7.26  25.26
0.280741   7.26  25.26
0.280978   7.26  25.26
0.281215   7.25  25.26
0.281373   7.25  25.26
0.28169   7.27  25.26
0.281928   7.25  25.26
0.281928   7.24  25.26
0.281928   7.24  25.26
0.282008   7.28  25.26
0.282406   7.34  25.26
0.282566   7.33  25.26
0.282566   7.32  25.26
0.282566   7.33  25.26
0.282885   7.34  25.26
0.283366   7.37  25.26
0.283447   7.37  25.26
0.283527   7.36  25.26
0.283607   7.37  25.26
0.283849   7.35  25.26
0.284091   7.33  25.26
0.284172   7.34  25.26
0.284252   7.34  25.26
0.284252   7.34  25.26
0.284495   7.35  25.26
0.284738   7.37  25.26
0.2849   7.37  25.26
0.285063   7.37  25.26
0.285307   7.37  25.26
0.285225   7.36  25.26
0.285225   7.36  25.26
0.285225   7.36  25.26
0.285225   7.36  25.26
0.285144   7.35  25.26
0.285225   7.37  25.26
0.285878   7.44  25.26
0.286287   7.41  25.26
0.286369   7.41  25.26
0.286369   7.4  25.26
0.286369   7.4  25.26
0.286615   7.42  25.26
0.287026   7.43  25.26
0.287274   7.43  25.26
0.287522   7.44  25.26
0.287687   7.45  25.26
0.287853   7.46  25.26
0.288018   7.45  25.26
0.288101   7.46  25.26
0.288184   7.45  25.26
0.288184   7.44  25.26
0.288184   7.44  25.26
0.288184   7.44  25.26
0.288184   7.44  25.26
0.288101   7.44  25.26
0.288101   7.44  25.26
0.288101   7.45  25.26
0.288268   7.47  25.26
0.288434   7.47  25.26
0.288434   7.47  25.26
0.288517   7.47  25.26
0.288517   7.48  25.26
0.288684   7.48  25.26
0.288767   7.48  25.26
0.288934   7.48  25.26
0.289017   7.47  25.26
0.289017   7.48  25.26
0.289184   7.48  25.26
0.289268   7.48  25.26
0.289436   7.49  25.26
0.289519   7.5  25.26
0.289687   7.53  25.26
0.289939   7.55  25.26
0.290192   7.55  25.26
0.29036   7.55  25.26
0.290529   7.53  25.26
0.290613   7.53  25.26
0.290782   7.55  25.26
0.290951   7.56  25.26
0.291036   7.55  25.26
0.291206   7.55  25.26
0.29146   7.55  25.26
0.291545   7.55  25.26
0.291715   7.55  25.26
0.2918   7.55  25.26
0.292056   7.57  25.26
0.292398   7.59  25.26
0.292569   7.58  25.26
0.292654   7.57  25.26
0.29274   7.6  25.26
0.293169   7.62  25.26
0.293427   7.63  25.26
0.293858   7.62  25.26
0.294204   7.63  25.26
0.294377   7.63  25.26
0.294638   7.65  25.26
0.295247   7.67  25.26
0.295596   7.68  25.26
0.296033   7.71  25.26
0.296384   7.7  25.26
0.296472   7.71  25.25
0.296912   7.75  25.25
0.29753   7.75  25.26
0.297796   7.74  25.26
0.298063   7.73  25.26
0.298329   7.74  25.26
0.298507   7.75  25.25
0.298597   7.77  25.26
0.298775   7.76  25.26
0.298954   7.75  25.25
0.299133   7.76  25.25
0.299401   7.78  25.25
0.29967   7.78  25.25
0.29985   7.79  25.25
0.30012   7.79  25.26
0.30012   7.78  25.26
0.30012   7.78  25.26
0.30021   7.79  25.25
0.300391   7.79  25.26
0.300481   7.81  25.25
0.300842   7.83  25.26
0.300933   7.82  25.25
0.300933   7.82  25.26
0.300933   7.82  25.26
0.300842   7.81  25.26
0.300842   7.81  25.25
0.300842   7.81  25.25
0.301296   7.85  25.26
0.301659   7.86  25.26
0.301841   7.86  25.25
0.301932   7.86  25.25
0.302115   7.85  25.25
0.302206   7.86  25.25
0.302572   7.86  25.26
0.302663   7.86  25.25
0.302663   7.86  25.25
0.302939   7.89  25.25
0.30349   7.9  25.25
0.303582   7.89  25.25
0.303582   7.88  25.25
0.303582   7.89  25.25
0.303767   7.9  25.25
0.304136   7.9  25.26
0.304321   7.9  25.26
0.304507   7.94  25.25
0.304692   7.94  25.25
0.304785   7.94  25.26
0.304878   7.93  25.25
0.304878   7.94  25.25
0.305064   7.94  25.25
0.305064   7.95  25.25
0.305064   7.94  25.25
0.305157   7.95  25.25
0.30525   7.98  25.26
0.30553   7.95  25.26
0.305623   7.95  25.26
0.305717   7.95  25.25
0.305904   7.96  25.26
0.306091   7.98  25.25
0.306279   7.99  25.25
0.306373   7.98  25.26
0.306654   7.99  25.25
0.306937   7.98  25.25
0.307125   7.98  25.25
0.307409   7.98  25.26
0.307598   7.99  25.25
0.307882   8  25.25
0.308071   8  25.25
0.308261   7.99  25.25
0.308356   7.99  25.25
0.308356   8  25.25
0.308547   8.02  25.25
0.308833   8.02  25.25
0.308833   8.02  25.25
0.308928   8.01  25.25
0.308928   8.02  25.25
0.309119   8.02  25.25
0.309406   8.03  25.25
0.309406   8.03  25.25
0.309502   8.04  25.25
0.309789   8.06  25.25
0.309885   8.07  25.25
0.310078   8.09  25.25
0.31027   8.11  25.25
0.310463   8.11  25.25
0.310655   8.1  25.25
0.310945   8.11  25.25
0.311333   8.14  25.25
0.311429   8.15  25.25
0.311721   8.15  25.25
0.312012   8.14  25.25
0.31211   8.15  25.25
0.312402   8.15  25.25
0.312695   8.16  25.25
0.312891   8.17  25.25
0.313087   8.18  25.25
0.313381   8.19  25.25
0.313775   8.22  25.25
0.313972   8.22  25.25
0.31407   8.22  25.25
0.314169   8.21  25.25
0.314465   8.22  25.25
0.314762   8.23  25.25
0.31506   8.23  25.25
0.315259   8.23  25.25
0.315259   8.23  25.25
0.315358   8.24  25.25
0.315457   8.24  25.25
0.315457   8.27  25.25
0.315756   8.27  25.25
0.315956   8.31  25.25
0.316056   8.28  25.25
0.316156   8.27  25.25
0.316256   8.28  25.25
0.316456   8.28  25.25
0.316456   8.27  25.25
0.316656   8.28  25.25
0.316957   8.27  25.25
0.317058   8.27  25.25
0.317058   8.27  25.25
0.317158   8.29  25.25
0.317561   8.29  25.25
0.317864   8.3  25.25
0.318269   8.32  25.25
0.31837   8.33  25.25
0.318573   8.35  25.25
0.319081   8.35  25.25
0.319489   8.35  25.25
0.319795   8.36  25.25
0.32   8.36  25.25
0.320102   8.37  25.25
0.32041   8.38  25.25
0.320616   8.4  25.25
0.320718   8.39  25.25
0.320924   8.4  25.25
0.321234   8.39  25.25
0.321337   8.39  25.25
0.321337   8.38  25.25
0.32144   8.39  25.25
0.321647   8.39  25.25
0.32175   8.4  25.25
0.321854   8.42  25.25
0.322061   8.42  25.25
0.322165   8.42  25.25
0.322269   8.43  25.25
0.322373   8.43  25.25
0.322373   8.43  25.25
0.322477   8.43  25.25
0.322685   8.43  25.25
0.322789   8.43  25.25
0.322997   8.44  25.25
0.323102   8.43  25.25
0.323206   8.44  25.25
0.323415   8.45  25.25
0.323625   8.45  25.25
0.323834   8.46  25.25
0.324149   8.46  25.25
0.324359   8.47  25.25
0.32457   8.48  25.25
0.324781   8.47  25.25
0.324886   8.47  25.25
0.324992   8.49  25.25
0.325098   8.5  25.25
0.325203   8.51  25.25
0.325309   8.53  25.25
0.325309   8.54  25.25
0.325415   8.56  25.25
0.325521   8.58  25.25
0.325627   8.59  25.25
0.325627   8.59  25.25
0.325733   8.6  25.25
0.325733   8.61  25.25
0.325839   8.6  25.25
0.325945   8.59  25.25
0.326052   8.6  25.25
0.326264   8.6  25.25
0.326371   8.59  25.25
0.326477   8.58  25.25
0.326477   8.58  25.25
0.326477   8.58  25.25
0.326584   8.59  25.25
0.326691   8.58  25.25
0.326797   8.59  25.25
0.327118   8.64  25.25
0.327225   8.63  25.25
0.327439   8.62  25.25
0.327654   8.59  25.25
0.327869   8.59  25.25
0.327976   8.59  25.25
0.328299   8.59  25.25
0.328515   8.59  25.25
0.328731   8.59  25.25
0.329056   8.62  25.25
0.329272   8.62  25.25
0.329381   8.63  25.25
0.329707   8.63  25.25
0.329924   8.64  25.25
0.330251   8.66  25.25
0.330469   8.65  25.25
0.330579   8.65  25.25
0.331016   8.67  25.25
0.331345   8.68  25.25
0.331675   8.69  25.25
0.332447   8.7  25.25
0.332779   8.7  25.25
0.332889   8.69  25.25
0.333   8.69  25.25
0.333222   8.7  25.25
0.333333   8.72  25.25
0.333556   8.73  25.25
0.333667   8.73  25.25
0.333778   8.72  25.25
0.334113   8.76  25.25
0.334448   8.75  25.25
0.33456   8.74  25.25
0.335121   8.78  25.25
0.335458   8.78  25.25
0.33557   8.78  25.25
0.335796   8.8  25.25
0.336361   8.82  25.25
0.336587   8.81  25.25
0.336814   8.81  25.25
0.337154   8.82  25.25
0.337382   8.83  25.25
0.33761   8.83  25.25
0.337724   8.83  25.25
0.337838   8.82  25.25
0.337952   8.83  25.25
0.337952   8.83  25.25
0.338066   8.84  25.25
0.338181   8.84  25.25
0.338181   8.84  25.25
0.338295   8.85  25.25
0.338524   8.85  25.25
0.338524   8.85  25.25
0.338639   8.85  25.25
0.338868   8.85  25.25
0.338983   8.88  25.25
0.339098   8.88  25.25
0.339328   8.89  25.25
0.339443   8.89  25.25
0.339443   8.89  25.25
0.339559   8.88  25.25
0.339559   8.89  25.25
0.339559   8.89  25.25
0.339674   8.89  25.25
0.339789   8.89  25.25
0.339905   8.89  25.25
0.34002   8.89  25.25
0.340136   8.9  25.25
0.340368   8.92  25.25
0.340368   8.95  25.25
0.340599   8.96  25.25
0.340716   8.93  25.25
0.340832   8.92  25.25
0.340948   8.92  25.25
0.341064   8.93  25.25
0.341064   8.92  25.25
0.34118   8.94  25.25
0.341297   8.94  25.25
0.341413   8.94  25.25
0.34153   8.96  25.25
0.341647   8.96  25.25
0.341647   8.96  25.25
0.341647   8.96  25.25
0.341763   8.96  25.25
0.341763   8.96  25.25
0.341763   8.96  25.25
0.341763   8.97  25.25
0.34188   8.97  25.25
0.342114   8.97  25.25
0.342114   8.97  25.25
0.342231   8.96  25.25
0.342231   8.95  25.25
0.342231   8.96  25.25
0.342349   8.97  25.25
0.342466   8.97  25.25
0.342466   8.97  25.25
0.342583   8.98  25.25
0.342818   8.98  25.25
0.343171   8.99  25.25
0.343407   9.01  25.25
0.343407   9.01  25.25
0.343643   9.03  25.25
0.343997   9.04  25.25
0.344234   9.05  25.25
0.344471   9.07  25.25
0.344828   9.09  25.25
0.345066   9.1  25.25
0.345304   9.1  25.25
0.345543   9.08  25.25
0.345781   9.08  25.25
0.346021   9.09  25.25
0.34626   9.08  25.25
0.3465   9.1  25.25
0.34662   9.12  25.25
0.346861   9.13  25.25
0.346981   9.13  25.25
0.347222   9.12  25.25
0.347343   9.15  25.25
0.347584   9.16  25.25
0.347705   9.16  25.25
0.347947   9.16  25.25
0.348189   9.16  25.25
0.348311   9.16  25.25
0.348432   9.16  25.25
0.348554   9.16  25.25
0.348797   9.16  25.25
0.348918   9.15  25.25
0.348918   9.16  25.25
0.34904   9.19  25.25
0.349284   9.2  25.25
0.349528   9.2  25.25
0.349773   9.21  25.25
0.349895   9.22  25.25
0.350263   9.22  25.25
0.350754   9.21  25.25
0.350754   9.2  25.25
0.350754   9.2  25.25
0.351   9.22  25.25
0.35137   9.25  25.25
0.351741   9.27  25.25
0.351865   9.25  25.25
0.352237   9.26  25.25
0.352734   9.28  25.25
0.353107   9.27  25.25
0.353107   9.26  25.25
0.353107   9.26  25.25
0.353232   9.29  25.25
0.353607   9.3  25.25
0.353982   9.31  25.25
0.353982   9.31  25.25
0.354108   9.33  25.25
0.354484   9.32  25.25
0.354736   9.33  25.25
0.354862   9.34  25.25
0.354988   9.37  25.25
0.355366   9.37  25.25
0.355492   9.37  25.25
0.355619   9.37  25.25
0.355745   9.37  25.25
0.355872   9.38  25.25
0.355999   9.38  25.25
0.355999   9.38  25.25
0.355999   9.38  25.25
0.356506   9.41  25.25
0.356633   9.4  25.25
0.356761   9.4  25.25
0.356888   9.39  25.25
0.357015   9.39  25.25
0.35727   9.4  25.25
0.357526   9.41  25.25
0.35791   9.44  25.25
0.358166   9.43  25.25
0.358423   9.41  25.25
0.358809   9.42  25.25
0.359195   9.44  25.25
0.359454   9.45  25.25
0.359583   9.45  25.25
0.359712   9.46  25.25
0.359842   9.46  25.25
0.360101   9.47  25.25
0.360101   9.47  25.25
0.360231   9.48  25.25
0.360231   9.48  25.25
0.360231   9.48  25.25
0.360101   9.48  25.25
0.360231   9.48  25.25
0.360231   9.48  25.25
0.36036   9.48  25.25
0.36036   9.47  25.25
0.36049   9.48  25.25
0.36062   9.49  25.25
0.36062   9.49  25.25
0.36075   9.49  25.25
0.36075   9.49  25.25
0.361011   9.51  25.25
0.361141   9.51  25.25
0.361272   9.51  25.25
0.361533   9.53  25.25
0.361795   9.53  25.25
0.362056   9.53  25.25
0.36245   9.58  25.25
0.362713   9.58  25.25
0.362976   9.57  25.25
0.36324   9.57  25.25
0.36324   9.58  25.25
0.363504   9.61  25.25
0.363769   9.59  25.25
0.363901   9.59  25.25
0.364166   9.59  25.25
0.364299   9.58  25.25
0.364299   9.57  25.25
0.364564   9.61  25.25
0.364697   9.61  25.25
0.364697   9.6  25.25
0.364697   9.61  25.25
0.36483   9.61  25.25
0.36483   9.6  25.25
0.36483   9.6  25.25
0.36483   9.6  25.25
0.36483   9.61  25.25
0.36483   9.61  25.25
0.365097   9.62  25.25
0.365631   9.64  25.25
0.365764   9.65  25.25
0.366166   9.65  25.25
0.366703   9.64  25.25
0.366972   9.64  25.25
0.367242   9.65  25.25
0.367782   9.67  25.25
0.367918   9.66  25.25
0.368053   9.68  25.25
0.368053   9.69  25.25
0.368189   9.69  25.25
0.368324   9.69  25.25
0.368596   9.69  25.25
0.368596   9.68  25.25
0.368596   9.67  25.25
0.368596   9.66  25.25
0.368596   9.66  25.25
0.368868   9.7  25.25
0.369413   9.73  25.25
0.37037   9.77  25.25
0.37092   9.78  25.25
0.371058   9.77  25.25
0.37092   9.77  25.25
0.37092   9.77  25.25
0.37092   9.78  25.25
0.371195   9.78  25.25
0.371471   9.77  25.25
0.371471   9.77  25.25
0.371747   9.8  25.25
0.372162   9.82  25.25
0.372301   9.81  25.25
0.372301   9.81  25.25
0.372301   9.81  25.25
0.372162   9.81  25.25
0.372162   9.81  25.25
0.372162   9.81  25.25
0.372301   9.81  25.25
0.372578   9.81  25.25
0.372717   9.8  25.25
0.372856   9.81  25.25
0.373413   9.83  25.25
0.373832   9.83  25.25
0.373972   9.82  25.25
0.373972   9.84  25.25
0.374251   9.86  25.25
0.374532   9.87  25.25
0.374953   9.87  25.25
0.375375   9.87  25.25
0.375516   9.88  25.25
0.375657   9.88  25.25
0.375799   9.88  25.25
0.375799   9.89  25.25
0.37594   9.89  25.25
0.376081   9.89  25.25
0.376223   9.89  25.25
0.376223   9.89  25.25
0.376364   9.89  25.25
0.376364   9.9  25.25
0.376648   9.9  25.25
0.376648   9.89  25.25
0.376648   9.89  25.25
0.376648   9.91  25.25
0.37679   9.9  25.25
0.376932   9.9  25.25
0.377074   9.92  25.25
0.377216   9.91  25.25
0.377216   9.92  25.25
0.377358   9.93  25.25
0.377501   9.92  25.25
0.377644   9.92  25.25
0.377501   9.92  25.25
0.377501   9.91  25.25
0.377501   9.92  25.25
0.377644   9.93  25.25
0.377786   9.94  25.25
0.377929   9.93  25.24
0.377929   9.93  25.25
0.377929   9.94  25.25
0.378215   9.93  25.24
0.378358   9.94  25.25
0.378358   9.95  25.25
0.378644   9.96  25.25
0.378788   9.98  25.25
0.379075   9.97  25.25
0.379363   9.97  25.25
0.379507   9.97  25.24
0.379651   9.99  25.24
0.379795   10.01  25.24
0.380084   10.01  25.24
0.380228   10  25.24
0.380373   10  25.24
0.380662   10.01  25.24
0.380807   10.02  25.24
0.380952   10.03  25.24
0.380952   10.03  25.24
0.381243   10.03  25.24
0.381534   10.03  25.24
0.381679   10.02  25.24
0.381825   10.05  25.24
0.382263   10.06  25.24
0.382555   10.08  25.24
0.382848   10.08  25.24
0.383142   10.11  25.24
0.383436   10.13  25.24
0.383583   10.12  25.24
0.38373   10.12  25.24
0.383877   10.12  25.24
0.384172   10.12  25.24
0.384172   10.12  25.24
0.38432   10.13  25.24
0.384468   10.13  25.24
0.384468   10.14  25.24
0.384615   10.15  25.24
0.384911   10.15  25.24
0.385208   10.15  25.24
0.385208   10.15  25.24
0.385356   10.15  25.24
0.385356   10.16  25.24
0.385356   10.16  25.24
0.385356   10.17  25.24
0.385654   10.19  25.24
0.3861   10.2  25.24
0.386847   10.21  25.24
0.387597   10.22  25.24
0.387898   10.22  25.24
0.387747   10.21  25.24
0.387747   10.21  25.24
0.387747   10.21  25.24
0.387747   10.21  25.24
0.387747   10.21  25.24
0.387597   10.21  25.24
0.388048   10.24  25.24
0.388651   10.24  25.24
0.388954   10.24  25.24
0.388802   10.23  25.24
0.388802   10.23  25.24
0.388802   10.23  25.24
0.388802   10.23  25.24
0.388954   10.24  25.24
0.388954   10.23  25.24
0.388954   10.23  25.24
0.388954   10.23  25.24
0.388954   10.23  25.24
0.389105   10.24  25.24
0.389257   10.24  25.24
0.389408   10.24  25.24
0.389408   10.24  25.24
0.389408   10.24  25.24
0.389408   10.24  25.24
0.389408   10.25  25.24
0.38956   10.25  25.24
0.389712   10.25  25.24
0.389864   10.25  25.24
0.390016   10.25  25.24
0.390168   10.25  25.24
0.390168   10.25  25.24
0.390168   10.25  25.24
0.390168   10.25  25.24
0.390168   10.25  25.24
0.39032   10.25  25.24
0.39032   10.25  25.24
0.390472   10.25  25.24
0.390472   10.26  25.24
0.390625   10.26  25.24
0.390625   10.26  25.24
0.390778   10.27  25.24
0.390778   10.27  25.24
0.39093   10.28  25.24
0.391083   10.29  25.24
0.391236   10.29  25.24
0.391543   10.28  25.24
0.391696   10.27  25.24
0.392003   10.28  25.24
0.392311   10.29  25.24
0.392773   10.29  25.24
0.392927   10.29  25.24
0.393082   10.29  25.24
0.393082   10.29  25.24
0.393082   10.29  25.24
0.393236   10.29  25.24
0.393391   10.29  25.24
0.393391   10.3  25.24
0.393546   10.3  25.24
0.393701   10.32  25.24
0.393856   10.34  25.24
0.394166   10.36  25.24
0.394477   10.37  25.24
0.394633   10.37  25.24
0.394789   10.38  25.24
0.395101   10.39  25.24
0.395413   10.38  25.24
0.39557   10.38  25.24
0.395726   10.38  25.24
0.39604   10.39  25.24
0.396354   10.39  25.24
0.396354   10.39  25.24
0.396668   10.4  25.24
0.396983   10.4  25.24
0.396983   10.39  25.24
0.397141   10.4  25.24
0.397298   10.42  25.24
0.397614   10.42  25.24
0.397772   10.43  25.24
0.398089   10.44  25.24
0.398248   10.45  25.24
0.398406   10.47  25.24
0.398724   10.46  25.24
0.399042   10.46  25.24
0.399202   10.47  25.24
0.399521   10.48  25.24
0.39984   10.48  25.24
0.40016   10.49  25.24
0.400481   10.49  25.24
0.400641   10.48  25.24
0.400802   10.48  25.24
0.400802   10.48  25.24
0.400802   10.48  25.24
0.400802   10.49  25.24
0.400962   10.51  25.24
0.401445   10.52  25.24
0.401606   10.52  25.24
0.401768   10.53  25.24
0.402253   10.55  25.24
0.402739   10.55  25.24
0.402739   10.57  25.24
0.402901   10.6  25.24
0.403226   10.6  25.24
0.403226   10.59  25.24
0.403388   10.6  25.24
0.403877   10.63  25.24
0.404204   10.63  25.24
0.404204   10.63  25.24
0.404367   10.66  25.24
0.405022   10.67  25.24
0.405186   10.67  25.24
0.405022   10.67  25.24
0.405186   10.68  25.24
0.40568   10.68  25.24
0.405844   10.68  25.24
0.405844   10.68  25.24
0.405844   10.68  25.24
0.405844   10.68  25.24
0.406174   10.69  25.24
0.406669   10.68  25.24
0.406669   10.68  25.24
0.406835   10.68  25.24
0.407166   10.69  25.24
0.407498   10.7  25.24
0.407997   10.7  25.24
0.40833   10.7  25.24
0.408497   10.7  25.24
0.408831   10.7  25.24
0.408998   10.7  25.24
0.409165   10.7  25.24
0.409333   10.7  25.24
0.4095   10.71  25.24
0.409836   10.72  25.24
0.409836   10.72  25.24
0.410004   10.72  25.24
0.410004   10.72  25.24
0.410004   10.72  25.24
0.410172   10.73  25.24
0.410172   10.73  25.24
0.410341   10.73  25.24
0.410341   10.73  25.24
0.410509   10.73  25.24
0.410509   10.73  25.24
0.410678   10.74  25.24
0.410678   10.75  25.24
0.410846   10.77  25.24
0.410846   10.77  25.24
0.411184   10.78  25.24
0.411184   10.78  25.24
0.411353   10.78  25.24
0.411353   10.78  25.24
0.411523   10.79  25.24
0.411692   10.79  25.24
0.412031   10.79  25.24
0.412201   10.79  25.24
0.412201   10.79  25.24
0.412201   10.79  25.24
0.412371   10.8  25.24
0.412541   10.8  25.24
0.412712   10.82  25.24
0.412882   10.84  25.24
0.413052   10.85  25.24
0.413223   10.86  25.24
0.413394   10.87  25.24
0.413394   10.9  25.24
0.413736   10.9  25.24
0.414079   10.91  25.24
0.41425   10.91  25.24
0.41425   10.91  25.24
0.414594   10.92  25.24
0.414938   10.93  25.24
0.415455   10.95  25.24
0.4158   10.96  25.24
0.415973   10.97  25.24
0.41632   10.97  25.24
0.416493   10.98  25.24
0.416667   11  25.24
0.417014   11.01  25.24
0.417188   11.01  25.24
0.417362   11.01  25.24
0.417537   11.02  25.24
0.417711   11.02  25.24
0.418235   11.03  25.24
0.41841   11.04  25.24
0.41841   11.04  25.24
0.41841   11.05  25.24
0.418585   11.05  25.24
0.418585   11.05  25.24
0.41841   11.05  25.24
0.41841   11.05  25.24
0.41841   11.05  25.24
0.41841   11.06  25.24
0.419111   11.08  25.24
0.419463   11.08  25.24
0.419463   11.08  25.24
0.419463   11.08  25.24
0.419815   11.09  25.24
0.420168   11.1  25.24
0.420345   11.1  25.24
0.420521   11.11  25.24
0.420875   11.12  25.24
0.421053   11.12  25.24
0.421408   11.13  25.24
0.421941   11.14  25.24
0.422119   11.15  25.24
0.422476   11.15  25.24
0.422654   11.16  25.24
0.422833   11.16  25.24
0.423191   11.17  25.24
0.42337   11.18  25.24
0.423729   11.2  25.24
0.424088   11.2  25.24
0.424088   11.2  25.24
0.424268   11.2  25.24
0.424628   11.22  25.24
0.424809   11.22  25.24
0.424989   11.23  25.24
0.42517   11.23  25.24
0.425532   11.25  25.24
0.425713   11.26  25.24
0.425894   11.26  25.24
0.426257   11.27  25.24
0.426621   11.27  25.24
0.426621   11.27  25.24
0.426621   11.28  25.24
0.426803   11.29  25.24
0.426985   11.29  25.24
0.426985   11.29  25.24
0.426985   11.29  25.24
0.426985   11.29  25.24
0.426985   11.29  25.24
0.427168   11.3  25.24
0.427168   11.31  25.24
0.427168   11.31  25.24
0.427168   11.31  25.24
0.427168   11.31  25.24
0.427168   11.31  25.24
0.427168   11.31  25.24
0.427168   11.31  25.24
0.427168   11.31  25.24
0.427533   11.32  25.24
0.427899   11.32  25.24
0.427899   11.32  25.24
0.427899   11.32  25.24
0.427899   11.32  25.24
0.428449   11.36  25.24
0.428816   11.37  25.24
0.428816   11.37  25.24
0.428816   11.37  25.24
0.428816   11.37  25.24
0.428816   11.37  25.24
0.428816   11.37  25.24
0.428816   11.37  25.24
0.428816   11.37  25.24
0.428816   11.37  25.24
0.429185   11.37  25.24
0.429553   11.37  25.24
0.429738   11.38  25.24
0.429923   11.39  25.24
0.430293   11.4  25.24
0.430663   11.41  25.24
0.430663   11.41  25.24
0.430663   11.41  25.24
0.430849   11.41  25.24
0.431034   11.42  25.24
0.43122   11.42  25.24
0.43122   11.42  25.24
0.43122   11.42  25.24
0.43122   11.42  25.24
0.431406   11.42  25.24
0.431406   11.43  25.24
0.431965   11.44  25.24
0.432339   11.45  25.24
0.432339   11.45  25.24
0.432339   11.45  25.24
0.432339   11.45  25.24
0.4329   11.47  25.24
0.433463   11.49  25.24
0.433651   11.5  25.24
0.433839   11.5  25.24
0.434216   11.5  25.24
0.434594   11.52  25.24
0.434972   11.52  25.24
0.434972   11.52  25.24
0.435161   11.53  25.24
0.43573   11.54  25.24
0.43592   11.54  25.24
0.43611   11.55  25.24
0.43611   11.55  25.24
0.43611   11.55  25.24
0.43611   11.56  25.24
0.436491   11.56  25.24
0.436681   11.57  25.24
0.436872   11.57  25.24
0.436872   11.57  25.24
0.436681   11.57  25.24
0.436681   11.57  25.24
0.436681   11.57  25.24
0.436872   11.58  25.24
0.437254   11.58  25.24
0.437445   11.58  25.24
0.437445   11.58  25.24
0.437445   11.58  25.24
0.437445   11.58  25.24
0.437445   11.58  25.24
0.437637   11.59  25.24
0.437828   11.6  25.24
0.43802   11.6  25.24
0.43802   11.6  25.24
0.438212   11.6  25.24
0.438596   11.61  25.24
0.438982   11.62  25.24
0.439174   11.63  25.24
0.43956   11.64  25.24
0.439754   11.64  25.24
0.439754   11.65  25.24
0.440141   11.66  25.24
0.440723   11.69  25.24
0.441112   11.7  25.24
0.441306   11.71  25.24
0.441501   11.71  25.24
0.441696   11.72  25.24
0.441696   11.72  25.24
0.441891   11.73  25.24
0.442282   11.74  25.24
0.442674   11.74  25.24
0.44287   11.74  25.24
0.44287   11.75  25.24
0.443066   11.76  25.24
0.443459   11.76  25.24
0.443656   11.77  25.24
0.44405   11.77  25.24
0.444247   11.78  25.24
0.444247   11.78  25.24
0.444444   11.78  25.24
0.44484   11.8  25.24
0.445038   11.81  25.24
0.445038   11.81  25.24
0.445236   11.81  25.24
0.445038   11.81  25.24
0.445038   11.81  25.24
0.445038   11.81  25.24
0.445038   11.81  25.24
0.445038   11.81  25.24
0.445236   11.82  25.24
0.445236   11.82  25.24
0.445434   11.83  25.24
0.445633   11.83  25.24
0.445633   11.83  25.24
0.445633   11.83  25.24
0.445831   11.83  25.24
0.445831   11.83  25.24
0.44603   11.84  25.24
0.44603   11.84  25.24
0.446229   11.85  25.24
0.446628   11.86  25.24
0.447027   11.86  25.24
0.447227   11.87  25.24
0.447427   11.87  25.24
0.447628   11.87  25.24
0.447828   11.88  25.24
0.448229   11.9  25.24
0.448632   11.9  25.24
0.449035   11.91  25.24
0.449438   11.92  25.24
0.449843   11.93  25.24
0.450248   11.94  25.24
0.45045   11.95  25.24
0.450653   11.95  25.24
0.450857   11.96  25.24
0.45106   11.96  25.24
0.451264   11.97  25.24
0.451671   11.98  25.24
0.451875   11.99  25.24
0.45208   11.99  25.24
0.45208   11.99  25.24
0.45208   11.99  25.24
0.452284   12  25.24
0.452489   12  25.24
0.452694   12  25.24
0.452694   12  25.24
0.452694   12  25.24
0.452694   12  25.24
0.452694   12  25.24
0.452694   12.01  25.24
0.452694   12.01  25.24
0.452899   12.02  25.24
0.453309   12.03  25.24
0.453515   12.03  25.24
0.453515   12.03  25.24
0.453721   12.04  25.24
0.454339   12.05  25.24
0.454545   12.05  25.24
0.454545   12.05  25.24
0.454545   12.05  25.24
0.454545   12.05  25.24
0.454752   12.05  25.24
0.454752   12.05  25.24
0.454959   12.06  25.24
0.455166   12.06  25.24
0.455166   12.06  25.24
0.455373   12.07  25.24
0.455581   12.07  25.24
0.455996   12.09  25.24
0.455996   12.09  25.24
0.455996   12.09  25.24
0.456204   12.09  25.24
0.456204   12.09  25.24
0.456204   12.09  25.24
0.456204   12.09  25.24
0.456204   12.1  25.24
0.456413   12.11  25.24
0.456621   12.12  25.24
0.45683   12.12  25.24
0.45683   12.12  25.24
0.457038   12.13  25.24
0.457457   12.14  25.24
0.457457   12.14  25.24
0.457666   12.15  25.24
0.457666   12.15  25.24
0.458085   12.16  25.24
0.458295   12.16  25.24
0.458716   12.18  25.24
0.459137   12.19  25.24
0.459348   12.2  25.24
0.45977   12.2  25.24
0.459982   12.21  25.24
0.460193   12.21  25.24
0.460405   12.21  25.24
0.460405   12.21  25.24
0.460405   12.21  25.24
0.460405   12.22  25.24
0.460617   12.22  25.24
0.460829   12.22  25.24
0.460829   12.23  25.24
0.461042   12.24  25.24
0.461255   12.25  25.24
0.461467   12.25  25.24
0.461681   12.26  25.24
0.461894   12.26  25.24
0.461894   12.26  25.24
0.461894   12.26  25.24
0.462107   12.27  25.24
0.462321   12.28  25.24
0.462321   12.28  25.24
0.462321   12.28  25.24
0.462321   12.28  25.24
0.462321   12.28  25.24
0.462321   12.28  25.24
0.462321   12.28  25.24
0.462535   12.28  25.24
0.462535   12.28  25.24
0.462535   12.29  25.24
0.462749   12.29  25.24
0.462749   12.29  25.24
0.463177   12.29  25.24
0.463392   12.3  25.24
0.463607   12.3  25.24
0.463822   12.32  25.24
0.464037   12.33  25.24
0.464253   12.34  25.24
0.464684   12.34  25.24
0.4649   12.35  25.24
0.4649   12.35  25.24
0.465116   12.36  25.24
0.465333   12.36  25.24
0.465549   12.36  25.24
0.465766   12.37  25.24
0.4662   12.39  25.24
0.466636   12.39  25.24
0.466853   12.4  25.24
0.466853   12.4  25.24
0.466853   12.4  25.24
0.46729   12.41  25.24
0.467508   12.41  25.24
0.467727   12.42  25.24
0.467727   12.43  25.24
0.468165   12.44  25.24
0.468604   12.45  25.24
0.468604   12.45  25.24
0.468823   12.45  25.24
0.469263   12.46  25.24
0.469704   12.46  25.24
0.469925   12.46  25.24
0.470146   12.47  25.24
0.470367   12.49  25.24
0.470588   12.49  25.24
0.470588   12.49  25.24
0.470588   12.49  25.24
0.470588   12.5  25.24
0.470588   12.51  25.24
0.47081   12.51  25.24
0.47081   12.51  25.24
0.47081   12.51  25.24
0.47081   12.51  25.24
0.471032   12.51  25.24
0.471032   12.51  25.24
0.471032   12.51  25.24
0.471254   12.51  25.24
0.471254   12.51  25.24
0.471254   12.51  25.24
0.471254   12.51  25.24
0.471254   12.51  25.24
0.471254   12.51  25.24
0.471254   12.52  25.24
0.471476   12.52  25.24
0.471476   12.52  25.24
0.471921   12.53  25.24
0.472367   12.53  25.24
0.472367   12.53  25.24
0.472367   12.54  25.24
0.47259   12.55  25.24
0.472813   12.55  25.24
0.472813   12.55  25.24
0.472813   12.55  25.24
0.473037   12.55  25.24
0.473261   12.56  25.24
0.473485   12.56  25.24
0.473485   12.57  25.24
0.473709   12.57  25.24
0.473934   12.58  25.24
0.474158   12.58  25.24
0.474158   12.58  25.24
0.474383   12.6  25.24
0.474383   12.61  25.24
0.474608   12.61  25.24
0.474834   12.62  25.24
0.475285   12.62  25.24
0.475737   12.64  25.24
0.475964   12.64  25.24
0.47619   12.65  25.24
0.476417   12.65  25.24
0.476644   12.66  25.24
0.476872   12.67  25.24
0.476872   12.67  25.24
0.477099   12.68  25.24
0.477783   12.69  25.24
0.478698   12.7  25.24
0.478927   12.71  25.24
0.478927   12.71  25.24
0.478698   12.71  25.24
0.478927   12.72  25.24
0.478927   12.73  25.24
0.478927   12.73  25.24
0.478927   12.73  25.24
0.478927   12.73  25.24
0.479157   12.74  25.24
0.479386   12.75  25.24
0.479616   12.75  25.24
0.479846   12.75  25.24
0.480077   12.76  25.24
0.480769   12.77  25.24
0.481232   12.79  25.24
0.481928   12.8  25.24
0.482625   12.82  25.24
0.483092   12.83  25.24
0.483092   12.83  25.24
0.483325   12.84  25.24
0.483793   12.84  25.24
0.484262   12.86  25.24
0.484496   12.87  25.24
0.485201   12.88  25.24
0.485437   12.89  25.24
0.485673   12.9  25.24
0.486381   12.91  25.24
0.486855   12.92  25.24
0.487092   12.93  25.24
0.487329   12.94  25.24
0.487567   12.94  25.24
0.487805   12.95  25.24
0.488043   12.96  25.24
0.488281   12.97  25.24
0.48852   12.97  25.24
0.48852   12.97  25.24
0.488759   12.98  25.24
0.488998   12.98  25.24
0.488998   12.98  25.24
0.488998   12.98  25.24
0.488998   12.98  25.24
0.488998   12.98  25.24
0.488759   12.98  25.24
0.488759   12.98  25.24
0.488759   12.98  25.24
0.488759   12.98  25.24
0.488759   12.98  25.24
0.488759   12.98  25.24
0.488759   12.98  25.24
0.488759   12.98  25.24
0.488759   12.98  25.24
0.488759   12.99  25.24
0.488759   12.99  25.24
0.488998   13  25.24
0.489476   13  25.24
0.489476   13  25.24
0.489476   13  25.24
0.489476   13  25.24
0.489716   13.01  25.24
0.489956   13.02  25.24
0.490196   13.03  25.24
0.490196   13.04  25.24
0.490436   13.04  25.24
0.490436   13.04  25.24
0.490677   13.04  25.24
0.490677   13.04  25.24
0.490677   13.05  25.24
0.490918   13.05  25.24
0.491159   13.05  25.24
0.491159   13.06  25.24
0.4914   13.06  25.24
0.4914   13.06  25.24
0.491642   13.06  25.24
0.491642   13.07  25.24
0.491642   13.07  25.24
0.491884   13.07  25.24
0.491884   13.07  25.24
0.492126   13.08  25.24
0.492126   13.08  25.24
0.492368   13.09  25.24
0.492611   13.09  25.24
0.492611   13.09  25.24
0.492611   13.09  25.24
0.492611   13.09  25.24
0.492611   13.1  25.24
0.492854   13.1  25.24
0.492854   13.1  25.24
0.492854   13.1  25.24
0.492854   13.1  25.24
0.492854   13.1  25.24
0.492854   13.1  25.24
0.492854   13.11  25.24
0.493097   13.12  25.24
0.493097   13.12  25.24
0.493097   13.12  25.24
0.493097   13.12  25.24
0.49334   13.12  25.24
0.49334   13.12  25.24
0.49334   13.12  25.24
0.49334   13.12  25.24
0.49334   13.12  25.24
0.49334   13.13  25.24
0.493583   13.13  25.24
0.493583   13.13  25.24
0.493583   13.13  25.24
0.493583   13.13  25.24
0.493827   13.14  25.24
0.493827   13.14  25.24
0.493827   13.14  25.24
0.494071   13.14  25.24
0.494071   13.14  25.24
0.494071   13.14  25.24
0.494071   13.14  25.24
0.494315   13.15  25.24
0.494805   13.16  25.24
0.494805   13.16  25.24
0.495295   13.17  25.24
0.49554   13.18  25.24
0.496032   13.19  25.24
0.496032   13.19  25.24
0.496278   13.19  25.24
0.496278   13.2  25.24
0.496771   13.21  25.24
0.496771   13.22  25.24
0.496771   13.22  25.24
0.496771   13.22  25.24
0.497265   13.23  25.24
0.497512   13.24  25.24
0.497512   13.24  25.24
0.49776   13.24  25.24
0.49776   13.25  25.24
0.498008   13.25  25.24
0.498008   13.25  25.24
0.498256   13.26  25.24
0.498256   13.26  25.24
0.498504   13.26  25.24
0.498504   13.26  25.24
0.498753   13.27  25.24
0.498753   13.28  25.24
0.498753   13.28  25.24
0.498753   13.28  25.24
0.498753   13.28  25.24
0.498753   13.28  25.24
0.499002   13.28  25.24
0.499002   13.28  25.24
0.499002   13.29  25.24
0.4995   13.3  25.24
0.4995   13.31  25.24
0.49975   13.31  25.24
0.5   13.33  25.24
0.500751   13.34  25.24
0.501002   13.34  25.24
0.501253   13.34  25.24
0.501505   13.34  25.24
0.501505   13.34  25.24
0.501505   13.34  25.24
0.501505   13.34  25.24
0.501756   13.36  25.24
0.50226   13.37  25.24
0.50226   13.37  25.24
0.502513   13.37  25.24
0.502513   13.37  25.24
0.502765   13.38  25.24
0.503271   13.38  25.24
0.503271   13.38  25.24
0.503271   13.38  25.24
0.503271   13.39  25.24
0.503778   13.41  25.24
0.504286   13.42  25.24
0.504286   13.42  25.24
0.504286   13.42  25.24
0.504286   13.43  25.24
0.504541   13.43  25.24
0.504796   13.43  25.24
0.505051   13.44  25.24
0.505306   13.44  25.24
0.505561   13.44  25.24
0.505561   13.45  25.24
0.505561   13.45  25.24
0.505561   13.45  25.24
0.505561   13.45  25.24
0.505817   13.46  25.24
0.506329   13.47  25.24
0.506586   13.48  25.24
0.506586   13.48  25.24
0.506842   13.49  25.24
0.507099   13.5  25.24
0.507357   13.5  25.24
0.507357   13.5  25.24
0.507357   13.5  25.24
0.507357   13.5  25.24
0.507357   13.51  25.24
0.507614   13.52  25.24
0.507614   13.52  25.24
0.507872   13.52  25.24
0.50813   13.53  25.24
0.508388   13.53  25.24
0.508388   13.53  25.24
0.508388   13.54  25.24
0.508647   13.54  25.24
0.508647   13.53  25.24
0.508647   13.54  25.24
0.508906   13.55  25.24
0.509165   13.55  25.24
0.509165   13.55  25.24
0.509424   13.56  25.24
0.509684   13.57  25.24
0.509944   13.57  25.24
0.509944   13.58  25.24
0.510204   13.58  25.24
0.510465   13.59  25.24
0.510725   13.6  25.24
0.511247   13.61  25.24
0.511771   13.62  25.24
0.512033   13.63  25.24
0.512558   13.64  25.24
0.513084   13.65  25.24
0.513084   13.65  25.24
0.513084   13.65  25.24
0.513084   13.65  25.24
0.513084   13.66  25.24
0.513347   13.67  25.24
0.513347   13.67  25.24
0.513347   13.67  25.24
0.513611   13.68  25.24
0.513875   13.68  25.24
0.514139   13.68  25.24
0.514139   13.68  25.24
0.514139   13.69  25.24
0.514139   13.69  25.24
0.514139   13.7  25.24
0.514403   13.7  25.24
0.514933   13.72  25.24
0.515198   13.72  25.24
0.515198   13.73  25.24
0.51573   13.75  25.24
0.516262   13.75  25.24
0.516529   13.75  25.24
0.516796   13.75  25.24
0.516796   13.76  25.24
0.517063   13.77  25.24
0.517598   13.78  25.24
0.517598   13.78  25.24
0.517866   13.79  25.24
0.518403   13.81  25.24
0.518941   13.82  25.24
0.519481   13.83  25.24
0.519751   13.84  25.24
0.519751   13.85  25.24
0.519751   13.85  25.24
0.520021   13.85  25.24
0.520562   13.86  25.24
0.521105   13.87  25.24
0.521376   13.88  25.24
0.521376   13.88  25.24
0.521376   13.88  25.24
0.521376   13.88  25.23
0.521376   13.88  25.24
0.521376   13.88  25.24
0.521376   13.88  25.24
0.521376   13.89  25.24
0.521648   13.9  25.24
0.522193   13.91  25.23
0.522466   13.92  25.24
0.522739   13.93  25.24
0.523013   13.93  25.24
0.523286   13.93  25.23
0.523286   13.93  25.24
0.523286   13.93  25.23
0.523286   13.95  25.24
0.523834   13.96  25.24
0.523834   13.96  25.23
0.523834   13.96  25.23
0.523834   13.97  25.23
0.523834   13.97  25.24
0.523834   13.97  25.23
0.524109   13.97  25.23
0.524659   13.97  25.23
0.524934   13.98  25.23
0.524934   13.99  25.23
0.524934   13.99  25.23
0.524934   13.99  25.23
0.524934   13.99  25.23
0.52521   13.99  25.23
0.525486   14  25.23
0.525762   14.01  25.23
0.525762   14.01  25.23
0.526039   14.03  25.23
0.526316   14.03  25.23
0.526593   14.04  25.23
0.526593   14.04  25.23
0.526593   14.04  25.23
0.526593   14.04  25.23
0.526593   14.05  25.23
0.527148   14.06  25.23
0.527426   14.07  25.23
0.527704   14.08  25.23
0.527983   14.08  25.23
0.528262   14.09  25.23
0.528541   14.1  25.23
0.528821   14.11  25.23
0.529101   14.11  25.23
0.529381   14.12  25.23
0.529661   14.13  25.23
0.529942   14.13  25.23
0.530223   14.14  25.24
0.530504   14.14  25.23
0.530504   14.15  25.23
0.531067   14.16  25.23
0.53135   14.17  25.23
0.531632   14.17  25.23
0.531632   14.17  25.23
0.531632   14.17  25.23
0.53135   14.18  25.23
0.531632   14.18  25.23
0.531915   14.19  25.23
0.532198   14.2  25.23
0.532198   14.2  25.23
0.532198   14.2  25.23
0.532198   14.2  25.23
0.532198   14.2  25.23
0.532198   14.2  25.23
0.532481   14.2  25.23
0.532481   14.21  25.23
0.532765   14.22  25.23
0.533049   14.22  25.23
0.533049   14.22  25.23
0.533333   14.23  25.24
0.533333   14.23  25.23
0.533333   14.23  25.23
0.533618   14.24  25.23
0.533903   14.25  25.23
0.534188   14.26  25.23
0.534759   14.26  25.23
0.535332   14.28  25.23
0.535906   14.29  25.23
0.536481   14.3  25.23
0.536769   14.31  25.23
0.537057   14.32  25.23
0.537346   14.33  25.23
0.537634   14.34  25.23
0.537924   14.35  25.23
0.538213   14.36  25.23
0.538213   14.36  25.23
0.538503   14.37  25.23
0.538793   14.38  25.23
0.539084   14.38  25.23
0.538793   14.38  25.23
0.538793   14.38  25.23
0.539084   14.38  25.23
0.539084   14.39  25.23
0.539084   14.39  25.23
0.539084   14.39  25.23
0.539084   14.4  25.23
0.539084   14.4  25.23
0.539374   14.4  25.23
0.539665   14.41  25.23
0.539957   14.41  25.23
0.539957   14.42  25.23
0.540249   14.42  25.23
0.540249   14.42  25.23
0.540249   14.42  25.23
0.540249   14.42  25.23
0.540541   14.43  25.23
0.540833   14.44  25.23
0.541126   14.44  25.23
0.541419   14.45  25.23
0.541712   14.46  25.23
0.541712   14.46  25.23
0.542005   14.46  25.23
0.542005   14.47  25.23
0.542299   14.48  25.23
0.542594   14.48  25.23
0.542594   14.48  25.23
0.542888   14.49  25.23
0.543183   14.5  25.23
0.543478   14.51  25.23
0.543478   14.51  25.23
0.543774   14.51  25.23
0.54407   14.52  25.23
0.54407   14.52  25.23
0.54407   14.52  25.23
0.544366   14.52  25.23
0.544662   14.54  25.23
0.544662   14.54  25.23
0.544959   14.55  25.23
0.544959   14.56  25.23
0.545256   14.56  25.23
0.545256   14.56  25.23
0.545256   14.56  25.23
0.545256   14.56  25.23
0.545256   14.56  25.23
0.545256   14.56  25.23
0.545256   14.56  25.23
0.545256   14.56  25.23
0.545256   14.56  25.23
0.545256   14.56  25.23
0.545554   14.56  25.23
0.545554   14.56  25.23
0.545852   14.57  25.23
0.545852   14.57  25.23
0.545852   14.58  25.23
0.54615   14.58  25.23
0.54615   14.58  25.23
0.546448   14.59  25.23
0.546448   14.59  25.23
0.546747   14.6  25.23
0.546747   14.6  25.23
0.546747   14.6  25.23
0.547046   14.6  25.23
0.547046   14.61  25.23
0.547345   14.61  25.23
0.547345   14.61  25.23
0.547645   14.62  25.23
0.547645   14.62  25.23
0.547945   14.63  25.23
0.547945   14.63  25.23
0.548246   14.64  25.23
0.548546   14.64  25.23
0.548546   14.65  25.23
0.548847   14.66  25.23
0.549149   14.66  25.23
0.549149   14.66  25.23
0.549451   14.66  25.23
0.549753   14.68  25.23
0.550055   14.68  25.23
0.550055   14.69  25.23
0.550358   14.69  25.23
0.550661   14.7  25.23
0.550964   14.7  25.23
0.551268   14.7  25.23
0.551572   14.71  25.23
0.551876   14.73  25.23
0.552486   14.75  25.23
0.552792   14.76  25.23
0.553097   14.76  25.23
0.553097   14.77  25.23
0.553403   14.77  25.23
0.55371   14.78  25.23
0.55371   14.79  25.23
0.55371   14.79  25.23
0.554017   14.79  25.23
0.554017   14.79  25.23
0.554017   14.79  25.23
0.554324   14.8  25.23
0.554324   14.81  25.23
0.554324   14.81  25.23
0.554631   14.81  25.23
0.554631   14.81  25.23
0.554631   14.81  25.23
0.554631   14.81  25.23
0.554631   14.82  25.23
0.554939   14.82  25.23
0.554939   14.83  25.23
0.554939   14.83  25.23
0.554939   14.83  25.23
0.555247   14.83  25.23
0.555247   14.83  25.23
0.555247   14.83  25.23
0.555556   14.83  25.23
0.555556   14.83  25.23
0.555556   14.83  25.23
0.555556   14.83  25.23
0.555556   14.84  25.23
0.555864   14.84  25.23
0.555864   14.84  25.23
0.555864   14.84  25.23
0.555864   14.85  25.23
0.555864   14.85  25.23
0.556174   14.85  25.23
0.556174   14.85  25.23
0.556174   14.85  25.23
0.556174   14.85  25.23
0.556483   14.86  25.23
0.556483   14.86  25.23
0.556483   14.86  25.23
0.556793   14.87  25.23
0.556793   14.87  25.23
0.556793   14.87  25.23
0.557103   14.87  25.23
0.557103   14.87  25.23
0.557103   14.87  25.23
0.557414   14.89  25.23
0.557414   14.89  25.23
0.557414   14.89  25.23
0.557414   14.89  25.23
0.557724   14.9  25.23
0.557724   14.91  25.23
0.557724   14.91  25.23
0.557724   14.91  25.23
0.558036   14.91  25.23
0.558036   14.91  25.23
0.558036   14.91  25.23
0.558347   14.91  25.23
0.558347   14.91  25.23
0.558347   14.92  25.23
0.558347   14.91  25.23
0.558659   14.92  25.23
0.558659   14.93  25.23
0.558659   14.93  25.23
0.558659   14.93  25.23
0.558971   14.93  25.23
0.558971   14.94  25.23
0.558971   14.94  25.23
0.558971   14.94  25.23
0.558971   14.94  25.23
0.558971   14.95  25.23
0.559284   14.95  25.23
0.559284   14.95  25.23
0.559284   14.95  25.23
0.559597   14.95  25.23
0.559597   14.95  25.23
0.559597   14.96  25.23
0.55991   14.96  25.23
0.560224   14.96  25.23
0.560538   14.97  25.23
0.560852   14.99  25.23
0.561482   15  25.23
0.561798   15.01  25.23
0.56243   15.02  25.23
0.562746   15.02  25.23
0.563063   15.03  25.23
0.56338   15.04  25.23
0.563698   15.05  25.23
0.564016   15.06  25.23
0.564016   15.07  25.23
0.564334   15.08  25.23
0.564653   15.08  25.23
0.564653   15.08  25.23
0.564653   15.09  25.23
0.564972   15.1  25.23
0.564972   15.1  25.23
0.565291   15.1  25.23
0.565291   15.1  25.23
0.565291   15.1  25.23
0.565611   15.1  25.23
0.565611   15.11  25.23
0.565931   15.11  25.23
0.565931   15.11  25.23
0.565931   15.11  25.23
0.566251   15.12  25.23
0.566251   15.12  25.23
0.566572   15.13  25.23
0.566572   15.13  25.23
0.566893   15.15  25.23
0.566893   15.15  25.23
0.567215   15.15  25.23
0.567215   15.15  25.23
0.567537   15.17  25.23
0.567859   15.17  25.23
0.567859   15.17  25.23
0.568182   15.17  25.23
0.568182   15.18  25.23
0.568505   15.19  25.23
0.568505   15.19  25.23
0.568828   15.19  25.23
0.569152   15.2  25.23
0.569152   15.21  25.23
0.569476   15.21  25.23
0.569476   15.22  25.23
0.569801   15.22  25.23
0.569801   15.23  25.23
0.569801   15.23  25.23
0.570125   15.23  25.23
0.570125   15.24  25.23
0.570125   15.24  25.23
0.570451   15.25  25.23
0.570451   15.25  25.23
0.570776   15.25  25.23
0.570776   15.25  25.23
0.571102   15.26  25.23
0.571102   15.26  25.23
0.571102   15.26  25.23
0.571429   15.27  25.23
0.571429   15.27  25.23
0.571755   15.28  25.23
0.572082   15.29  25.23
0.572082   15.29  25.23
0.57241   15.3  25.23
0.57241   15.3  25.23
0.572738   15.3  25.23
0.572738   15.3  25.23
0.573066   15.3  25.23
0.573066   15.3  25.23
0.573066   15.31  25.23
0.573394   15.32  25.23
0.573723   15.34  25.23
0.573723   15.34  25.23
0.574053   15.34  25.23
0.574383   15.34  25.23
0.574383   15.34  25.23
0.574713   15.35  25.23
0.574713   15.36  25.23
0.575043   15.36  25.23
0.575043   15.36  25.23
0.575043   15.37  25.23
0.575043   15.37  25.23
0.575374   15.38  25.23
0.575374   15.38  25.23
0.575374   15.38  25.23
0.575705   15.39  25.23
0.575705   15.4  25.23
0.576037   15.4  25.23
0.576369   15.4  25.23
0.576369   15.41  25.23
0.576701   15.42  25.23
0.576701   15.42  25.23
0.577034   15.42  25.23
0.577034   15.42  25.23
0.577367   15.42  25.23
0.577367   15.43  25.23
0.577701   15.44  25.23
0.577701   15.44  25.23
0.578035   15.45  25.23
0.578035   15.46  25.23
0.578369   15.46  25.23
0.578369   15.46  25.23
0.578704   15.47  25.23
0.578704   15.47  25.23
0.579039   15.48  25.23
0.579039   15.48  25.23
0.579374   15.49  25.23
0.57971   15.5  25.23
0.57971   15.5  25.23
0.580046   15.5  25.23
0.580046   15.5  25.23
0.580383   15.51  25.23
0.580383   15.51  25.23
0.58072   15.51  25.23
0.58072   15.52  25.23
0.581058   15.53  25.23
0.581058   15.53  25.23
0.581395   15.53  25.23
0.581395   15.53  25.23
0.581734   15.54  25.23
0.581734   15.55  25.23
0.581734   15.55  25.23
0.582072   15.55  25.23
0.582072   15.55  25.23
0.582072   15.56  25.23
0.582411   15.57  25.23
0.582411   15.57  25.23
0.582751   15.58  25.23
0.582751   15.59  25.23
0.582751   15.59  25.23
0.58309   15.59  25.23
0.58309   15.59  25.23
0.58309   15.59  25.23
0.583431   15.59  25.23
0.583431   15.6  25.23
0.583431   15.6  25.23
0.583771   15.6  25.23
0.583771   15.61  25.23
0.583771   15.61  25.23
0.584112   15.62  25.23
0.584112   15.63  25.23
0.584454   15.63  25.23
0.584454   15.63  25.23
0.584795   15.64  25.23
0.585138   15.64  25.23
0.585138   15.65  25.23
0.58548   15.65  25.23
0.58548   15.65  25.23
0.58548   15.66  25.23
0.585823   15.66  25.23
0.585823   15.67  25.23
0.585823   15.67  25.23
0.586166   15.67  25.23
0.586166   15.67  25.23
0.58651   15.68  25.23
0.58651   15.69  25.23
0.586854   15.69  25.23
0.587199   15.69  25.23
0.587199   15.7  25.23
0.587544   15.71  25.23
0.587889   15.73  25.23
0.588235   15.73  25.23
0.588582   15.74  25.23
0.588582   15.75  25.23
0.588928   15.75  25.23
0.588928   15.75  25.23
0.589275   15.75  25.23
0.589275   15.76  25.23
0.589275   15.76  25.23
0.589623   15.77  25.23
0.589623   15.77  25.23
0.589623   15.77  25.23
0.589623   15.78  25.23
0.589623   15.78  25.23
0.589971   15.79  25.23
0.589971   15.79  25.23
0.589971   15.8  25.23
0.589971   15.8  25.23
0.590319   15.8  25.23
0.590319   15.8  25.23
0.590319   15.8  25.23
0.590319   15.8  25.23
0.590667   15.8  25.23
0.590667   15.81  25.23
0.590667   15.81  25.23
0.590667   15.81  25.23
0.591017   15.82  25.23
0.591017   15.82  25.23
0.591017   15.82  25.23
0.591366   15.82  25.23
0.591716   15.82  25.23
0.591716   15.83  25.23
0.592066   15.84  25.23
0.592066   15.84  25.23
0.592417   15.84  25.23
0.592417   15.84  25.23
0.592768   15.85  25.23
0.59312   15.86  25.23
0.59312   15.87  25.23
0.593472   15.88  25.23
0.593824   15.88  25.23
0.593824   15.89  25.23
0.594177   15.9  25.23
0.59453   15.9  25.23
0.594884   15.9  25.23
0.594884   15.91  25.23
0.594884   15.92  25.23
0.595238   15.92  25.23
0.595238   15.92  25.23
0.595593   15.92  25.23
0.595593   15.93  25.23
0.595948   15.94  25.23
0.595948   15.94  25.23
0.595948   15.94  25.23
0.595948   15.94  25.23
0.596303   15.95  25.23
0.596303   15.96  25.23
0.596303   15.96  25.23
0.596303   15.96  25.23
0.596659   15.96  25.23
0.596659   15.97  25.23
0.597015   15.97  25.23
0.597372   15.98  25.23
0.597372   15.98  25.23
0.597729   16  25.23
0.598086   16  25.23
0.598086   16  25.23
0.598444   16.01  25.23
0.598802   16.02  25.23
0.599161   16.02  25.23
0.599161   16.04  25.23
0.59952   16.04  25.23
0.59952   16.05  25.23
0.59988   16.06  25.23
0.59988   16.06  25.23
0.60024   16.06  25.23
0.600601   16.06  25.23
0.600601   16.08  25.23
0.600962   16.08  25.23
0.601323   16.09  25.23
0.601685   16.1  25.23
0.601685   16.1  25.23
0.602047   16.1  25.23
0.60241   16.12  25.23
0.60241   16.12  25.23
0.602773   16.12  25.23
0.602773   16.13  25.23
0.603136   16.14  25.23
0.603136   16.14  25.23
0.6035   16.14  25.23
0.6035   16.15  25.23
0.603865   16.16  25.23
0.603865   16.16  25.23
0.60423   16.16  25.23
0.60423   16.17  25.23
0.604595   16.18  25.23
0.604595   16.19  25.23
0.604961   16.2  25.23
0.604961   16.2  25.23
0.605327   16.2  25.23
0.605327   16.21  25.23
0.605694   16.21  25.23
0.606061   16.22  25.23
0.606061   16.22  25.23
0.606428   16.22  25.23
0.606428   16.23  25.23
0.606796   16.24  25.23
0.606796   16.25  25.23
0.607165   16.25  25.23
0.607165   16.25  25.23
0.607533   16.26  25.23
0.607533   16.27  25.23
0.607903   16.28  25.23
0.608273   16.29  25.23
0.608273   16.29  25.23
0.608643   16.29  25.23
0.608643   16.29  25.23
0.609013   16.3  25.23
0.609013   16.3  25.23
0.609385   16.31  25.23
0.609385   16.32  25.23
0.609756   16.32  25.23
0.609756   16.32  25.23
0.609756   16.32  25.23
0.610128   16.33  25.23
0.610128   16.33  25.23
0.610501   16.34  25.23
0.610874   16.34  25.23
0.610874   16.36  25.23
0.611247   16.36  25.23
0.611621   16.37  25.23
0.611995   16.37  25.23
0.611995   16.38  25.23
0.61237   16.38  25.23
0.61237   16.38  25.23
0.61237   16.38  25.23
0.61237   16.38  25.23
0.61237   16.38  25.23
0.612745   16.39  25.23
0.612745   16.4  25.23
0.613121   16.4  25.23
0.613121   16.41  25.23
0.613121   16.42  25.23
0.613497   16.42  25.23
0.613497   16.42  25.23
0.613874   16.43  25.23
0.613874   16.44  25.23
0.614251   16.44  25.23
0.614628   16.45  25.23
0.614628   16.46  25.23
0.615006   16.46  25.23
0.615006   16.46  25.23
0.615385   16.46  25.23
0.615385   16.47  25.23
0.615764   16.48  25.23
0.615764   16.48  25.23
0.616143   16.5  25.23
0.616523   16.5  25.23
0.616523   16.5  25.23
0.616903   16.51  25.23
0.616903   16.51  25.23
0.616903   16.52  25.23
0.617284   16.52  25.23
0.617284   16.53  25.23
0.617665   16.53  25.23
0.617665   16.54  25.23
0.617665   16.54  25.23
0.617665   16.54  25.23
0.617665   16.54  25.23
0.618047   16.55  25.23
0.618047   16.56  25.23
0.618429   16.56  25.23
0.618429   16.56  25.23
0.618812   16.57  25.23
0.618812   16.58  25.23
0.619195   16.58  25.23
0.619195   16.58  25.23
0.619195   16.6  25.23
0.619579   16.6  25.23
0.619579   16.6  25.23
0.619579   16.6  25.23
0.619963   16.62  25.23
0.620347   16.62  25.23
0.620347   16.62  25.23
0.620732   16.63  25.23
0.620732   16.64  25.23
0.621118   16.64  25.23
0.621504   16.65  25.23
0.621504   16.65  25.23
0.621891   16.66  25.23
0.621891   16.66  25.23
0.622278   16.67  25.23
0.622278   16.67  25.23
0.622278   16.68  25.23
0.622665   16.68  25.23
0.622665   16.68  25.23
0.623053   16.69  25.23
0.623053   16.7  25.23
0.623441   16.7  25.23
0.62383   16.72  25.23
0.62422   16.73  25.23
0.62422   16.74  25.23
0.625   16.74  25.23
0.625   16.75  25.23
0.625391   16.76  25.23
0.625782   16.77  25.23
0.626174   16.77  25.23
0.626566   16.79  25.23
0.626959   16.79  25.23
0.627353   16.8  25.23
0.627746   16.81  25.23
0.628141   16.83  25.23
0.628141   16.83  25.23
0.628141   16.83  25.23
0.628141   16.83  25.23
0.628536   16.83  25.23
0.628536   16.83  25.23
0.628536   16.84  25.23
0.628536   16.84  25.23
0.628931   16.84  25.23
0.628931   16.84  25.23
0.628931   16.85  25.23
0.628931   16.85  25.23
0.628931   16.85  25.23
0.628931   16.86  25.23
0.629327   16.86  25.23
0.629327   16.86  25.23
0.629327   16.86  25.23
0.629327   16.86  25.23
0.629327   16.86  25.23
0.629723   16.87  25.23
0.629723   16.87  25.23
0.63012   16.88  25.23
0.63012   16.88  25.23
0.630517   16.89  25.23
0.630517   16.9  25.23
0.630915   16.9  25.23
0.630915   16.9  25.23
0.630915   16.9  25.23
0.630915   16.9  25.23
0.630915   16.9  25.23
0.630915   16.9  25.23
0.630915   16.9  25.23
0.630915   16.91  25.23
0.630915   16.91  25.23
0.630915   16.91  25.23
0.631313   16.91  25.23
0.631313   16.91  25.23
0.631313   16.91  25.23
0.631313   16.92  25.23
0.631313   16.92  25.23
0.631712   16.93  25.23
0.631712   16.93  25.23
0.631712   16.93  25.23
0.631712   16.93  25.23
0.631712   16.93  25.23
0.632111   16.93  25.23
0.632111   16.93  25.23
0.632111   16.95  25.23
0.632511   16.95  25.23
0.632511   16.95  25.23
0.632511   16.95  25.23
0.632911   16.96  25.23
0.632911   16.97  25.23
0.632911   16.97  25.23
0.633312   16.97  25.23
0.633312   16.97  25.23
0.633312   16.97  25.23
0.633312   16.98  25.23
0.633714   16.98  25.23
0.633714   16.99  25.23
0.633714   16.99  25.23
0.633714   16.99  25.23
0.633714   16.99  25.23
0.633714   16.99  25.23
0.634115   17  25.23
0.634115   17  25.23
0.634518   17.01  25.23
0.634518   17.02  25.23
0.634518   17.02  25.23
0.634921   17.02  25.23
0.634921   17.02  25.23
0.634921   17.03  25.23
0.634921   17.04  25.23
0.635324   17.04  25.23
0.635324   17.04  25.23
0.635324   17.04  25.23
0.635728   17.04  25.23
0.635728   17.05  25.23
0.635728   17.06  25.23
0.635728   17.06  25.23
0.636132   17.06  25.23
0.636132   17.07  25.23
0.636132   17.07  25.23
0.636537   17.08  25.23
0.636537   17.09  25.23
0.636943   17.09  25.23
0.636943   17.09  25.23
0.637349   17.09  25.23
0.637349   17.1  25.23
0.637755   17.11  25.23
0.637755   17.12  25.23
0.638162   17.13  25.23
0.63857   17.13  25.23
0.63857   17.13  25.23
0.638978   17.14  25.23
0.638978   17.14  25.23
0.638978   17.14  25.23
0.639386   17.14  25.23
0.639386   17.14  25.23
0.639386   17.14  25.23
0.639795   17.14  25.23
0.639795   17.15  25.23
0.639795   17.16  25.23
0.639795   17.16  25.23
0.639795   17.16  25.23
0.640205   17.17  25.23
0.640205   17.18  25.23
0.640205   17.18  25.23
0.640205   17.18  25.23
0.640615   17.19  25.23
0.640615   17.2  25.23
0.640615   17.2  25.23
0.641026   17.21  25.23
0.641026   17.21  25.23
0.641437   17.21  25.23
0.641437   17.22  25.23
0.641437   17.22  25.23
0.641849   17.23  25.23
0.641849   17.23  25.23
0.641849   17.23  25.23
0.642261   17.23  25.23
0.642261   17.23  25.23
0.642674   17.24  25.23
0.642674   17.24  25.23
0.643087   17.25  25.23
0.643087   17.26  25.23
0.643087   17.26  25.23
0.643501   17.26  25.23
0.643501   17.27  25.23
0.643915   17.27  25.23
0.643915   17.27  25.23
0.64433   17.28  25.23
0.64433   17.29  25.23
0.644745   17.29  25.23
0.644745   17.3  25.23
0.645161   17.3  25.23
0.645161   17.3  25.23
0.645578   17.31  25.23
0.645578   17.31  25.23
0.645578   17.32  25.23
0.645995   17.33  25.23
0.645995   17.33  25.23
0.646412   17.33  25.23
0.646412   17.34  25.23
0.646831   17.34  25.23
0.646831   17.35  25.23
0.647249   17.36  25.23
0.647249   17.36  25.23
0.647668   17.37  25.23
0.647668   17.38  25.23
0.648088   17.39  25.23
0.648088   17.39  25.23
0.648508   17.4  25.23
0.648508   17.4  25.23
0.648929   17.4  25.23
0.648929   17.41  25.23
0.648929   17.41  25.23
0.648929   17.42  25.23
0.649351   17.42  25.23
0.649351   17.43  25.23
0.649351   17.43  25.23
0.649773   17.43  25.23
0.649773   17.44  25.23
0.650195   17.45  25.23
0.650195   17.45  25.23
0.650618   17.46  25.23
0.650618   17.47  25.23
0.650618   17.48  25.23
0.650618   17.48  25.23
0.650618   17.48  25.23
0.651042   17.48  25.23
0.651042   17.48  25.23
0.651042   17.49  25.23
0.651466   17.49  25.23
0.651466   17.49  25.23
0.65189   17.49  25.23
0.65189   17.5  25.23
0.65189   17.5  25.23
0.652316   17.5  25.23
0.652316   17.51  25.23
0.652316   17.52  25.23
0.652742   17.53  25.23
0.653168   17.53  25.23
0.653168   17.54  25.23
0.653595   17.55  25.23
0.653595   17.56  25.23
0.654022   17.56  25.23
0.65445   17.57  25.23
0.65445   17.58  25.23
0.654879   17.58  25.23
0.654879   17.58  25.23
0.655308   17.59  25.23
0.655308   17.59  25.23
0.655738   17.6  25.23
0.655738   17.61  25.23
0.656168   17.61  25.23
0.656168   17.62  25.23
0.656599   17.63  25.23
0.656599   17.64  25.23
0.656599   17.64  25.23
0.65703   17.64  25.23
0.65703   17.64  25.23
0.65703   17.64  25.23
0.657462   17.65  25.23
0.657462   17.66  25.23
0.657895   17.67  25.23
0.657895   17.67  25.23
0.657895   17.68  25.23
0.658328   17.68  25.23
0.658328   17.68  25.23
0.658328   17.69  25.23
0.658762   17.69  25.23
0.658762   17.69  25.23
0.658762   17.69  25.23
0.659196   17.7  25.23
0.659196   17.71  25.23
0.659631   17.72  25.23
0.659631   17.72  25.23
0.660066   17.72  25.23
0.660066   17.73  25.23
0.660066   17.74  25.23
0.660502   17.74  25.23
0.660502   17.74  25.23
0.660939   17.75  25.23
0.660939   17.75  25.23
0.660939   17.75  25.23
0.661376   17.75  25.23
0.661376   17.76  25.23
0.661376   17.76  25.22
0.661813   17.76  25.23
0.661813   17.77  25.22
0.662252   17.78  25.22
0.662252   17.78  25.22
0.662691   17.79  25.23
0.662691   17.79  25.23
0.662691   17.79  25.23
0.66313   17.8  25.23
0.66313   17.8  25.23
0.66357   17.81  25.23
0.66357   17.81  25.23
0.664011   17.81  25.22
0.664011   17.82  25.23
0.664452   17.83  25.22
0.664452   17.83  25.23
0.664894   17.84  25.22
0.664894   17.85  25.22
0.665336   17.86  25.22
0.665336   17.87  25.22
0.665779   17.88  25.22
0.666223   17.89  25.22
0.666667   17.89  25.23
0.666667   17.91  25.22
0.667111   17.92  25.22
0.667557   17.93  25.23
0.667557   17.93  25.23
0.667557   17.93  25.23
0.667557   17.93  25.23
0.667557   17.93  25.22
0.668003   17.93  25.22
0.668003   17.94  25.23
0.668003   17.94  25.22
0.668449   17.94  25.22
0.668449   17.94  25.23
0.668449   17.95  25.22
0.668449   17.96  25.23
0.668449   17.96  25.22
0.668896   17.96  25.22
0.668896   17.97  25.22
0.668896   17.97  25.23
0.669344   17.98  25.22
0.669792   17.98  25.23
0.670241   18  25.23
0.671141   18.02  25.23
0.671592   18.04  25.22
0.672043   18.05  25.23
0.672495   18.07  25.23
0.672948   18.09  25.22
0.673401   18.11  25.23
0.673401   18.11  25.22
0.673854   18.11  25.22
0.674309   18.12  25.22
0.674764   18.13  25.22
0.674764   18.13  25.22
0.675219   18.14  25.23
0.675219   18.15  25.23
0.675219   18.15  25.22
0.675676   18.15  25.22
0.675676   18.15  25.22
0.675676   18.16  25.22
0.675676   18.17  25.22
0.676133   18.17  25.22
0.676133   18.17  25.22
0.67659   18.17  25.23
0.67659   18.17  25.22
0.67659   18.18  25.23
0.67659   18.18  25.22
0.67659   18.18  25.22
0.67659   18.19  25.22
0.677048   18.19  25.22
0.677048   18.19  25.22
0.677048   18.2  25.22
0.677048   18.2  25.23
0.677048   18.2  25.22
0.677507   18.21  25.22
0.677507   18.21  25.22
0.677966   18.21  25.22
0.677966   18.22  25.22
0.677966   18.22  25.22
0.678426   18.23  25.22
0.678426   18.23  25.22
0.678426   18.23  25.23
0.678426   18.23  25.22
0.678887   18.23  25.22
0.678887   18.24  25.22
0.678887   18.24  25.22
0.679348   18.24  25.23
0.679348   18.24  25.22
0.679348   18.24  25.22
0.679348   18.24  25.22
0.679348   18.25  25.22
0.67981   18.25  25.22
0.67981   18.25  25.22
0.67981   18.26  25.22
0.67981   18.26  25.23
0.680272   18.27  25.22
0.680272   18.28  25.22
0.680735   18.29  25.23
0.681199   18.3  25.23
0.681663   18.31  25.23
0.682128   18.33  25.23
0.68306   18.34  25.22
0.683527   18.36  25.22
0.683527   18.37  25.22
0.683995   18.38  25.22
0.684463   18.39  25.23
0.684463   18.39  25.22
0.684932   18.4  25.22
0.684932   18.4  25.22
0.685401   18.41  25.22
0.685401   18.41  25.22
0.685401   18.42  25.22
0.685401   18.42  25.22
0.685401   18.42  25.22
0.685871   18.43  25.22
0.685871   18.43  25.22
0.686342   18.43  25.22
0.686342   18.44  25.22
0.686813   18.45  25.22
0.687285   18.46  25.22
0.687285   18.48  25.22
0.687758   18.49  25.22
0.687758   18.49  25.22
0.688231   18.5  25.22
0.688231   18.5  25.22
0.688231   18.51  25.22
0.688231   18.51  25.22
0.688231   18.51  25.22
0.688231   18.51  25.22
0.688231   18.52  25.22
0.688705   18.52  25.22
0.688705   18.52  25.22
0.688705   18.53  25.22
0.688705   18.53  25.22
0.688705   18.53  25.22
0.688705   18.54  25.22
0.68918   18.54  25.22
0.68918   18.54  25.22
0.68918   18.54  25.22
0.689655   18.54  25.22
0.689655   18.55  25.22
0.689655   18.55  25.22
0.689655   18.55  25.22
0.690131   18.56  25.22
0.690131   18.56  25.22
0.690131   18.57  25.22
0.690131   18.57  25.22
0.690131   18.57  25.22
0.690608   18.58  25.22
0.690608   18.58  25.22
0.690608   18.58  25.22
0.691085   18.59  25.22
0.691085   18.6  25.22
0.691085   18.6  25.22
0.691563   18.6  25.22
0.691563   18.61  25.22
0.691563   18.61  25.22
0.692042   18.61  25.22
0.692042   18.62  25.22
0.692521   18.62  25.22
0.692521   18.63  25.22
0.692521   18.63  25.22
0.693001   18.63  25.22
0.693001   18.63  25.22
0.693001   18.64  25.22
0.693481   18.64  25.22
0.693481   18.64  25.22
0.693481   18.65  25.22
0.693481   18.65  25.22
0.693481   18.65  25.22
0.693963   18.65  25.22
0.693963   18.65  25.22
0.693963   18.65  25.22
0.694444   18.66  25.22
0.694444   18.66  25.22
0.694927   18.66  25.22
0.694927   18.66  25.22
0.694927   18.67  25.22
0.694927   18.67  25.22
0.694927   18.67  25.22
0.694927   18.67  25.22
0.694927   18.67  25.22
0.694927   18.68  25.22
0.69541   18.68  25.22
0.69541   18.68  25.22
0.69541   18.69  25.22
0.69541   18.69  25.22
0.69541   18.69  25.22
0.695894   18.69  25.22
0.695894   18.69  25.22
0.695894   18.69  25.22
0.695894   18.7  25.22
0.695894   18.7  25.22
0.696379   18.7  25.22
0.696379   18.71  25.22
0.696379   18.71  25.22
0.696379   18.71  25.22
0.696864   18.71  25.22
0.696864   18.72  25.22
0.696864   18.72  25.22
0.69735   18.72  25.22
0.69735   18.73  25.22
0.69735   18.73  25.22
0.697837   18.74  25.22
0.697837   18.74  25.22
0.697837   18.74  25.22
0.698324   18.75  25.22
0.698324   18.75  25.22
0.698812   18.76  25.22
0.698812   18.76  25.22
0.698812   18.77  25.22
0.698812   18.77  25.22
0.699301   18.77  25.22
0.699301   18.78  25.22
0.699301   18.78  25.22
0.699301   18.78  25.22
0.699301   18.78  25.22
0.69979   18.79  25.22
0.69979   18.79  25.22
0.69979   18.8  25.22
0.69979   18.8  25.22
0.69979   18.81  25.22
0.69979   18.81  25.22
0.70028   18.81  25.22
0.70028   18.81  25.22
0.70028   18.82  25.22
0.70028   18.82  25.22
0.70028   18.82  25.22
0.70028   18.83  25.22
0.700771   18.83  25.22
0.700771   18.83  25.22
0.700771   18.83  25.22
0.701262   18.83  25.22
0.701262   18.83  25.22
0.701262   18.84  25.22
0.701262   18.84  25.22
0.701262   18.84  25.22
0.701262   18.84  25.22
0.701754   18.84  25.22
0.701754   18.85  25.22
0.701754   18.85  25.22
0.701754   18.85  25.22
0.701754   18.86  25.22
0.702247   18.86  25.22
0.702247   18.86  25.22
0.702247   18.87  25.22
0.702247   18.87  25.22
0.702741   18.89  25.22
0.702741   18.9  25.22
0.702741   18.93  25.22
0.703235   18.97  25.22
0.703235   18.98  25.22
0.70373   18.99  25.22
0.70373   18.99  25.22
0.70373   18.99  25.22
0.704225   18.97  25.22
0.704225   18.99  25.22
0.704722   18.97  25.22
0.704722   18.99  25.22
0.705219   19.01  25.22
0.705219   19.02  25.22
0.705219   19.03  25.22
0.705716   19.03  25.22
0.705716   19.03  25.22
0.705716   19.04  25.22
0.705716   19.04  25.22
0.706215   19.04  25.22
0.706215   19.04  25.22
0.706215   19.03  25.22
0.706714   19.04  25.22
0.706714   19.04  25.22
0.706714   19.04  25.22
0.706714   19.04  25.22
0.707214   19.05  25.22
0.707214   19.05  25.22
0.707214   19.06  25.22
0.707714   19.06  25.22
0.707714   19.06  25.22
0.707714   19.06  25.22
0.708215   19.06  25.22
0.708215   19.06  25.22
0.708717   19.06  25.22
0.708717   19.06  25.22
0.708717   19.06  25.22
0.70922   19.08  25.22
0.70922   19.09  25.22
0.70922   19.09  25.22
0.70922   19.09  25.22
0.709723   19.12  25.22
0.709723   19.14  25.22
0.709723   19.16  25.22
0.709723   19.17  25.22
0.709723   19.17  25.22
0.710227   19.19  25.22
0.710227   19.19  25.22
0.710227   19.19  25.22
0.710732   19.19  25.22
0.710732   19.19  25.22
0.710732   19.2  25.22
0.710732   19.22  25.22
0.711238   19.22  25.22
0.711238   19.22  25.22
0.711238   19.22  25.22
0.711744   19.22  25.22
0.711744   19.22  25.22
0.711744   19.22  25.22
0.711744   19.22  25.22
0.711744   19.25  25.22
0.712251   19.25  25.22
0.712251   19.25  25.22
0.712251   19.22  25.22
0.712758   19.22  25.22
0.712758   19.23  25.22
0.713267   19.25  25.22
0.713267   19.27  25.22
0.713776   19.26  25.22
0.713776   19.28  25.22
0.714286   19.27  25.22
0.714286   19.3  25.22
0.714796   19.31  25.22
0.714796   19.32  25.22
0.714796   19.32  25.22
0.714796   19.34  25.22
0.715308   19.35  25.22
0.715308   19.35  25.22
0.715308   19.35  25.22
0.715308   19.35  25.22
0.715308   19.35  25.22
0.71582   19.37  25.22
0.71582   19.37  25.22
0.71582   19.37  25.22
0.716332   19.37  25.22
0.716332   19.37  25.22
0.716332   19.37  25.22
0.716332   19.37  25.22
0.716846   19.38  25.22
0.716846   19.4  25.22
0.71736   19.4  25.22
0.71736   19.4  25.22
0.71736   19.4  25.22
0.717875   19.41  25.22
0.717875   19.42  25.22
0.717875   19.42  25.22
0.718391   19.43  25.22
0.718391   19.43  25.22
0.718391   19.43  25.22
0.718907   19.43  25.22
0.718907   19.43  25.22
0.718907   19.43  25.22
0.719424   19.43  25.22
0.719424   19.43  25.22
0.719942   19.44  25.22
0.719942   19.43  25.22
0.720461   19.41  25.22
0.720461   19.43  25.22
0.720981   19.43  25.22
0.721501   19.43  25.22
0.721501   19.45  25.22
0.721501   19.45  25.22
0.722022   19.47  25.22
0.722022   19.48  25.22
0.722022   19.48  25.22
0.722543   19.48  25.22
0.722543   19.48  25.22
0.723066   19.48  25.22
0.723066   19.49  25.22
0.723589   19.5  25.22
0.723589   19.5  25.22
0.724113   19.51  25.22
0.724113   19.51  25.22
0.724638   19.52  25.22
0.725163   19.53  25.22
0.725163   19.53  25.22
0.725689   19.57  25.22
0.726216   19.58  25.22
0.726216   19.58  25.22
0.726216   19.61  25.22
0.726744   19.63  25.22
0.726744   19.63  25.22
0.726744   19.63  25.22
0.726744   19.63  25.22
0.727273   19.63  25.22
0.727273   19.63  25.22
0.727273   19.64  25.22
0.727802   19.65  25.22
0.727802   19.67  25.22
0.728332   19.67  25.22
0.728332   19.66  25.22
0.728332   19.66  25.22
0.728863   19.68  25.22
0.728863   19.69  25.22
0.728863   19.69  25.22
0.729395   19.69  25.22
0.729395   19.69  25.22
0.729927   19.69  25.22
0.729927   19.7  25.22
0.729927   19.74  25.22
0.729927   19.74  25.22
0.729927   19.74  25.22
0.73046   19.74  25.22
0.73046   19.74  25.22
0.730994   19.74  25.22
0.730994   19.74  25.22
0.731529   19.74  25.22
0.731529   19.74  25.22
0.731529   19.74  25.22
0.732064   19.76  25.22
0.732601   19.79  25.22
0.732601   19.79  25.22
0.733138   19.79  25.22
0.733138   19.79  25.22
0.733676   19.82  25.22
0.733676   19.84  25.22
0.733676   19.84  25.22
0.734214   19.84  25.22
0.734214   19.84  25.22
0.734214   19.84  25.22
0.734754   19.84  25.22
0.734754   19.84  25.22
0.734754   19.84  25.22
0.735294   19.84  25.22
0.735294   19.84  25.22
0.735294   19.84  25.22
0.735835   19.84  25.22
0.735835   19.84  25.22
0.735835   19.84  25.22
0.735835   19.84  25.22
0.736377   19.84  25.22
0.736377   19.84  25.22
0.73692   19.84  25.22
0.73692   19.87  25.22
0.73692   19.89  25.22
0.737463   19.85  25.22
0.737463   19.85  25.22
0.737463   19.86  25.22
0.738007   19.85  25.22
0.738007   19.89  25.22
0.738552   19.89  25.22
0.739098   19.89  25.22
0.739098   19.9  25.22
0.739645   19.9  25.22
0.739645   19.92  25.22
0.740192   19.95  25.22
0.740192   19.95  25.22
0.740192   19.95  25.22
0.740741   19.95  25.22
0.740741   19.95  25.22
0.740741   19.95  25.22
0.74129   19.95  25.22
0.74129   19.95  25.22
0.74129   19.95  25.22
0.74184   19.95  25.22
0.74184   19.95  25.22
0.74239   19.99  25.22
0.74239   20  25.22
0.74239   20  25.22
0.742942   20  25.22
0.742942   20  25.22
0.742942   20  25.22
0.742942   20.01  25.22
0.743494   20.02  25.22
0.743494   20.02  25.22
0.743494   20.04  25.22
0.743494   20.06  25.22
0.743494   20.07  25.22
0.743494   20.07  25.22
0.743494   20.07  25.22
0.744048   20.07  25.22
0.744048   20.07  25.22
0.744048   20.07  25.22
0.744048   20.07  25.22
0.744048   20.07  25.22
0.744602   20.07  25.22
0.744602   20.07  25.22
0.744602   20.07  25.22
0.745156   20.07  25.22
0.745156   20.07  25.22
0.745156   20.07  25.22
0.745712   20.07  25.22
0.745712   20.07  25.22
0.745712   20.07  25.22
0.745712   20.07  25.22
0.746269   20.07  25.22
0.746269   20.07  25.22
0.746269   20.07  25.22
0.746269   20.08  25.22
0.746269   20.08  25.22
0.746269   20.08  25.22
0.746269   20.07  25.22
0.746269   20.07  25.22
0.746826   20.09  25.22
0.746826   20.14  25.22
0.746826   20.14  25.22
0.746826   20.14  25.22
0.747384   20.14  25.22
0.747384   20.14  25.22
0.747384   20.14  25.22
0.747384   20.14  25.22
0.747384   20.14  25.22
0.747384   20.14  25.22
0.747943   20.14  25.22
0.747943   20.14  25.22
0.747943   20.14  25.22
0.747943   20.14  25.22
0.748503   20.14  25.22
0.748503   20.15  25.22
0.748503   20.16  25.22
0.749064   20.18  25.22
0.749064   20.21  25.22
0.749064   20.21  25.22
0.749064   20.21  25.22
0.749625   20.21  25.22
0.749625   20.21  25.22
0.749625   20.21  25.22
0.749625   20.21  25.22
0.750188   20.21  25.22
0.750188   20.21  25.22
0.750188   20.21  25.22
0.750188   20.21  25.22
0.750188   20.21  25.22
0.750188   20.21  25.22
0.750188   20.21  25.22
0.750751   20.21  25.22
0.750751   20.21  25.22
0.750751   20.21  25.22
0.751315   20.21  25.22
0.751315   20.21  25.22
0.751315   20.21  25.22
0.751315   20.21  25.22
0.75188   20.22  25.22
0.75188   20.25  25.22
0.75188   20.26  25.22
0.75188   20.28  25.22
0.752445   20.28  25.22
0.752445   20.28  25.22
0.752445   20.28  25.22
0.753012   20.28  25.22
0.753012   20.28  25.22
0.75358   20.28  25.22
0.75358   20.35  25.22
0.75358   20.35  25.22
0.75358   20.35  25.22
0.75358   20.28  25.22
0.754148   20.28  25.22
0.754717   20.33  25.22
0.755287   20.32  25.22
0.755287   20.34  25.22
0.755287   20.31  25.22
0.755287   20.3  25.22
0.755287   20.34  25.22
0.755858   20.35  25.22
0.755858   20.35  25.22
0.755858   20.35  25.22
0.75643   20.35  25.22
0.757002   20.37  25.22
0.757002   20.38  25.22
0.757002   20.42  25.22
0.757576   20.42  25.22
0.75815   20.42  25.22
0.75815   20.42  25.22
0.758725   20.42  25.22
0.758725   20.45  25.22
0.759301   20.48  25.22
0.759301   20.48  25.22
0.759301   20.49  25.22
0.759878   20.49  25.22
0.759878   20.49  25.22
0.759878   20.49  25.22
0.759878   20.49  25.22
0.759878   20.5  25.22
0.759878   20.49  25.22
0.760456   20.49  25.22
0.760456   20.5  25.22
0.760456   20.5  25.22
0.760456   20.51  25.22
0.760456   20.52  25.22
0.760456   20.52  25.22
0.761035   20.54  25.22
0.761035   20.55  25.22
0.761035   20.55  25.22
0.761035   20.55  25.22
0.761035   20.55  25.22
0.761035   20.54  25.22
0.761035   20.54  25.22
0.761035   20.53  25.22
0.761615   20.54  25.22
0.761615   20.55  25.22
0.761615   20.55  25.22
0.761615   20.55  25.22
0.761615   20.55  25.22
0.762195   20.55  25.22
0.762195   20.55  25.22
0.762777   20.55  25.22
0.762777   20.56  25.22
0.762777   20.56  25.22
0.763359   20.57  25.22
0.763359   20.6  25.22
0.763359   20.61  25.22
0.763359   20.61  25.22
0.763359   20.61  25.22
0.763359   20.61  25.22
0.763942   20.61  25.22
0.763942   20.61  25.22
0.763942   20.61  25.22
0.763942   20.61  25.22
0.764526   20.61  25.22
0.764526   20.61  25.22
0.764526   20.67  25.22
0.765111   20.68  25.22
0.765111   20.68  25.22
0.765111   20.68  25.22
0.765111   20.68  25.22
0.765697   20.68  25.22
0.765697   20.68  25.22
0.766284   20.68  25.22
0.766284   20.68  25.22
0.766284   20.68  25.22
0.766284   20.68  25.22
0.766284   20.68  25.22
0.766284   20.68  25.22
0.766871   20.68  25.22
0.766871   20.68  25.22
0.766871   20.68  25.22
0.76746   20.69  25.22
0.76746   20.69  25.22
0.76746   20.68  25.22
0.76746   20.68  25.22
0.76746   20.7  25.22
0.768049   20.73  25.22
0.768049   20.74  25.22
0.768049   20.74  25.22
0.768049   20.74  25.22
0.768049   20.74  25.22
0.768049   20.74  25.22
0.76864   20.74  25.22
0.76864   20.74  25.22
0.769231   20.74  25.22
0.769231   20.75  25.22
0.769231   20.76  25.22
0.769231   20.78  25.22
0.769823   20.76  25.22
0.769823   20.76  25.22
0.770416   20.76  25.22
0.770416   20.8  25.22
0.770416   20.79  25.22
0.77101   20.8  25.22
0.771605   20.8  25.22
0.771605   20.8  25.22
0.772201   20.8  25.22
0.772201   20.8  25.22
0.772798   20.87  25.22
0.772798   20.87  25.22
0.772798   20.87  25.22
0.773395   20.87  25.22
0.773395   20.87  25.22
0.773395   20.87  25.22
0.773994   20.87  25.22
0.773994   20.87  25.22
0.773994   20.87  25.22
0.773994   20.87  25.22
0.774593   20.87  25.22
0.774593   20.88  25.22
0.774593   20.93  25.22
0.774593   20.93  25.22
0.774593   20.93  25.22
0.775194   20.93  25.22
0.775194   20.93  25.22
0.775194   20.94  25.22
0.775795   20.95  25.22
0.775795   20.97  25.22
0.775795   20.99  25.22
0.776398   20.99  25.22
0.776398   20.99  25.22
0.776398   20.99  25.22
0.777001   20.99  25.22
0.777001   20.99  25.22
0.777001   20.99  25.22
0.777001   20.99  25.22
0.777001   20.99  25.22
0.777001   20.99  25.22
0.777001   20.99  25.22
0.777001   21  25.22
0.777605   21.01  25.22
0.777605   21.01  25.22
0.777605   21.03  25.22
0.777605   21.03  25.22
0.777605   21.04  25.22
0.777605   21.03  25.22
0.777605   21.05  25.22
0.77821   21.05  25.22
0.77821   21.05  25.22
0.77821   21.04  25.22
0.77821   21.05  25.22
0.77821   21.05  25.22
0.778816   21.05  25.22
0.778816   21.05  25.22
0.778816   21.05  25.22
0.778816   21.05  25.22
0.778816   21.05  25.22
0.778816   21.05  25.22
0.779423   21.05  25.22
0.779423   21.05  25.22
0.779423   21.05  25.22
0.779423   21.05  25.22
0.779423   21.05  25.22
0.779423   21.05  25.22
0.780031   21.06  25.22
0.780031   21.06  25.22
0.780031   21.07  25.22
0.780031   21.1  25.22
0.780031   21.11  25.22
0.78064   21.11  25.22
0.78064   21.11  25.22
0.78064   21.11  25.22
0.78064   21.11  25.22
0.78064   21.11  25.22
0.78064   21.11  25.22
0.78064   21.11  25.22
0.78064   21.11  25.22
0.78064   21.11  25.22
0.78064   21.11  25.22
0.78064   21.11  25.22
0.78064   21.11  25.22
0.78064   21.11  25.22
0.78064   21.12  25.22
0.78064   21.12  25.22
0.78125   21.11  25.22
0.78125   21.12  25.22
0.781861   21.12  25.22
0.781861   21.13  25.22
0.782473   21.14  25.22
0.782473   21.17  25.22
0.782473   21.17  25.22
0.783085   21.17  25.22
0.783699   21.17  25.22
0.783699   21.17  25.22
0.783699   21.17  25.22
0.784314   21.17  25.22
0.784314   21.17  25.22
0.784314   21.17  25.22
0.784314   21.17  25.22
0.784314   21.17  25.22
0.784929   21.21  25.22
0.784929   21.23  25.22
0.784929   21.23  25.22
0.784929   21.23  25.22
0.785546   21.23  25.22
0.785546   21.23  25.22
0.785546   21.22  25.22
0.786164   21.23  25.22
0.786164   21.2  25.22
0.786164   21.23  25.22
0.786782   21.23  25.22
0.786782   21.24  25.22
0.787402   21.23  25.22
0.787402   21.23  25.22
0.788022   21.23  25.22
0.788022   21.23  25.22
0.788022   21.23  25.22
0.788644   21.23  25.22
0.788644   21.24  25.22
0.788644   21.26  25.22
0.788644   21.29  25.22
0.789266   21.29  25.22
0.789266   21.29  25.22
0.789266   21.29  25.22
0.789266   21.29  25.22
0.789889   21.29  25.22
0.789889   21.29  25.22
0.789889   21.3  25.22
0.789889   21.31  25.22
0.790514   21.34  25.22
0.790514   21.3  25.22
0.790514   21.3  25.22
0.790514   21.35  25.22
0.791139   21.35  25.22
0.791139   21.35  25.22
0.791766   21.35  25.22
0.791766   21.35  25.22
0.791766   21.35  25.22
0.792393   21.35  25.22
0.792393   21.36  25.22
0.792393   21.41  25.22
0.793021   21.41  25.22
0.793021   21.41  25.22
0.793021   21.41  25.22
0.793651   21.41  25.22
0.793651   21.41  25.22
0.793651   21.41  25.22
0.794281   21.42  25.22
0.794281   21.47  25.22
0.794281   21.47  25.22
0.794913   21.43  25.22
0.794913   21.45  25.22
0.794913   21.47  25.22
0.794913   21.47  25.22
0.795545   21.47  25.22
0.795545   21.47  25.22
0.795545   21.47  25.22
0.795545   21.47  25.22
0.796178   21.48  25.22
0.796178   21.5  25.22
0.796178   21.53  25.22
0.796178   21.53  25.22
0.796178   21.53  25.22
0.796178   21.54  25.22
0.796813   21.54  25.22
0.796813   21.54  25.22
0.796813   21.54  25.22
0.797448   21.54  25.22
0.797448   21.54  25.22
0.797448   21.54  25.22
0.798085   21.58  25.22
0.798085   21.6  25.22
0.798722   21.6  25.22
0.798722   21.6  25.22
0.798722   21.6  25.22
0.799361   21.6  25.22
0.799361   21.6  25.22
0.799361   21.6  25.22
0.8   21.6  25.22
0.8   21.6  25.22
0.8   21.61  25.22
0.800641   21.63  25.22
0.800641   21.62  25.22
0.800641   21.61  25.22
0.800641   21.61  25.22
0.800641   21.61  25.22
0.800641   21.61  25.22
0.800641   21.64  25.22
0.800641   21.64  25.22
0.800641   21.65  25.22
0.800641   21.67  25.22
0.801282   21.67  25.22
0.801282   21.67  25.22
0.801282   21.67  25.22
0.801282   21.67  25.22
0.801282   21.67  25.22
0.801282   21.68  25.22
0.801925   21.68  25.22
0.801925   21.68  25.22
0.801925   21.67  25.22
0.802568   21.67  25.22
0.802568   21.67  25.22
0.802568   21.67  25.22
0.803213   21.67  25.22
0.803213   21.67  25.22
0.803859   21.68  25.22
0.803859   21.73  25.22
0.803859   21.73  25.22
0.803859   21.73  25.22
0.804505   21.73  25.22
0.804505   21.73  25.22
0.804505   21.73  25.22
0.804505   21.73  25.22
0.804505   21.73  25.22
0.805153   21.73  25.22
0.805153   21.73  25.22
0.805802   21.73  25.22
0.805802   21.73  25.22
0.805802   21.73  25.22
0.805802   21.73  25.22
0.806452   21.74  25.22
0.806452   21.8  25.22
0.806452   21.8  25.22
0.807103   21.8  25.22
0.807103   21.8  25.22
0.807103   21.8  25.22
0.807754   21.81  25.22
0.807754   21.81  25.22
0.807754   21.83  25.22
0.807754   21.86  25.22
0.808407   21.86  25.22
0.808407   21.86  25.22
0.808407   21.86  25.22
0.808407   21.86  25.22
0.809061   21.86  25.22
0.809061   21.86  25.22
0.809717   21.88  25.22
0.809717   21.92  25.22
0.809717   21.93  25.22
0.809717   21.93  25.22
0.809717   21.93  25.22
0.810373   21.93  25.22
0.810373   21.93  25.22
0.810373   21.93  25.22
0.810373   21.93  25.22
0.81103   21.93  25.22
0.81103   21.93  25.22
0.81103   21.94  25.22
0.811688   21.96  25.22
0.811688   21.97  25.22
0.811688   21.99  25.22
0.811688   22  25.22
0.811688   22  25.22
0.811688   22  25.22
0.812348   22  25.22
0.812348   22  25.22
0.812348   22  25.22
0.812348   22  25.22
0.812348   22  25.22
0.813008   22  25.22
0.813008   22  25.22
0.813008   22  25.22
0.813008   22  25.22
0.813008   22  25.22
0.81367   22  25.22
0.81367   22.01  25.22
0.81367   22.05  25.22
0.814332   22.05  25.22
0.814332   22.06  25.22
0.814996   22.06  25.22
0.814996   22.06  25.22
0.814996   22.06  25.22
0.815661   22.06  25.22
0.815661   22.1  25.22
0.815661   22.12  25.22
0.816327   22.12  25.22
0.816993   22.13  25.22
0.816993   22.13  25.22
0.816993   22.13  25.22
0.816993   22.13  25.22
0.816993   22.13  25.22
0.816993   22.13  25.22
0.817661   22.13  25.22
0.817661   22.13  25.22
0.817661   22.13  25.22
0.818331   22.13  25.22
0.818331   22.14  25.22
0.818331   22.17  25.22
0.818331   22.18  25.22
0.818331   22.19  25.22
0.819001   22.19  25.22
0.819001   22.19  25.22
0.819001   22.18  25.22
0.819672   22.18  25.22
0.819672   22.19  25.22
0.819672   22.19  25.22
0.819672   22.19  25.22
0.819672   22.19  25.22
0.819672   22.19  25.22
0.819672   22.19  25.22
0.819672   22.19  25.22
0.819672   22.19  25.22
0.819672   22.19  25.22
0.819672   22.19  25.22
0.820345   22.19  25.22
0.820345   22.19  25.22
0.820345   22.19  25.22
0.820345   22.18  25.22
0.821018   22.19  25.22
0.821018   22.15  25.22
0.821018   22.11  25.22
0.821018   22.13  25.22
0.821693   22.2  25.22
0.821693   22.26  25.22
0.821693   22.26  25.22
0.822368   22.26  25.22
0.822368   22.26  25.22
0.822368   22.26  25.22
0.823045   22.26  25.22
0.823045   22.29  25.22
0.823045   22.31  25.22
0.823045   22.32  25.22
0.823723   22.32  25.22
0.823723   22.32  25.22
0.823723   22.32  25.22
0.823723   22.32  25.22
0.824402   22.32  25.22
0.824402   22.32  25.22
0.824402   22.32  25.22
0.824402   22.32  25.22
0.825083   22.33  25.22
0.825083   22.33  25.22
0.825083   22.32  25.22
0.825764   22.33  25.22
0.825764   22.34  25.22
0.825764   22.38  25.22
0.825764   22.38  25.22
0.826446   22.38  25.22
0.826446   22.39  25.22
0.826446   22.43  25.22
0.826446   22.43  25.22
0.82713   22.39  25.22
0.82713   22.39  25.22
0.82713   22.41  25.22
0.827815   22.44  25.22
0.827815   22.44  25.22
0.827815   22.44  25.22
0.827815   22.44  25.22
0.827815   22.44  25.22
0.827815   22.44  25.22
0.827815   22.44  25.22
0.8285   22.44  25.22
0.829187   22.47  25.22
0.829187   22.49  25.22
0.829187   22.5  25.22
0.829876   22.5  25.22
0.829876   22.5  25.22
0.829876   22.5  25.22
0.829876   22.5  25.22
0.829876   22.5  25.22
0.829876   22.5  25.22
0.829876   22.5  25.22
0.830565   22.51  25.22
0.830565   22.51  25.22
0.831255   22.55  25.22
0.831255   22.51  25.22
0.831255   22.55  25.22
0.831947   22.56  25.22
0.831947   22.56  25.22
0.831947   22.56  25.22
0.832639   22.56  25.22
0.832639   22.56  25.22
0.832639   22.6  25.22
0.832639   22.59  25.22
0.833333   22.56  25.22
0.833333   22.56  25.22
0.833333   22.56  25.22
0.833333   22.56  25.22
0.834028   22.57  25.22
0.834028   22.59  25.22
0.834028   22.61  25.22
0.834028   22.61  25.22
0.834725   22.62  25.22
0.834725   22.62  25.22
0.834725   22.62  25.22
0.834725   22.62  25.22
0.835422   22.62  25.22
0.835422   22.62  25.22
0.835422   22.62  25.22
0.835422   22.63  25.22
0.83612   22.62  25.22
0.83612   22.62  25.22
0.83682   22.63  25.22
0.83682   22.62  25.22
0.837521   22.65  25.22
0.837521   22.68  25.22
0.837521   22.67  25.22
0.838223   22.67  25.22
0.838223   22.68  25.22
0.838926   22.71  25.22
0.838926   22.74  25.22
0.838926   22.74  25.22
0.838926   22.74  25.22
0.838926   22.74  25.22
0.839631   22.74  25.22
0.839631   22.74  25.22
0.839631   22.74  25.22
0.840336   22.74  25.22
0.840336   22.74  25.22
0.840336   22.77  25.22
0.841043   22.8  25.22
0.841043   22.8  25.22
0.841043   22.8  25.22
0.841043   22.8  25.22
0.841751   22.8  25.22
0.841751   22.8  25.22
0.841751   22.81  25.22
0.841751   22.83  25.22
0.841751   22.85  25.22
0.841751   22.85  25.22
0.84246   22.85  25.22
0.84246   22.86  25.22
0.84246   22.86  25.22
0.84317   22.86  25.22
0.84317   22.86  25.22
0.84317   22.86  25.22
0.84317   22.86  25.22
0.84317   22.86  25.22
0.843882   22.86  25.22
0.843882   22.86  25.22
0.843882   22.86  25.22
0.844595   22.89  25.22
0.844595   22.9  25.22
0.844595   22.9  25.22
0.844595   22.91  25.22
0.845309   22.91  25.22
0.845309   22.91  25.22
0.845309   22.91  25.22
0.845309   22.91  25.22
0.845309   22.91  25.22
0.845309   22.91  25.22
0.846024   22.91  25.22
0.846024   22.91  25.22
0.846024   22.91  25.22
0.846024   22.92  25.22
0.846024   22.95  25.22
0.846024   22.95  25.22
0.846024   22.95  25.22
0.846024   22.96  25.22
0.84674   22.97  25.22
0.84674   22.97  25.22
0.84674   22.97  25.22
0.847458   22.97  25.22
0.847458   22.97  25.22
0.847458   22.98  25.22
0.848176   23.02  25.22
0.848176   23.03  25.22
0.848176   23.03  25.22
0.848176   23.03  25.22
0.848896   23.03  25.22
0.848896   23.04  25.22
0.849618   23.03  25.22
0.849618   23.04  25.22
0.849618   23.06  25.22
0.85034   23.09  25.22
0.85034   23.09  25.22
0.85034   23.09  25.22
0.85034   23.09  25.22
0.85034   23.09  25.22
0.851064   23.09  25.22
0.851064   23.09  25.22
0.851064   23.09  25.22
0.851064   23.09  25.22
0.851064   23.09  25.22
0.851789   23.11  25.22
0.851789   23.14  25.22
0.851789   23.11  25.22
0.851789   23.11  25.22
0.852515   23.14  25.22
0.852515   23.14  25.22
0.852515   23.09  25.22
0.852515   23.13  25.22
0.853242   23.14  25.21
0.853242   23.14  25.22
0.853242   23.14  25.22
0.853971   23.14  25.21
0.853971   23.14  25.21
0.853971   23.14  25.22
0.853971   23.14  25.21
0.853971   23.14  25.21
0.853971   23.15  25.21
0.853971   23.2  25.21
0.854701   23.2  25.22
0.854701   23.2  25.21
0.854701   23.2  25.21
0.854701   23.2  25.22
0.855432   23.2  25.21
0.855432   23.2  25.21
0.855432   23.2  25.21
0.855432   23.2  25.21
0.856164   23.2  25.21
0.856164   23.2  25.21
0.856164   23.2  25.21
0.856164   23.21  25.21
0.856164   23.22  25.21
0.856164   23.25  25.21
0.856164   23.26  25.21
0.856164   23.26  25.21
0.856164   23.26  25.21
0.856164   23.26  25.21
0.856898   23.26  25.21
0.856898   23.26  25.21
0.856898   23.26  25.21
0.856898   23.26  25.21
0.856898   23.26  25.21
0.856898   23.26  25.21
0.857633   23.25  25.21
0.858369   23.28  25.21
0.858369   23.35  25.21
0.858369   23.35  25.21
0.859107   23.35  25.21
0.859107   23.35  25.21
0.859107   23.35  25.21
0.859107   23.35  25.21
0.859845   23.35  25.21
0.859845   23.35  25.21
0.859845   23.35  25.21
0.859845   23.37  25.21
0.859845   23.35  25.21
0.859845   23.35  25.21
0.859845   23.35  25.21
0.860585   23.36  25.21
0.860585   23.37  25.21
0.860585   23.44  25.21
0.860585   23.44  25.21
0.860585   23.44  25.21
0.860585   23.44  25.21
0.860585   23.44  25.21
0.860585   23.44  25.21
0.861326   23.44  25.21
0.861326   23.44  25.21
0.861326   23.44  25.21
0.861326   23.44  25.21
0.861326   23.44  25.21
0.861326   23.44  25.21
0.861326   23.44  25.21
0.861326   23.44  25.21
0.861326   23.44  25.21
0.862069   23.44  25.21
0.862069   23.44  25.21
0.862069   23.44  25.21
0.862069   23.44  25.21
0.862069   23.44  25.21
0.862069   23.44  25.21
0.862069   23.45  25.21
0.862813   23.46  25.21
0.862813   23.45  25.21
0.862813   23.44  25.21
0.863558   23.46  25.21
0.863558   23.49  25.21
0.863558   23.52  25.21
0.863558   23.45  25.21
0.864304   23.45  25.21
0.864304   23.57  25.21
0.864304   23.54  25.21
0.865052   23.54  25.21
0.865052   23.54  25.21
0.865801   23.54  25.21
0.865801   23.54  25.21
0.865801   23.61  25.21
0.865801   23.63  25.21
0.865801   23.55  25.21
0.866551   23.54  25.21
0.866551   23.58  25.21
0.866551   23.63  25.21
0.867303   23.62  25.21
0.867303   23.56  25.21
0.867303   23.57  25.21
0.868056   23.55  25.21
0.868056   23.55  25.21
0.868056   23.58  25.21
0.868056   23.62  25.21
0.868056   23.6  25.21
0.868056   23.63  25.21
0.868056   23.61  25.21
0.86881   23.54  25.21
0.86881   23.54  25.21
0.869565   23.55  25.21
0.869565   23.61  25.21
0.869565   23.61  25.21
0.869565   23.57  25.21
0.870322   23.54  25.21
0.870322   23.54  25.21
0.870322   23.55  25.21
0.870322   23.56  25.21
0.870322   23.54  25.21
0.870322   23.54  25.21
0.87108   23.54  25.21
0.87108   23.54  25.21
0.87108   23.54  25.21