1.200	23.73	45.01
1.200	23.73	45.01
1.200	23.73	45.02
1.200	23.73	45.02
1.200	23.73	45.02
1.200	23.73	45.03
1.200	23.73	45.03
1.200	23.73	45.03
1.200	23.73	45.03
1.200	23.73	45.04
1.200	23.73	45.04
1.200	23.73	45.05
1.200	23.73	45.05
1.200	23.73	45.05
1.200	23.73	45.05
1.200	23.73	45.06
1.200	23.73	45.06
1.200	23.73	45.06
1.200	23.73	45.07
1.200	23.73	45.07
1.200	23.73	45.07
1.200	23.73	45.07
1.200	23.73	45.08
1.200	23.73	45.08
1.200	23.73	45.09
1.200	23.73	45.09
1.201	23.73	45.09
1.201	23.73	45.10
1.201	23.73	45.10
1.201	23.73	45.10
1.201	23.73	45.10
1.201	23.73	45.11
1.201	23.73	45.11
1.202	23.73	45.12
1.202	23.73	45.12
1.202	23.73	45.12
1.202	23.73	45.13
1.203	23.73	45.13
1.203	23.73	45.13
1.203	23.73	45.13
1.203	23.73	45.14
1.204	23.73	45.14
1.204	23.73	45.14
1.204	23.73	45.14
1.204	23.73	45.15
1.205	23.73	45.15
1.205	23.73	45.15
1.205	23.73	45.15
1.205	23.73	45.16
1.205	23.73	45.16
1.206	23.73	45.16
1.206	23.73	45.16
1.206	23.73	45.17
1.207	23.73	45.17
1.207	23.73	45.17
1.207	23.73	45.18
1.208	23.73	45.18
1.208	23.73	45.18
1.208	23.73	45.18
1.208	23.73	45.18
1.209	23.73	45.18
1.209	23.73	45.19
1.209	23.73	45.19
1.210	23.73	45.19
1.210	23.73	45.19
1.210	23.73	45.20
1.211	23.73	45.20
1.211	23.73	45.20
1.212	23.73	45.20
1.212	23.73	45.20
1.212	23.73	45.20
1.213	23.73	45.20
1.213	23.73	45.21
1.213	23.73	45.21
1.214	23.73	45.21
1.214	23.73	45.21
1.215	23.73	45.22
1.215	23.73	45.22
1.215	23.73	45.22
1.216	23.73	45.22
1.216	23.73	45.22
1.216	23.73	45.22
1.217	23.73	45.22
1.217	23.73	45.23
1.217	23.73	45.23
1.218	23.73	45.23
1.218	23.73	45.23
1.219	23.73	45.23
1.219	23.73	45.23
1.219	23.73	45.23
1.220	23.73	45.23
1.220	23.73	45.23
1.220	23.73	45.23
1.221	23.73	45.24
1.221	23.73	45.24
1.222	23.73	45.24
1.222	23.73	45.24
1.222	23.73	45.24
1.222	23.73	45.24
1.223	23.70	45.24
1.223	23.72	45.25
1.224	23.67	45.25
1.224	23.71	45.25
1.224	23.69	45.25
1.225	23.64	45.25
1.225	23.64	45.25
1.225	23.64	45.25
1.226	23.64	45.25
1.226	23.64	45.25
1.227	23.64	45.25
1.227	23.64	45.25
1.228	23.64	45.25
1.228	23.64	45.25
1.229	23.63	45.26
1.229	23.64	45.26
1.230	23.64	45.26
1.230	23.64	45.26
1.230	23.64	45.26
1.230	23.64	45.26
1.231	23.64	45.26
1.231	23.64	45.26
1.232	23.64	45.26
1.232	23.63	45.26
1.233	23.56	45.26
1.233	23.60	45.26
1.233	23.56	45.26
1.233	23.54	45.26
1.234	23.54	45.26
1.234	23.54	45.26
1.235	23.54	45.27
1.235	23.54	45.27
1.235	23.54	45.27
1.236	23.54	45.27
1.236	23.54	45.27
1.236	23.54	45.27
1.236	23.54	45.27
1.237	23.48	45.27
1.237	23.49	45.27
1.238	23.48	45.27
1.238	23.45	45.27
1.238	23.48	45.27
1.238	23.53	45.28
1.239	23.48	45.28
1.239	23.44	45.28
1.239	23.45	45.28
1.240	23.44	45.28
1.240	23.44	45.28
1.240	23.37	45.28
1.241	23.35	45.28
1.241	23.35	45.28
1.241	23.35	45.28
1.241	23.35	45.28
1.242	23.35	45.28
1.242	23.35	45.28
1.242	23.35	45.28
1.243	23.35	45.28
1.243	23.35	45.28
1.243	23.39	45.28
1.243	23.44	45.28
1.243	23.41	45.28
1.244	23.40	45.28
1.244	23.36	45.28
1.244	23.35	45.28
1.245	23.35	45.28
1.245	23.35	45.28
1.245	23.31	45.28
1.246	23.31	45.28
1.246	23.27	45.28
1.246	23.26	45.29
1.246	23.26	45.29
1.246	23.26	45.29
1.247	23.26	45.29
1.247	23.26	45.29
1.248	23.21	45.29
1.249	23.20	45.29
1.249	23.20	45.29
1.250	23.20	45.29
1.250	23.20	45.29
1.250	23.20	45.29
1.251	23.19	45.29
1.251	23.20	45.29
1.252	23.18	45.29
1.252	23.14	45.29
1.253	23.14	45.29
1.253	23.14	45.29
1.254	23.14	45.29
1.254	23.14	45.29
1.255	23.10	45.29
1.255	23.09	45.29
1.256	23.09	45.29
1.257	23.09	45.29
1.257	23.09	45.29
1.258	23.08	45.29
1.258	23.04	45.29
1.259	23.03	45.29
1.260	23.03	45.29
1.261	23.03	45.29
1.261	22.98	45.29
1.262	22.97	45.29
1.263	22.96	45.29
1.264	22.91	45.29
1.264	22.91	45.29
1.265	22.91	45.29
1.266	22.90	45.29
1.266	22.90	45.29
1.267	22.86	45.29
1.267	22.86	45.29
1.268	22.86	45.29
1.268	22.86	45.29
1.269	22.85	45.29
1.270	22.80	45.29
1.271	22.80	45.29
1.271	22.80	45.29
1.272	22.80	45.29
1.273	22.74	45.29
1.275	22.73	45.29
1.275	22.70	45.29
1.276	22.69	45.29
1.276	22.68	45.29
1.277	22.68	45.29
1.278	22.68	45.29
1.279	22.68	45.29
1.279	22.65	45.29
1.279	22.65	45.29
1.280	22.65	45.29
1.280	22.63	45.29
1.281	22.62	45.29
1.282	22.62	45.29
1.282	22.61	45.29
1.283	22.57	45.29
1.283	22.56	45.29
1.284	22.56	45.29
1.285	22.56	45.29
1.285	22.56	45.29
1.286	22.56	45.29
1.286	22.52	45.29
1.287	22.52	45.29
1.287	22.51	45.29
1.287	22.50	45.29
1.288	22.50	45.29
1.288	22.49	45.29
1.289	22.46	45.29
1.289	22.45	45.29
1.289	22.44	45.29
1.290	22.44	45.29
1.290	22.45	45.29
1.290	22.44	45.30
1.291	22.44	45.30
1.291	22.44	45.29
1.291	22.44	45.29
1.292	22.44	45.29
1.292	22.44	45.29
1.292	22.42	45.30
1.293	22.38	45.29
1.293	22.38	45.29
1.294	22.38	45.29
1.294	22.38	45.30
1.294	22.38	45.29
1.294	22.38	45.30
1.295	22.38	45.29
1.295	22.36	45.29
1.296	22.33	45.30
1.296	22.32	45.29
1.296	22.33	45.30
1.297	22.32	45.30
1.298	22.32	45.30
1.298	22.32	45.30
1.298	22.32	45.29
1.298	22.31	45.29
1.299	22.30	45.30
1.299	22.28	45.29
1.299	22.26	45.29
1.300	22.26	45.29
1.300	22.26	45.30
1.301	22.26	45.29
1.301	22.26	45.29
1.302	22.24	45.30
1.302	22.19	45.29
1.303	22.19	45.29
1.303	22.19	45.30
1.303	22.19	45.29
1.304	22.19	45.30
1.304	22.19	45.30
1.305	22.19	45.30
1.305	22.19	45.30
1.306	22.17	45.29
1.306	22.15	45.30
1.307	22.15	45.29
1.307	22.14	45.30
1.307	22.13	45.29
1.307	22.13	45.29
1.308	22.13	45.29
1.308	22.13	45.29
1.309	22.13	45.29
1.309	22.12	45.29
1.310	22.07	45.29
1.310	22.06	45.29
1.310	22.06	45.29
1.310	22.06	45.29
1.311	22.06	45.29
1.312	22.06	45.29
1.312	22.06	45.29
1.312	22.06	45.29
1.313	22.06	45.29
1.312	22.06	45.29
1.313	22.06	45.29
1.313	22.06	45.29
1.313	22.02	45.29
1.313	22.00	45.29
1.314	22.00	45.29
1.314	22.00	45.29
1.314	22.00	45.29
1.315	22.00	45.29
1.315	22.00	45.29
1.316	22.00	45.29
1.316	21.94	45.29
1.317	21.93	45.29
1.317	21.93	45.29
1.317	21.93	45.29
1.318	21.93	45.29
1.318	21.93	45.29
1.319	21.93	45.29
1.319	21.93	45.29
1.319	21.93	45.29
1.319	21.93	45.29
1.319	21.93	45.29
1.320	21.90	45.29
1.320	21.87	45.29
1.320	21.86	45.29
1.320	21.86	45.29
1.321	21.86	45.29
1.322	21.86	45.29
1.322	21.86	45.29
1.322	21.86	45.29
1.323	21.86	45.29
1.323	21.86	45.29
1.323	21.84	45.29
1.324	21.80	45.29
1.325	21.80	45.29
1.325	21.80	45.29
1.325	21.80	45.29
1.326	21.80	45.29
1.326	21.80	45.29
1.327	21.80	45.29
1.327	21.78	45.29
1.328	21.74	45.29
1.328	21.73	45.29
1.329	21.73	45.29
1.329	21.73	45.29
1.330	21.73	45.29
1.330	21.73	45.29
1.330	21.73	45.29
1.331	21.73	45.29
1.331	21.71	45.29
1.332	21.72	45.29
1.332	21.67	45.29
1.333	21.67	45.29
1.333	21.67	45.29
1.334	21.67	45.29
1.335	21.64	45.29
1.335	21.61	45.29
1.336	21.60	45.29
1.337	21.60	45.29
1.338	21.60	45.29
1.338	21.60	45.29
1.339	21.56	45.29
1.340	21.54	45.29
1.341	21.54	45.29
1.341	21.54	45.29
1.342	21.54	45.29
1.342	21.50	45.29
1.342	21.47	45.29
1.343	21.47	45.29
1.344	21.47	45.29
1.344	21.47	45.29
1.344	21.47	45.29
1.344	21.47	45.29
1.344	21.47	45.29
1.345	21.45	45.29
1.345	21.42	45.29
1.345	21.41	45.29
1.346	21.41	45.29
1.346	21.41	45.29
1.347	21.41	45.29
1.347	21.41	45.29
1.348	21.41	45.29
1.349	21.39	45.29
1.349	21.38	45.29
1.350	21.37	45.29
1.350	21.35	45.29
1.351	21.35	45.29
1.351	21.35	45.29
1.352	21.35	45.29
1.353	21.35	45.29
1.353	21.35	45.29
1.354	21.30	45.29
1.354	21.29	45.29
1.354	21.29	45.29
1.355	21.29	45.29
1.355	21.29	45.29
1.356	21.29	45.29
1.357	21.29	45.29
1.358	21.28	45.29
1.358	21.23	45.29
1.359	21.23	45.28
1.360	21.23	45.28
1.360	21.23	45.28
1.360	21.23	45.28
1.361	21.22	45.28
1.362	21.17	45.28
1.362	21.17	45.28
1.363	21.17	45.28
1.363	21.17	45.28
1.364	21.17	45.28
1.364	21.17	45.28
1.365	21.17	45.28
1.365	21.17	45.28
1.366	21.17	45.28
1.366	21.17	45.28
1.367	21.13	45.28
1.368	21.11	45.28
1.368	21.11	45.28
1.369	21.11	45.28
1.369	21.09	45.28
1.370	21.05	45.28
1.371	21.05	45.28
1.371	21.05	45.28
1.372	21.05	45.28
1.373	21.04	45.28
1.374	21.00	45.28
1.375	20.99	45.28
1.376	20.99	45.28
1.376	20.99	45.28
1.377	20.97	45.28
1.377	20.95	45.28
1.377	20.95	45.28
1.378	20.94	45.28
1.378	20.93	45.28
1.379	20.93	45.28
1.379	20.93	45.28
1.380	20.92	45.28
1.381	20.88	45.28
1.381	20.87	45.28
1.381	20.89	45.28
1.381	20.88	45.28
1.381	20.88	45.28
1.382	20.87	45.28
1.382	20.87	45.28
1.383	20.87	45.28
1.383	20.87	45.28
1.383	20.87	45.28
1.383	20.87	45.28
1.384	20.86	45.28
1.384	20.86	45.28
1.384	20.84	45.28
1.385	20.82	45.28
1.386	20.80	45.28
1.387	20.80	45.28
1.388	20.78	45.28
1.388	20.75	45.28
1.389	20.75	45.28
1.390	20.74	45.28
1.391	20.74	45.28
1.391	20.73	45.28
1.392	20.69	45.28
1.392	20.68	45.28
1.393	20.68	45.28
1.393	20.68	45.28
1.393	20.68	45.28
1.394	20.68	45.28
1.394	20.68	45.28
1.394	20.68	45.28
1.395	20.68	45.28
1.396	20.67	45.28
1.397	20.67	45.28
1.397	20.63	45.28
1.398	20.61	45.28
1.399	20.61	45.28
1.400	20.61	45.28
1.401	20.61	45.28
1.401	20.58	45.28
1.401	20.55	45.28
1.402	20.55	45.28
1.402	20.55	45.28
1.403	20.55	45.28
1.404	20.54	45.28
1.405	20.49	45.28
1.405	20.49	45.28
1.406	20.49	45.28
1.407	20.49	45.28
1.407	20.49	45.28
1.407	20.49	45.28
1.407	20.49	45.28
1.408	20.49	45.27
1.408	20.47	45.27
1.408	20.42	45.27
1.409	20.42	45.27
1.410	20.42	45.27
1.410	20.42	45.27
1.411	20.42	45.27
1.411	20.42	45.27
1.412	20.42	45.27
1.413	20.42	45.27
1.413	20.42	45.27
1.413	20.36	45.27
1.414	20.35	45.27
1.414	20.35	45.27
1.415	20.35	45.27
1.416	20.35	45.27
1.417	20.35	45.27
1.417	20.34	45.27
1.418	20.29	45.27
1.419	20.28	45.27
1.419	20.28	45.27
1.420	20.28	45.27
1.421	20.28	45.27
1.421	20.28	45.27
1.422	20.27	45.27
1.422	20.22	45.27
1.423	20.21	45.27
1.423	20.21	45.27
1.423	20.21	45.27
1.424	20.21	45.27
1.424	20.21	45.27
1.425	20.21	45.27
1.426	20.20	45.27
1.426	20.15	45.27
1.427	20.14	45.27
1.428	20.14	45.27
1.428	20.14	45.27
1.429	20.14	45.27
1.429	20.14	45.27
1.430	20.08	45.27
1.431	20.10	45.27
1.431	20.11	45.27
1.432	20.09	45.27
1.433	20.07	45.27
1.433	20.07	45.27
1.433	20.07	45.27
1.434	20.07	45.27
1.434	20.07	45.27
1.434	20.07	45.27
1.434	20.07	45.27
1.435	20.07	45.27
1.435	20.07	45.27
1.436	20.07	45.27
1.436	20.00	45.27
1.437	20.00	45.27
1.437	20.00	45.27
1.437	20.00	45.27
1.438	20.00	45.27
1.439	20.00	45.26
1.439	20.00	45.26
1.439	20.00	45.26
1.440	19.99	45.26
1.441	19.96	45.26
1.441	19.96	45.26
1.442	19.95	45.26
1.442	19.95	45.26
1.443	19.95	45.26
1.443	19.95	45.26
1.443	19.95	45.26
1.443	19.95	45.26
1.444	19.95	45.26
1.444	19.95	45.26
1.445	19.95	45.26
1.445	19.94	45.26
1.446	19.92	45.26
1.446	19.90	45.26
1.447	19.89	45.26
1.448	19.89	45.26
1.449	19.89	45.26
1.449	19.89	45.26
1.450	19.86	45.26
1.450	19.86	45.26
1.451	19.85	45.26
1.452	19.84	45.26
1.452	19.84	45.26
1.452	19.84	45.26
1.453	19.84	45.26
1.453	19.84	45.26
1.453	19.84	45.26
1.453	19.84	45.26
1.454	19.84	45.26
1.454	19.81	45.26
1.455	19.79	45.26
1.455	19.79	45.26
1.455	19.80	45.26
1.456	19.79	45.26
1.456	19.79	45.26
1.456	19.79	45.26
1.457	19.79	45.26
1.457	19.79	45.26
1.458	19.79	45.26
1.458	19.79	45.26
1.458	19.79	45.26
1.458	19.78	45.26
1.459	19.75	45.26
1.459	19.74	45.26
1.460	19.74	45.26
1.461	19.74	45.26
1.461	19.74	45.26
1.461	19.72	45.26
1.462	19.71	45.26
1.462	19.69	45.26
1.463	19.69	45.26
1.463	19.70	45.26
1.463	19.72	45.26
1.464	19.69	45.26
1.464	19.69	45.26
1.465	19.69	45.26
1.465	19.69	45.26
1.465	19.69	45.26
1.466	19.69	45.26
1.466	19.68	45.26
1.467	19.64	45.26
1.467	19.63	45.26
1.468	19.63	45.26
1.469	19.63	45.26
1.469	19.63	45.26
1.470	19.63	45.26
1.471	19.61	45.26
1.472	19.56	45.26
1.472	19.58	45.26
1.472	19.58	45.26
1.473	19.54	45.26
1.474	19.53	45.26
1.474	19.53	45.26
1.475	19.53	45.26
1.475	19.51	45.26
1.476	19.50	45.26
1.477	19.49	45.26
1.478	19.48	45.26
1.479	19.48	45.26
1.480	19.47	45.25
1.480	19.45	45.26
1.481	19.46	45.25
1.481	19.47	45.26
1.482	19.45	45.26
1.482	19.45	45.25
1.483	19.45	45.25
1.483	19.45	45.25
1.483	19.45	45.25
1.484	19.45	45.25
1.484	19.45	45.25
1.484	19.43	45.25
1.485	19.43	45.25
1.485	19.43	45.25
1.486	19.43	45.25
1.486	19.43	45.25
1.486	19.43	45.25
1.487	19.41	45.25
1.487	19.40	45.25
1.488	19.40	45.25
1.488	19.40	45.25
1.488	19.40	45.25
1.489	19.38	45.25
1.490	19.38	45.25
1.490	19.37	45.25
1.490	19.37	45.25
1.491	19.37	45.25
1.491	19.36	45.25
1.491	19.34	45.25
1.492	19.33	45.25
1.492	19.33	45.25
1.493	19.32	45.25
1.493	19.32	45.25
1.494	19.31	45.25
1.494	19.30	45.25
1.495	19.27	45.25
1.496	19.27	45.25
1.496	19.27	45.25
1.497	19.25	45.25
1.497	19.25	45.25
1.498	19.25	45.25
1.498	19.25	45.25
1.498	19.25	45.25
1.499	19.25	45.25
1.499	19.24	45.25
1.499	19.23	45.25
1.500	19.23	45.25
1.500	19.17	45.25
1.501	19.17	45.25
1.502	19.17	45.25
1.502	19.09	45.25
1.503	19.16	45.25
1.504	19.17	45.25
1.504	19.14	45.25
1.505	19.11	45.25
1.505	19.09	45.25
1.506	19.09	45.25
1.506	19.08	45.25
1.507	19.08	45.25
1.507	19.08	45.25
1.507	19.09	45.25
1.508	19.09	45.25
1.508	19.06	45.25
1.508	19.06	45.25
1.509	19.06	45.25
1.509	19.05	45.25
1.509	19.05	45.25
1.510	19.05	45.25
1.510	19.05	45.25
1.511	19.04	45.25
1.511	19.03	45.25
1.512	19.03	45.25
1.512	19.03	45.25
1.513	19.02	45.25
1.513	19.02	45.25
1.513	19.01	45.25
1.514	18.99	45.25
1.515	18.98	45.25
1.515	18.97	45.25
1.515	18.96	45.25
1.516	18.94	45.25
1.516	18.93	45.25
1.517	18.92	45.25
1.518	18.90	45.25
1.518	18.89	45.25
1.519	18.88	45.25
1.519	18.88	45.25
1.520	18.87	45.25
1.520	18.86	45.25
1.521	18.84	45.25
1.521	18.84	45.25
1.522	18.83	45.25
1.522	18.83	45.25
1.522	18.83	45.25
1.523	18.82	45.25
1.523	18.82	45.25
1.524	18.81	45.25
1.524	18.80	45.25
1.525	18.79	45.25
1.525	18.78	45.25
1.526	18.78	45.25
1.526	18.78	45.25
1.526	18.77	45.25
1.527	18.77	45.25
1.528	18.77	45.24
1.528	18.76	45.24
1.528	18.75	45.24
1.529	18.75	45.24
1.529	18.74	45.24
1.530	18.74	45.24
1.530	18.73	45.24
1.530	18.73	45.24
1.531	18.72	45.24
1.532	18.72	45.24
1.532	18.71	45.24
1.533	18.71	45.24
1.533	18.70	45.24
1.534	18.70	45.24
1.534	18.69	45.24
1.534	18.69	45.24
1.534	18.68	45.24
1.535	18.68	45.24
1.535	18.67	45.24
1.535	18.67	45.24
1.536	18.66	45.24
1.537	18.66	45.24
1.538	18.65	45.24
1.538	18.65	45.24
1.539	18.65	45.24
1.539	18.65	45.24
1.540	18.64	45.24
1.540	18.63	45.24
1.541	18.62	45.24
1.542	18.62	45.24
1.542	18.61	45.24
1.542	18.61	45.24
1.543	18.60	45.24
1.543	18.60	45.24
1.544	18.59	45.23
1.545	18.58	45.23
1.545	18.57	45.23
1.546	18.57	45.23
1.546	18.56	45.23
1.547	18.55	45.23
1.548	18.54	45.23
1.549	18.54	45.23
1.549	18.53	45.23
1.550	18.52	45.23
1.550	18.51	45.23
1.550	18.51	45.23
1.551	18.49	45.23
1.552	18.48	45.23
1.553	18.47	45.23
1.554	18.46	45.23
1.555	18.45	45.23
1.556	18.44	45.23
1.556	18.43	45.23
1.557	18.42	45.23
1.558	18.41	45.23
1.559	18.40	45.23
1.560	18.39	45.23
1.561	18.37	45.23
1.561	18.37	45.23
1.562	18.37	45.23
1.562	18.36	45.23
1.563	18.35	45.23
1.564	18.34	45.23
1.564	18.33	45.23
1.565	18.32	45.23
1.565	18.32	45.23
1.566	18.31	45.23
1.566	18.31	45.23
1.566	18.30	45.23
1.567	18.30	45.23
1.567	18.29	45.23
1.567	18.29	45.23
1.568	18.28	45.23
1.568	18.28	45.23
1.569	18.27	45.23
1.569	18.26	45.23
1.570	18.25	45.23
1.570	18.25	45.23
1.570	18.25	45.23
1.571	18.24	45.23
1.571	18.24	45.23
1.572	18.24	45.23
1.572	18.23	45.23
1.572	18.23	45.23
1.573	18.22	45.23
1.573	18.22	45.23
1.573	18.22	45.23
1.574	18.21	45.23
1.574	18.21	45.23
1.575	18.20	45.23
1.576	18.20	45.23
1.576	18.19	45.23
1.577	18.18	45.23
1.577	18.17	45.23
1.578	18.17	45.23
1.578	18.17	45.23
1.579	18.16	45.23
1.579	18.15	45.23
1.580	18.15	45.23
1.580	18.15	45.22
1.580	18.14	45.22
1.581	18.14	45.22
1.581	18.13	45.22
1.582	18.13	45.22
1.582	18.12	45.22
1.582	18.12	45.22
1.583	18.11	45.22
1.584	18.11	45.22
1.584	18.11	45.22
1.584	18.11	45.22
1.585	18.11	45.22
1.585	18.09	45.22
1.586	18.08	45.22
1.586	18.07	45.22
1.587	18.06	45.22
1.588	18.05	45.22
1.589	18.05	45.22
1.589	18.04	45.22
1.590	18.03	45.22
1.590	18.03	45.22
1.591	18.02	45.22
1.591	18.01	45.22
1.592	18.00	45.22
1.592	18.00	45.22
1.593	17.99	45.22
1.593	17.98	45.22
1.593	17.98	45.22
1.594	17.98	45.22
1.595	17.97	45.22
1.595	17.97	45.22
1.595	17.96	45.22
1.596	17.96	45.22
1.596	17.95	45.22
1.597	17.93	45.22
1.597	17.93	45.22
1.598	17.92	45.22
1.599	17.92	45.22
1.599	17.92	45.22
1.599	17.91	45.22
1.600	17.91	45.22
1.601	17.91	45.22
1.601	17.90	45.22
1.602	17.89	45.22
1.602	17.89	45.22
1.603	17.88	45.22
1.603	17.87	45.22
1.604	17.86	45.22
1.604	17.86	45.22
1.604	17.85	45.22
1.605	17.84	45.22
1.605	17.83	45.22
1.606	17.82	45.22
1.607	17.82	45.22
1.607	17.81	45.22
1.607	17.81	45.22
1.608	17.81	45.22
1.609	17.80	45.22
1.610	17.79	45.22
1.610	17.79	45.22
1.610	17.79	45.22
1.611	17.78	45.22
1.611	17.78	45.22
1.612	17.77	45.22
1.612	17.76	45.22
1.613	17.76	45.22
1.613	17.75	45.22
1.614	17.75	45.22
1.614	17.75	45.22
1.614	17.75	45.22
1.615	17.74	45.22
1.615	17.73	45.22
1.616	17.72	45.22
1.616	17.71	45.22
1.617	17.71	45.22
1.618	17.70	45.22
1.618	17.69	45.22
1.619	17.69	45.22
1.620	17.69	45.22
1.620	17.68	45.22
1.621	17.68	45.22
1.621	17.68	45.22
1.621	17.67	45.22
1.621	17.67	45.22
1.622	17.66	45.22
1.622	17.65	45.22
1.622	17.65	45.22
1.623	17.64	45.22
1.623	17.64	45.22
1.623	17.64	45.21
1.624	17.64	45.21
1.625	17.62	45.22
1.625	17.62	45.21
1.626	17.61	45.21
1.626	17.60	45.21
1.627	17.60	45.21
1.627	17.59	45.21
1.628	17.59	45.21
1.628	17.59	45.21
1.629	17.58	45.21
1.629	17.58	45.21
1.630	17.58	45.21
1.630	17.56	45.21
1.631	17.56	45.21
1.631	17.55	45.21
1.632	17.54	45.21
1.632	17.53	45.21
1.633	17.52	45.21
1.634	17.52	45.21
1.634	17.52	45.21
1.635	17.52	45.21
1.635	17.51	45.21
1.636	17.50	45.21
1.636	17.50	45.21
1.637	17.49	45.21
1.637	17.48	45.21
1.638	17.48	45.21
1.639	17.47	45.21
1.639	17.46	45.21
1.639	17.46	45.21
1.640	17.45	45.21
1.640	17.45	45.21
1.641	17.44	45.21
1.642	17.43	45.21
1.642	17.43	45.21
1.643	17.42	45.21
1.644	17.42	45.21
1.644	17.40	45.21
1.645	17.39	45.21
1.645	17.39	45.21
1.646	17.38	45.21
1.647	17.37	45.21
1.647	17.37	45.20
1.648	17.36	45.20
1.649	17.35	45.20
1.649	17.34	45.20
1.650	17.33	45.20
1.651	17.33	45.20
1.651	17.33	45.20
1.652	17.32	45.20
1.653	17.31	45.20
1.653	17.30	45.20
1.654	17.30	45.20
1.654	17.30	45.20
1.654	17.30	45.20
1.654	17.29	45.20
1.654	17.29	45.20
1.655	17.28	45.20
1.656	17.27	45.20
1.657	17.26	45.20
1.657	17.26	45.20
1.658	17.25	45.20
1.658	17.25	45.20
1.659	17.24	45.20
1.660	17.24	45.20
1.660	17.23	45.20
1.661	17.23	45.20
1.662	17.23	45.20
1.662	17.21	45.20
1.663	17.20	45.20
1.663	17.20	45.20
1.664	17.20	45.20
1.665	17.19	45.20
1.665	17.18	45.20
1.665	17.18	45.20
1.665	17.17	45.20
1.666	17.16	45.20
1.666	17.16	45.20
1.667	17.15	45.20
1.668	17.14	45.20
1.668	17.14	45.20
1.669	17.14	45.20
1.669	17.13	45.20
1.670	17.13	45.20
1.670	17.13	45.20
1.671	17.12	45.20
1.672	17.11	45.20
1.672	17.11	45.20
1.673	17.10	45.20
1.673	17.09	45.20
1.674	17.08	45.20
1.675	17.07	45.20
1.676	17.07	45.20
1.677	17.06	45.20
1.678	17.05	45.20
1.678	17.04	45.20
1.678	17.04	45.20
1.679	17.02	45.20
1.680	17.02	45.20
1.681	17.00	45.20
1.681	17.00	45.20
1.682	16.99	45.20
1.682	16.99	45.20
1.682	16.99	45.20
1.683	16.98	45.20
1.684	16.97	45.20
1.685	16.97	45.20
1.685	16.95	45.20
1.686	16.95	45.20
1.686	16.94	45.20
1.686	16.93	45.20
1.687	16.93	45.20
1.687	16.93	45.20
1.688	16.92	45.20
1.688	16.91	45.20
1.689	16.91	45.20
1.689	16.91	45.20
1.690	16.90	45.20
1.691	16.90	45.20
1.691	16.90	45.20
1.692	16.88	45.19
1.692	16.88	45.19
1.693	16.87	45.19
1.694	16.86	45.19
1.694	16.86	45.19
1.695	16.86	45.19
1.695	16.84	45.19
1.696	16.84	45.19
1.697	16.83	45.19
1.698	16.83	45.19
1.699	16.82	45.19
1.699	16.81	45.19
1.700	16.81	45.19
1.700	16.79	45.19
1.701	16.79	45.19
1.702	16.79	45.19
1.702	16.78	45.19
1.703	16.77	45.19
1.704	16.77	45.19
1.705	16.76	45.19
1.706	16.75	45.19
1.707	16.74	45.19
1.707	16.74	45.19
1.707	16.74	45.19
1.708	16.73	45.19
1.708	16.73	45.19
1.709	16.72	45.19
1.709	16.72	45.19
1.710	16.70	45.19
1.710	16.70	45.19
1.711	16.70	45.19
1.711	16.68	45.19
1.712	16.68	45.19
1.712	16.68	45.19
1.713	16.68	45.19
1.713	16.66	45.19
1.714	16.66	45.19
1.714	16.66	45.19
1.715	16.65	45.19
1.715	16.64	45.19
1.716	16.64	45.19
1.717	16.64	45.19
1.717	16.63	45.19
1.718	16.62	45.19
1.719	16.62	45.19
1.720	16.60	45.19
1.721	16.60	45.19
1.721	16.59	45.19
1.722	16.58	45.19
1.723	16.58	45.19
1.723	16.56	45.19
1.724	16.56	45.19
1.724	16.56	45.19
1.725	16.54	45.19
1.726	16.54	45.19
1.727	16.53	45.19
1.727	16.52	45.19
1.728	16.52	45.19
1.729	16.51	45.19
1.729	16.50	45.19
1.729	16.50	45.19
1.730	16.50	45.19
1.731	16.49	45.19
1.731	16.48	45.19
1.732	16.48	45.19
1.733	16.46	45.19
1.734	16.46	45.19
1.734	16.45	45.19
1.735	16.44	45.19
1.736	16.44	45.19
1.736	16.44	45.19
1.737	16.43	45.19
1.738	16.42	45.19
1.739	16.41	45.19
1.740	16.40	45.19
1.741	16.38	45.19
1.742	16.38	45.18
1.742	16.38	45.18
1.743	16.37	45.18
1.743	16.37	45.18
1.744	16.36	45.18
1.744	16.36	45.18
1.745	16.36	45.18
1.746	16.34	45.18
1.747	16.33	45.18
1.748	16.32	45.18
1.748	16.32	45.18
1.748	16.32	45.18
1.749	16.32	45.18
1.749	16.31	45.18
1.750	16.30	45.18
1.751	16.29	45.18
1.753	16.29	45.18
1.753	16.28	45.18
1.754	16.28	45.18
1.754	16.27	45.18
1.755	16.27	45.18
1.755	16.25	45.18
1.756	16.25	45.18
1.756	16.25	45.18
1.756	16.24	45.18
1.757	16.23	45.18
1.758	16.23	45.18
1.758	16.22	45.18
1.759	16.22	45.18
1.759	16.21	45.18
1.760	16.21	45.18
1.761	16.20	45.18
1.761	16.20	45.18
1.762	16.19	45.18
1.763	16.18	45.18
1.764	16.17	45.18
1.764	16.16	45.18
1.765	16.16	45.18
1.766	16.15	45.18
1.766	16.14	45.18
1.767	16.14	45.18
1.767	16.14	45.18
1.768	16.12	45.18
1.768	16.12	45.18
1.769	16.12	45.18
1.770	16.10	45.18
1.771	16.10	45.18
1.771	16.10	45.18
1.772	16.10	45.18
1.772	16.08	45.18
1.773	16.08	45.18
1.773	16.08	45.18
1.774	16.07	45.18
1.775	16.06	45.18
1.776	16.06	45.18
1.776	16.06	45.18
1.777	16.04	45.18
1.778	16.04	45.18
1.778	16.03	45.18
1.779	16.02	45.18
1.780	16.02	45.18
1.781	16.01	45.18
1.782	16.00	45.18
1.782	16.00	45.18
1.783	15.98	45.18
1.785	15.98	45.18
1.785	15.97	45.18
1.786	15.96	45.18
1.786	15.96	45.18
1.787	15.95	45.18
1.789	15.94	45.18
1.790	15.92	45.18
1.791	15.92	45.18
1.791	15.92	45.18
1.792	15.90	45.18
1.793	15.90	45.18
1.794	15.90	45.18
1.794	15.89	45.18
1.795	15.88	45.18
1.796	15.88	45.18
1.796	15.88	45.17
1.797	15.87	45.17
1.797	15.86	45.17
1.799	15.84	45.17
1.800	15.84	45.17
1.801	15.83	45.17
1.802	15.82	45.17
1.803	15.81	45.17
1.804	15.80	45.17
1.805	15.80	45.17
1.805	15.80	45.17
1.806	15.79	45.17
1.807	15.78	45.17
1.807	15.78	45.17
1.808	15.77	45.17
1.808	15.77	45.17
1.808	15.76	45.17
1.809	15.75	45.17
1.809	15.75	45.17
1.809	15.75	45.17
1.810	15.75	45.17
1.810	15.74	45.17
1.811	15.73	45.17
1.812	15.73	45.17
1.813	15.71	45.17
1.814	15.71	45.17
1.815	15.69	45.17
1.816	15.69	45.17
1.818	15.67	45.17
1.819	15.65	45.17
1.820	15.65	45.17
1.820	15.65	45.17
1.821	15.65	45.17
1.822	15.63	45.17
1.823	15.62	45.17
1.824	15.61	45.17
1.826	15.60	45.17
1.827	15.59	45.17
1.827	15.59	45.17
1.827	15.58	45.17
1.828	15.57	45.17
1.829	15.57	45.17
1.829	15.56	45.17
1.831	15.55	45.17
1.832	15.55	45.17
1.833	15.54	45.17
1.834	15.53	45.17
1.835	15.52	45.17
1.836	15.51	45.17
1.838	15.50	45.16
1.839	15.49	45.16
1.840	15.48	45.16
1.842	15.47	45.16
1.843	15.46	45.16
1.844	15.44	45.16
1.845	15.44	45.16
1.846	15.43	45.16
1.847	15.42	45.16
1.848	15.41	45.16
1.850	15.40	45.16
1.851	15.39	45.16
1.852	15.38	45.16
1.853	15.36	45.16
1.854	15.36	45.16
1.856	15.35	45.16
1.857	15.34	45.16
1.858	15.32	45.16
1.859	15.32	45.16
1.859	15.31	45.16
1.860	15.30	45.16
1.861	15.29	45.16
1.863	15.28	45.16
1.864	15.27	45.16
1.865	15.25	45.16
1.866	15.25	45.16
1.867	15.25	45.16
1.869	15.23	45.16
1.871	15.21	45.16
1.872	15.21	45.16
1.873	15.21	45.16
1.874	15.20	45.16
1.875	15.19	45.16
1.876	15.17	45.16
1.878	15.16	45.16
1.879	15.15	45.16
1.880	15.15	45.16
1.881	15.13	45.16
1.883	15.12	45.16
1.884	15.11	45.16
1.885	15.10	45.16
1.886	15.10	45.16
1.888	15.09	45.16
1.888	15.08	45.16
1.889	15.08	45.16
1.890	15.06	45.16
1.890	15.06	45.16
1.892	15.04	45.16
1.893	15.04	45.16
1.894	15.02	45.16
1.895	15.02	45.16
1.895	15.01	45.16
1.896	15.00	45.16
1.898	15.00	45.16
1.900	14.98	45.16
1.900	14.97	45.16
1.901	14.96	45.16
1.902	14.96	45.16
1.903	14.95	45.16
1.904	14.95	45.16
1.907	14.93	45.16
1.910	14.90	45.16
1.912	14.88	45.16
1.914	14.86	45.16
1.916	14.85	45.16
1.916	14.84	45.16
1.918	14.83	45.16
1.921	14.81	45.16
1.924	14.79	45.16
1.925	14.78	45.16
1.927	14.77	45.16
1.930	14.75	45.16
1.930	14.74	45.16
1.930	14.74	45.16
1.930	14.73	45.16
1.930	14.73	45.15
1.930	14.73	45.16
1.930	14.73	45.15
1.929	14.73	45.15
1.929	14.73	45.16
1.929	14.73	45.15
1.930	14.73	45.15
1.931	14.72	45.15
1.932	14.70	45.15
1.935	14.69	45.15
1.938	14.68	45.15
1.940	14.66	45.15
1.941	14.64	45.15
1.943	14.64	45.15
1.944	14.62	45.15
1.946	14.62	45.15
1.948	14.60	45.15
1.950	14.58	45.15
1.953	14.56	45.15
1.956	14.54	45.15
1.958	14.53	45.15
1.961	14.50	45.15
1.963	14.49	45.15
1.965	14.47	45.15
1.967	14.46	45.15
1.970	14.44	45.15
1.972	14.42	45.15
1.973	14.42	45.15
1.974	14.41	45.15
1.974	14.40	45.15
1.975	14.40	45.15
1.976	14.39	45.15
1.977	14.38	45.15
1.979	14.36	45.15
1.981	14.35	45.15
1.981	14.34	45.15
1.982	14.34	45.15
1.983	14.34	45.15
1.986	14.31	45.15
1.988	14.30	45.15
1.989	14.29	45.15
1.990	14.28	45.15
1.991	14.28	45.15
1.992	14.28	45.15
1.993	14.27	45.15
1.993	14.26	45.15
1.994	14.25	45.15
1.995	14.24	45.15
1.996	14.24	45.15
1.997	14.23	45.15
1.998	14.22	45.15
1.999	14.21	45.15
2.001	14.20	45.15
2.001	14.18	45.15
2.002	14.18	45.15
2.003	14.18	45.15
2.004	14.18	45.15
2.005	14.18	45.15
2.006	14.17	45.15
2.007	14.16	45.15
2.007	14.15	45.15
2.008	14.14	45.15
2.009	14.13	45.15
2.010	14.13	45.15
2.011	14.12	45.15
2.011	14.12	45.15
2.012	14.11	45.15
2.013	14.11	45.15
2.015	14.09	45.15
2.015	14.09	45.15
2.016	14.08	45.15
2.017	14.07	45.15
2.019	14.06	45.15
2.020	14.05	45.15
2.022	14.04	45.15
2.023	14.03	45.15
2.023	14.03	45.15
2.024	14.02	45.15
2.025	14.01	45.15
2.026	14.01	45.15
2.027	13.99	45.15
2.028	13.99	45.15
2.029	13.98	45.15
2.031	13.97	45.15
2.032	13.96	45.15
2.033	13.95	45.15
2.034	13.95	45.15
2.036	13.93	45.15
2.037	13.92	45.14
2.038	13.92	45.14
2.040	13.90	45.14
2.040	13.90	45.14
2.041	13.90	45.14
2.042	13.89	45.14
2.043	13.88	45.14
2.044	13.87	45.14
2.045	13.86	45.14
2.047	13.85	45.14
2.048	13.84	45.14
2.050	13.83	45.14
2.051	13.82	45.14
2.053	13.82	45.14
2.054	13.81	45.14
2.055	13.80	45.14
2.056	13.80	45.14
2.057	13.78	45.14
2.058	13.78	45.14
2.059	13.77	45.14
2.060	13.77	45.14
2.061	13.75	45.14
2.062	13.75	45.14
2.063	13.74	45.14
2.064	13.74	45.14
2.065	13.73	45.14
2.066	13.72	45.14
2.067	13.72	45.14
2.068	13.71	45.14
2.069	13.71	45.14
2.070	13.70	45.14
2.070	13.70	45.14
2.071	13.69	45.14
2.072	13.68	45.14
2.073	13.67	45.14
2.074	13.67	45.14
2.074	13.67	45.14
2.075	13.66	45.14
2.077	13.65	45.14
2.079	13.63	45.14
2.080	13.62	45.14
2.081	13.62	45.14
2.082	13.61	45.14
2.084	13.60	45.14
2.085	13.58	45.14
2.087	13.58	45.14
2.088	13.57	45.14
2.090	13.57	45.13
2.091	13.55	45.13
2.092	13.55	45.13
2.093	13.54	45.13
2.095	13.53	45.13
2.096	13.52	45.13
2.098	13.51	45.13
2.100	13.50	45.13
2.101	13.49	45.13
2.102	13.48	45.13
2.103	13.47	45.13
2.104	13.47	45.13
2.105	13.46	45.13
2.106	13.45	45.13
2.107	13.44	45.13
2.109	13.43	45.13
2.111	13.42	45.13
2.113	13.41	45.13
2.115	13.39	45.13
2.115	13.39	45.13
2.116	13.38	45.13
2.117	13.38	45.13
2.117	13.37	45.13
2.119	13.37	45.13
2.120	13.36	45.13
2.120	13.36	45.13
2.122	13.35	45.13
2.123	13.34	45.13
2.124	13.33	45.13
2.125	13.33	45.13
2.126	13.32	45.13
2.127	13.32	45.13
2.128	13.32	45.13
2.129	13.31	45.13
2.130	13.31	45.13
2.131	13.29	45.13
2.132	13.29	45.13
2.132	13.28	45.13
2.133	13.27	45.13
2.134	13.26	45.13
2.134	13.26	45.13
2.135	13.26	45.13
2.135	13.26	45.13
2.136	13.25	45.13
2.137	13.25	45.13
2.138	13.24	45.13
2.139	13.23	45.13
2.140	13.23	45.13
2.141	13.22	45.13
2.142	13.22	45.13
2.143	13.21	45.13
2.144	13.20	45.13
2.145	13.19	45.13
2.147	13.18	45.13
2.148	13.16	45.13
2.150	13.16	45.13
2.151	13.14	45.13
2.152	13.14	45.13
2.153	13.14	45.13
2.154	13.13	45.13
2.155	13.13	45.13
2.156	13.13	45.13
2.157	13.12	45.13
2.158	13.11	45.13
2.160	13.09	45.13
2.161	13.08	45.13
2.163	13.08	45.13
2.165	13.07	45.13
2.166	13.06	45.13
2.168	13.05	45.13
2.170	13.04	45.13
2.172	13.03	45.13
2.174	13.01	45.13
2.177	13.00	45.13
2.179	12.98	45.13
2.181	12.97	45.13
2.183	12.96	45.12
2.185	12.94	45.12
2.187	12.94	45.12
2.189	12.92	45.12
2.192	12.90	45.12
2.193	12.89	45.12
2.194	12.89	45.12
2.195	12.88	45.12
2.195	12.88	45.12
2.196	12.87	45.12
2.196	12.87	45.12
2.197	12.87	45.12
2.198	12.86	45.12
2.199	12.86	45.12
2.200	12.86	45.12
2.201	12.85	45.12
2.203	12.84	45.12
2.205	12.82	45.12
2.206	12.82	45.12
2.208	12.81	45.12
2.209	12.81	45.12
2.210	12.80	45.12
2.210	12.80	45.12
2.212	12.78	45.12
2.213	12.78	45.12
2.214	12.77	45.12
2.216	12.76	45.12
2.218	12.75	45.12
2.219	12.74	45.12
2.220	12.74	45.12
2.222	12.73	45.12
2.223	12.73	45.12
2.224	12.71	45.12
2.225	12.71	45.12
2.226	12.69	45.12
2.227	12.69	45.12
2.228	12.68	45.12
2.230	12.68	45.12
2.231	12.67	45.12
2.233	12.65	45.12
2.234	12.65	45.12
2.236	12.64	45.12
2.238	12.64	45.12
2.239	12.62	45.12
2.241	12.61	45.11
2.242	12.61	45.11
2.243	12.59	45.11
2.244	12.58	45.11
2.246	12.57	45.11
2.247	12.57	45.11
2.248	12.56	45.11
2.249	12.55	45.11
2.251	12.54	45.11
2.252	12.54	45.11
2.254	12.53	45.11
2.255	12.52	45.11
2.256	12.52	45.11
2.257	12.52	45.11
2.257	12.51	45.11
2.258	12.51	45.11
2.258	12.51	45.11
2.259	12.50	45.11
2.260	12.49	45.11
2.261	12.48	45.11
2.264	12.46	45.11
2.267	12.45	45.11
2.270	12.44	45.11
2.272	12.44	45.11
2.273	12.43	45.11
2.274	12.43	45.11
2.276	12.41	45.11
2.277	12.40	45.11
2.279	12.40	45.11
2.280	12.39	45.11
2.282	12.38	45.11
2.283	12.37	45.11
2.285	12.36	45.11
2.286	12.35	45.11
2.288	12.34	45.11
2.290	12.33	45.10
2.293	12.32	45.10
2.295	12.31	45.10
2.297	12.30	45.10
2.299	12.29	45.10
2.300	12.28	45.10
2.301	12.27	45.10
2.303	12.26	45.10
2.304	12.26	45.10
2.305	12.25	45.10
2.305	12.25	45.10
2.306	12.25	45.10
2.307	12.24	45.10
2.308	12.23	45.10
2.310	12.22	45.10
2.310	12.21	45.10
2.312	12.21	45.10
2.314	12.20	45.10
2.315	12.19	45.10
2.317	12.19	45.10
2.319	12.18	45.10
2.320	12.17	45.10
2.321	12.16	45.10
2.322	12.15	45.10
2.323	12.15	45.10
2.324	12.15	45.10
2.325	12.14	45.10
2.326	12.14	45.10
2.327	12.13	45.10
2.328	12.13	45.10
2.330	12.11	45.10
2.331	12.10	45.10
2.333	12.09	45.10
2.334	12.08	45.10
2.335	12.07	45.10
2.337	12.06	45.10
2.338	12.06	45.10
2.339	12.05	45.10
2.341	12.04	45.10
2.343	12.04	45.10
2.344	12.03	45.10
2.346	12.02	45.10
2.347	12.01	45.10
2.348	12.01	45.10
2.349	12.00	45.10
2.350	12.00	45.10
2.351	11.99	45.10
2.352	11.99	45.10
2.353	11.99	45.10
2.354	11.98	45.10
2.355	11.98	45.10
2.357	11.97	45.10
2.359	11.96	45.10
2.361	11.95	45.10
2.364	11.94	45.10
2.366	11.92	45.10
2.369	11.91	45.10
2.372	11.90	45.10
2.374	11.88	45.10
2.377	11.87	45.10
2.379	11.86	45.10
2.381	11.85	45.10
2.382	11.85	45.10
2.384	11.84	45.10
2.386	11.83	45.10
2.388	11.82	45.10
2.389	11.81	45.10
2.392	11.80	45.10
2.394	11.78	45.10
2.395	11.78	45.10
2.396	11.77	45.10
2.397	11.77	45.10
2.399	11.76	45.10
2.400	11.76	45.10
2.403	11.75	45.10
2.406	11.73	45.10
2.409	11.72	45.10
2.411	11.71	45.10
2.412	11.70	45.10
2.414	11.69	45.10
2.416	11.67	45.10
2.417	11.67	45.10
2.418	11.66	45.10
2.419	11.65	45.10
2.420	11.65	45.10
2.421	11.64	45.10
2.422	11.63	45.10
2.424	11.62	45.10
2.426	11.61	45.10
2.429	11.60	45.10
2.431	11.58	45.10
2.433	11.57	45.10
2.436	11.56	45.10
2.438	11.56	45.10
2.440	11.55	45.10
2.440	11.54	45.09
2.442	11.53	45.09
2.443	11.53	45.09
2.446	11.52	45.09
2.448	11.51	45.09
2.451	11.50	45.09
2.454	11.49	45.09
2.456	11.48	45.09
2.458	11.47	45.09
2.460	11.46	45.09
2.461	11.45	45.09
2.462	11.44	45.09
2.463	11.43	45.09
2.464	11.42	45.09
2.466	11.41	45.09
2.467	11.41	45.09
2.468	11.40	45.09
2.470	11.39	45.09
2.471	11.39	45.09
2.473	11.38	45.09
2.474	11.38	45.09
2.476	11.38	45.09
2.477	11.37	45.09
2.479	11.37	45.09
2.480	11.36	45.09
2.481	11.35	45.09
2.483	11.35	45.09
2.484	11.32	45.09
2.486	11.31	45.09
2.487	11.31	45.09
2.488	11.31	45.09
2.489	11.29	45.09
2.490	11.29	45.09
2.491	11.29	45.09
2.492	11.28	45.09
2.493	11.28	45.09
2.494	11.27	45.09
2.496	11.27	45.09
2.498	11.25	45.09
2.501	11.24	45.09
2.504	11.23	45.09
2.507	11.22	45.09
2.509	11.20	45.09
2.512	11.18	45.09
2.516	11.17	45.09
2.520	11.15	45.09
2.524	11.14	45.09
2.529	11.12	45.09
2.533	11.10	45.09
2.538	11.08	45.09
2.540	11.07	45.09
2.540	11.06	45.09
2.542	11.05	45.09
2.545	11.03	45.09
2.547	11.02	45.09
2.548	11.02	45.09
2.550	11.01	45.09
2.551	11.00	45.09
2.553	10.99	45.09
2.555	10.98	45.09
2.556	10.97	45.09
2.558	10.96	45.09
2.559	10.95	45.09
2.560	10.95	45.09
2.561	10.93	45.09
2.562	10.93	45.09
2.563	10.92	45.09
2.565	10.91	45.09
2.567	10.90	45.08
2.570	10.89	45.08
2.572	10.86	45.08
2.574	10.85	45.08
2.576	10.82	45.08
2.578	10.80	45.08
2.579	10.79	45.08
2.581	10.79	45.08
2.582	10.79	45.08
2.584	10.79	45.08
2.585	10.78	45.08
2.587	10.76	45.08
2.588	10.73	45.08
2.589	10.73	45.08
2.590	10.73	45.08
2.592	10.73	45.08
2.593	10.72	45.08
2.595	10.72	45.08
2.596	10.71	45.08
2.597	10.70	45.08
2.599	10.70	45.08
2.601	10.70	45.08
2.602	10.70	45.08
2.604	10.70	45.08
2.606	10.70	45.08
2.607	10.70	45.08
2.609	10.69	45.08
2.611	10.69	45.08
2.612	10.68	45.08
2.614	10.68	45.08
2.615	10.68	45.08
2.617	10.68	45.08
2.618	10.68	45.08
2.619	10.68	45.08
2.620	10.68	45.08
2.621	10.68	45.08
2.622	10.68	45.08
2.623	10.67	45.08
2.623	10.67	45.08
2.624	10.67	45.08
2.626	10.67	45.08
2.628	10.66	45.08
2.631	10.65	45.08
2.636	10.60	45.08
2.639	10.56	45.08
2.642	10.55	45.07
2.644	10.53	45.07
2.645	10.52	45.07
2.646	10.50	45.07
2.648	10.49	45.07
2.650	10.49	45.07
2.653	10.48	45.07
2.655	10.48	45.07
2.657	10.48	45.07
2.658	10.48	45.07
2.659	10.47	45.07
2.661	10.47	45.07
2.664	10.46	45.07
2.665	10.46	45.07
2.667	10.46	45.07
2.669	10.45	45.07
2.669	10.43	45.07
2.670	10.43	45.07
2.671	10.43	45.07
2.671	10.43	45.07
2.672	10.42	45.07
2.674	10.42	45.07
2.675	10.40	45.07
2.677	10.39	45.07
2.679	10.39	45.07
2.680	10.38	45.07
2.681	10.37	45.07
2.683	10.37	45.07
2.685	10.37	45.07
2.686	10.37	45.07
2.686	10.37	45.07
2.688	10.37	45.07
2.690	10.37	45.07
2.692	10.37	45.07
2.695	10.35	45.07
2.697	10.34	45.07
2.699	10.32	45.07
2.700	10.31	45.07
2.701	10.30	45.07
2.701	10.30	45.07
2.701	10.30	45.07
2.702	10.29	45.07
2.704	10.29	45.07
2.705	10.29	45.07
2.707	10.29	45.07
2.709	10.28	45.07
2.712	10.28	45.07
2.713	10.28	45.07
2.714	10.27	45.07
2.715	10.27	45.07
2.716	10.26	45.07
2.718	10.25	45.07
2.720	10.25	45.07
2.721	10.24	45.07
2.723	10.25	45.07
2.726	10.24	45.07
2.728	10.24	45.07
2.730	10.23	45.07
2.731	10.23	45.07
2.733	10.23	45.07
2.733	10.23	45.07
2.733	10.22	45.07
2.733	10.23	45.07
2.734	10.23	45.07
2.736	10.23	45.07
2.737	10.23	45.07
2.739	10.22	45.07
2.740	10.22	45.07
2.741	10.21	45.07
2.742	10.21	45.07
2.742	10.21	45.07
2.742	10.21	45.07
2.743	10.21	45.07
2.747	10.20	45.07
2.752	10.19	45.07
2.755	10.16	45.07
2.756	10.14	45.07
2.758	10.12	45.07
2.761	10.12	45.07
2.764	10.12	45.07
2.767	10.12	45.07
2.771	10.10	45.06
2.773	10.08	45.06
2.777	10.05	45.06
2.780	10.03	45.06
2.781	10.04	45.06
2.782	10.04	45.06
2.784	10.03	45.06
2.786	10.02	45.06
2.787	10.02	45.06
2.789	10.01	45.06
2.791	10.00	45.06
2.793	10.00	45.06
2.794	10.00	45.06
2.794	10.00	45.06
2.795	10.00	45.06
2.796	9.99	45.06
2.798	9.97	45.06
2.800	9.97	45.06
2.802	9.96	45.06
2.804	9.95	45.06
2.805	9.96	45.06
2.807	9.95	45.06
2.809	9.95	45.06
2.811	9.93	45.06
2.812	9.92	45.06
2.812	9.92	45.06
2.813	9.93	45.06
2.815	9.92	45.06
2.816	9.91	45.06
2.817	9.91	45.06
2.818	9.92	45.06
2.820	9.92	45.06
2.822	9.90	45.06
2.824	9.89	45.06
2.825	9.89	45.06
2.828	9.87	45.06
2.830	9.86	45.06
2.831	9.86	45.06
2.833	9.85	45.06
2.835	9.85	45.06
2.838	9.83	45.06
2.841	9.81	45.06
2.844	9.81	45.06
2.844	9.81	45.06
2.844	9.80	45.06
2.844	9.80	45.06
2.846	9.80	45.06
2.846	9.79	45.06
2.846	9.79	45.06
2.846	9.79	45.06
2.846	9.79	45.06
2.846	9.79	45.06
2.846	9.79	45.06
2.848	9.81	45.06
2.850	9.81	45.06
2.851	9.81	45.06
2.852	9.81	45.06
2.852	9.81	45.06
2.854	9.80	45.06
2.855	9.80	45.06
2.855	9.78	45.06
2.855	9.78	45.06
2.855	9.78	45.06
2.855	9.78	45.06
2.855	9.78	45.06
2.855	9.77	45.06
2.855	9.77	45.06
2.854	9.77	45.06
2.854	9.77	45.06
2.854	9.76	45.06
2.854	9.77	45.06
2.854	9.77	45.06
2.854	9.76	45.06
2.854	9.77	45.06
2.854	9.77	45.05
2.854	9.76	45.06
2.854	9.76	45.05
2.854	9.78	45.05
2.858	9.79	45.05
2.866	9.76	45.05
2.871	9.71	45.05
2.874	9.70	45.05
2.878	9.69	45.05
2.882	9.69	45.05
2.885	9.68	45.05
2.888	9.65	45.05
2.890	9.64	45.05
2.893	9.63	45.05
2.896	9.62	45.05
2.898	9.62	45.05
2.899	9.62	45.05
2.900	9.62	45.05
2.901	9.62	45.05
2.903	9.61	45.05
2.904	9.60	45.05
2.906	9.59	45.05
2.907	9.61	45.05
2.908	9.61	45.05
2.910	9.60	45.05
2.911	9.58	45.05
2.913	9.57	45.05
2.914	9.57	45.05
2.917	9.58	45.05
2.921	9.58	45.05
2.923	9.56	45.05
2.926	9.57	45.05
2.928	9.56	45.05
2.930	9.54	45.05
2.932	9.53	45.05
2.934	9.53	45.05
2.936	9.51	45.05
2.938	9.50	45.05
2.939	9.49	45.05
2.942	9.49	45.05
2.944	9.49	45.05
2.946	9.49	45.05
2.948	9.48	45.05
2.950	9.46	45.05
2.952	9.47	45.05
2.954	9.44	45.05
2.958	9.44	45.05
2.961	9.42	45.05
2.964	9.41	45.05
2.965	9.41	45.05
2.967	9.42	45.05
2.968	9.40	45.05
2.970	9.40	45.05
2.971	9.40	45.05
2.975	9.39	45.05
2.979	9.38	45.05
2.982	9.38	45.05
2.985	9.37	45.05
2.988	9.35	45.05
2.991	9.33	45.05
2.994	9.31	45.05
2.997	9.30	45.05
2.998	9.31	45.05
3.000	9.30	45.05
3.002	9.30	45.05
3.004	9.29	45.05
3.005	9.28	45.05
3.005	9.27	45.05
3.006	9.26	45.05
3.007	9.27	45.05
3.008	9.27	45.05
3.012	9.26	45.05
3.014	9.25	45.05
3.016	9.24	45.05
3.016	9.24	45.05
3.017	9.22	45.04
3.019	9.22	45.04
3.020	9.21	45.04
3.022	9.21	45.04
3.024	9.20	45.04
3.026	9.20	45.04
3.028	9.20	45.04
3.030	9.20	45.04
3.032	9.19	45.04
3.033	9.18	45.04
3.034	9.19	45.04
3.037	9.18	45.04
3.040	9.19	45.04
3.042	9.17	45.04
3.043	9.15	45.04
3.044	9.15	45.04
3.046	9.15	45.04
3.048	9.15	45.04
3.051	9.16	45.04
3.053	9.16	45.04
3.056	9.17	45.04
3.058	9.14	45.04
3.061	9.13	45.04
3.062	9.10	45.04
3.065	9.08	45.04
3.066	9.07	45.04
3.068	9.06	45.04
3.070	9.06	45.04
3.073	9.06	45.04
3.075	9.07	45.04
3.078	9.06	45.04
3.080	9.04	45.04
3.082	9.02	45.04
3.084	9.01	45.04
3.086	9.01	45.04
3.088	9.00	45.03
3.090	8.98	45.03
3.091	8.98	45.03
3.093	8.98	45.03
3.095	8.97	45.03
3.097	8.98	45.03
3.099	8.98	45.03
3.101	8.97	45.03
3.103	8.96	45.03
3.105	8.95	45.03
3.106	8.95	45.03
3.108	8.94	45.03
3.110	8.93	45.03
3.110	8.93	45.03
3.111	8.92	45.03
3.113	8.91	45.03
3.116	8.92	45.03
3.119	8.90	45.03
3.121	8.89	45.03
3.123	8.89	45.03
3.126	8.89	45.03
3.129	8.86	45.03
3.132	8.85	45.03
3.133	8.85	45.03
3.137	8.84	45.03
3.140	8.83	45.03
3.144	8.82	45.03
3.146	8.82	45.03
3.147	8.81	45.03
3.148	8.81	45.03
3.151	8.81	45.03
3.153	8.81	45.03
3.154	8.82	45.03
3.157	8.81	45.03
3.157	8.80	45.03
3.158	8.79	45.03
3.160	8.77	45.03
3.163	8.76	45.03
3.167	8.76	45.03
3.172	8.76	45.03
3.176	8.73	45.03
3.180	8.71	45.03
3.185	8.69	45.03
3.187	8.68	45.03
3.191	8.67	45.03
3.196	8.66	45.03
3.201	8.66	45.03
3.204	8.67	45.03
3.206	8.66	45.03
3.207	8.66	45.03
3.208	8.65	45.03
3.210	8.64	45.03
3.213	8.63	45.03
3.214	8.62	45.03
3.215	8.62	45.03
3.217	8.61	45.03
3.219	8.61	45.03
3.222	8.62	45.03
3.223	8.62	45.03
3.225	8.61	45.03
3.227	8.60	45.03
3.229	8.60	45.03
3.231	8.61	45.03
3.233	8.60	45.03
3.237	8.62	45.03
3.240	8.61	45.03
3.243	8.60	45.03
3.247	8.61	45.03
3.250	8.60	45.03
3.251	8.60	45.03
3.253	8.61	45.03
3.255	8.59	45.03
3.257	8.56	45.03
3.260	8.54	45.03
3.262	8.52	45.03
3.264	8.51	45.03
3.266	8.48	45.03
3.268	8.47	45.03
3.270	8.47	45.03
3.271	8.47	45.02
3.274	8.47	45.02
3.277	8.47	45.02
3.279	8.45	45.02
3.280	8.43	45.02
3.281	8.43	45.02
3.282	8.43	45.02
3.284	8.45	45.02
3.287	8.43	45.02
3.289	8.43	45.02
3.291	8.42	45.02
3.292	8.40	45.02
3.294	8.42	45.02
3.298	8.40	45.02
3.300	8.40	45.02
3.303	8.41	45.02
3.305	8.39	45.02
3.308	8.38	45.02
3.309	8.38	45.02
3.311	8.38	45.02
3.314	8.37	45.02
3.316	8.35	45.02
3.318	8.35	45.02
3.319	8.34	45.02
3.321	8.34	45.02
3.325	8.35	45.02
3.329	8.32	45.02
3.333	8.30	45.02
3.336	8.28	45.02
3.340	8.27	45.02
3.344	8.27	45.02
3.349	8.27	45.02
3.353	8.26	45.02
3.356	8.25	45.02
3.358	8.26	45.02
3.360	8.23	45.02
3.362	8.22	45.02
3.365	8.22	45.02
3.369	8.22	45.02
3.373	8.21	45.02
3.376	8.19	45.02
3.380	8.18	45.02
3.382	8.17	45.02
3.384	8.15	45.02
3.385	8.14	45.02
3.387	8.14	45.02
3.388	8.13	45.02
3.390	8.12	45.02
3.392	8.13	45.02
3.394	8.12	45.02
3.395	8.12	45.02
3.397	8.13	45.02
3.399	8.14	45.02
3.400	8.13	45.02
3.401	8.13	45.02
3.404	8.12	45.02
3.406	8.12	45.02
3.410	8.12	45.02
3.412	8.11	45.02
3.414	8.10	45.02
3.416	8.08	45.02
3.418	8.06	45.02
3.420	8.05	45.02
3.423	8.04	45.02
3.427	8.02	45.02
3.430	8.03	45.02
3.432	8.02	45.02
3.435	8.02	45.02
3.437	8.00	45.02
3.441	8.00	45.02
3.444	7.99	45.02
3.447	7.99	45.02
3.450	7.98	45.02
3.453	7.98	45.02
3.455	7.98	45.02
3.458	7.98	45.02
3.462	7.95	45.02
3.464	7.94	45.01
3.466	7.94	45.01
3.467	7.94	45.01
3.468	7.94	45.01
3.470	7.94	45.01
3.476	7.94	45.01
3.482	7.91	45.01
3.486	7.91	45.01
3.490	7.90	45.01
3.495	7.89	45.01
3.499	7.88	45.01
3.502	7.86	45.01
3.505	7.86	45.01
3.507	7.86	45.01
3.512	7.83	45.01
3.516	7.82	45.01
3.518	7.82	45.01
3.522	7.82	45.01
3.527	7.81	45.01
3.530	7.79	45.01
3.533	7.79	45.01
3.534	7.78	45.01
3.535	7.78	45.01
3.539	7.77	45.01
3.545	7.74	45.01
3.549	7.72	45.01
3.551	7.73	45.01
3.554	7.71	45.01
3.556	7.71	45.01
3.559	7.72	45.01
3.562	7.71	45.01
3.564	7.71	45.01
3.566	7.71	45.01
3.567	7.71	45.01
3.569	7.70	45.01
3.571	7.68	45.01
3.572	7.67	45.01
3.575	7.67	45.01
3.577	7.67	45.01
3.579	7.68	45.01
3.581	7.68	45.00
3.582	7.67	45.00
3.584	7.66	45.00
3.585	7.65	45.00
3.586	7.65	45.00
3.589	7.64	45.00
3.592	7.63	45.00
3.594	7.63	45.00
3.597	7.63	45.00
3.600	7.61	45.00
3.603	7.60	45.00
3.607	7.60	45.00
3.611	7.59	45.00
3.614	7.57	45.00
3.616	7.57	45.00
3.621	7.57	45.00
3.625	7.56	45.00
3.628	7.56	45.00
3.632	7.55	45.00
3.635	7.55	45.00
3.639	7.55	45.00
3.642	7.52	45.00
3.645	7.55	45.00
3.648	7.55	45.00
3.652	7.50	45.00
3.656	7.47	45.00
3.660	7.48	45.00
3.665	7.47	45.00
3.672	7.48	45.00
3.678	7.47	45.00
3.683	7.46	45.00
3.687	7.44	45.00
3.689	7.43	45.00
3.692	7.40	45.00
3.694	7.39	45.00
3.696	7.40	45.00
3.700	7.42	45.00
3.706	7.41	45.00
3.709	7.41	45.00
3.712	7.37	45.00
3.713	7.37	45.00
3.713	7.36	45.00
3.714	7.36	45.00
3.718	7.37	45.00
3.721	7.36	45.00
3.723	7.35	45.00
3.727	7.35	45.00
3.731	7.35	45.00
3.736	7.34	45.00
3.741	7.32	45.00
3.746	7.32	45.00
3.749	7.28	45.00
3.752	7.27	45.00
3.754	7.25	45.00
3.757	7.24	45.00
3.760	7.25	45.00
3.765	7.25	45.00
3.770	7.25	45.00
3.775	7.22	45.00
3.781	7.20	45.00
3.784	7.19	45.00
3.786	7.18	45.00
3.788	7.18	45.00
3.790	7.18	45.00
3.791	7.20	45.00
3.793	7.19	45.00
3.795	7.18	45.00
3.798	7.16	45.00
3.801	7.16	45.00
3.803	7.15	45.00
3.804	7.15	45.00
3.805	7.14	45.00
3.806	7.14	45.00
3.809	7.13	44.99
3.811	7.13	44.99
3.813	7.13	44.99
3.815	7.13	44.99
3.817	7.11	44.99
3.820	7.13	44.99
3.823	7.13	44.99
3.826	7.13	44.99
3.830	7.12	44.99
3.833	7.13	44.99
3.836	7.13	44.99
3.839	7.11	44.99
3.843	7.11	44.99
3.847	7.10	44.99
3.852	7.08	44.99
3.858	7.06	44.99
3.862	7.03	44.99
3.866	7.03	44.99
3.870	7.02	44.99
3.872	7.00	44.99
3.873	7.00	44.99
3.873	7.00	44.99
3.875	7.03	44.99
3.879	7.02	44.99
3.883	7.02	44.99
3.886	7.02	44.99
3.889	6.99	44.99
3.892	6.99	44.99
3.895	6.96	44.99
3.898	6.96	44.99
3.902	6.96	44.99
3.905	6.95	44.99
3.910	6.93	44.99
3.917	6.93	44.99
3.925	6.94	44.99
3.930	6.92	44.99
3.935	6.91	44.99
3.939	6.93	44.99
3.942	6.95	44.99
3.947	6.92	44.99
3.952	6.90	44.99
3.954	6.86	44.99
3.956	6.85	44.99
3.959	6.85	44.99
3.963	6.84	44.99
3.967	6.83	44.99
3.972	6.82	44.99
3.975	6.82	44.99
3.980	6.81	44.99
3.984	6.79	44.99
3.987	6.78	44.99
3.988	6.78	44.99
3.991	6.77	44.99
3.995	6.78	44.99
3.998	6.77	44.99
4.002	6.79	44.99
4.005	6.79	44.99
4.008	6.78	44.99
4.012	6.78	44.99
4.017	6.75	44.99
4.022	6.75	44.99
4.024	6.73	44.99
4.026	6.72	44.99
4.029	6.74	44.99
4.032	6.73	44.99
4.035	6.73	44.99
4.038	6.72	44.99
4.040	6.71	44.98
4.043	6.70	44.98
4.043	6.68	44.98
4.043	6.68	44.98
4.043	6.67	44.98
4.043	6.66	44.98
4.043	6.65	44.98
4.043	6.64	44.98
4.043	6.63	44.98
4.043	6.62	44.98
4.043	6.61	44.98
4.043	6.61	44.98
4.043	6.60	44.98
4.043	6.59	44.98
4.043	6.59	44.98
4.043	6.58	44.98
4.043	6.59	44.98
4.043	6.58	44.98
4.043	6.57	44.98
4.043	6.57	44.98
4.043	6.57	44.98
4.043	6.58	44.98
4.043	6.57	44.98
4.043	6.57	44.98
4.043	6.56	44.98
4.043	6.55	44.98
4.043	6.55	44.98
4.043	6.55	44.98
4.043	6.55	44.98
4.043	6.54	44.98
4.043	6.54	44.98
4.043	6.55	44.98
4.043	6.55	44.98
4.043	6.54	44.98
4.043	6.52	44.98
4.043	6.52	44.98
4.043	6.52	44.98
4.043	6.52	44.97
4.043	6.51	44.97
4.043	6.50	44.97
4.043	6.49	44.97
4.043	6.50	44.97
4.043	6.48	44.97
4.043	6.47	44.97
4.043	6.46	44.97
4.043	6.46	44.97
4.043	6.46	44.97
4.043	6.45	44.97
4.043	6.44	44.97
4.043	6.42	44.97
4.043	6.42	44.97
4.043	6.41	44.97
4.043	6.38	44.97
4.043	6.38	44.97
4.043	6.38	44.97
4.043	6.37	44.97
4.043	6.36	44.97
4.043	6.36	44.97
4.043	6.35	44.97
4.043	6.36	44.97
4.043	6.36	44.97
4.043	6.36	44.97
4.043	6.36	44.97
4.043	6.35	44.97
4.043	6.35	44.97
4.043	6.35	44.97
4.043	6.35	44.97
4.043	6.37	44.97
4.043	6.36	44.97
4.043	6.37	44.97
4.043	6.33	44.97
4.043	6.27	44.97
4.043	6.28	44.97
4.043	6.28	44.97
4.043	6.28	44.97
4.043	6.28	44.97
4.043	6.27	44.97
4.043	6.27	44.97
4.043	6.28	44.97
4.043	6.27	44.97
4.043	6.27	44.97
4.043	6.27	44.97
4.043	6.28	44.97
4.043	6.28	44.97
4.043	6.28	44.97
4.043	6.28	44.97
4.043	6.28	44.97
4.043	6.28	44.97
4.043	6.28	44.97
4.043	6.28	44.97
4.043	6.28	44.97
4.043	6.28	44.97
4.043	6.28	44.97
4.043	6.27	44.97
4.043	6.28	44.97
4.043	6.28	44.97
4.043	6.28	44.97
4.043	6.28	44.97
4.043	6.28	44.97
4.043	6.28	44.97
4.043	6.28	44.97
4.043	6.28	44.97
4.043	6.28	44.97
4.043	6.28	44.97
4.043	6.28	44.97
4.043	6.28	44.97
4.043	6.28	44.97
4.043	6.28	44.97
4.043	6.28	44.96
4.043	6.27	44.96
4.043	6.28	44.96
4.043	6.28	44.96
4.043	6.28	44.96
4.043	6.28	44.96
4.043	6.28	44.96
4.043	6.28	44.96
4.043	6.28	44.96
4.043	6.28	44.96
4.043	6.28	44.96
4.043	6.28	44.96
4.043	6.28	44.96
4.043	6.28	44.96
4.043	6.28	44.96
4.043	6.28	44.96
4.043	6.28	44.96
4.043	6.27	44.96
4.043	6.28	44.96
4.043	6.27	44.96
4.043	6.28	44.96
4.043	6.28	44.96
4.043	6.28	44.96
4.043	6.28	44.96
4.043	6.28	44.96
4.043	6.28	44.96
4.043	6.28	44.96
4.043	6.28	44.96
4.043	6.28	44.96
4.043	6.28	44.96
4.043	6.28	44.96
4.043	6.28	44.96
4.043	6.28	44.96
4.043	6.28	44.96
4.043	6.28	44.96
4.043	6.28	44.96
4.043	6.28	44.96
4.043	6.28	44.96
4.043	6.28	44.96
4.043	6.28	44.96
4.043	6.28	44.96
4.043	6.27	44.96
4.043	6.28	44.96
4.043	6.28	44.96
4.043	6.29	44.96
4.043	6.28	44.96
4.043	6.28	44.96
4.043	6.28	44.96
4.043	6.28	44.96
4.043	6.29	44.96
4.043	6.31	44.96
4.043	6.30	44.96
4.043	6.30	44.96
4.043	6.31	44.96
4.043	6.30	44.96
4.043	6.29	44.96
4.043	6.29	44.96
4.043	6.29	44.96
4.043	6.29	44.96
4.043	6.28	44.96
4.043	6.29	44.96
4.043	6.28	44.96
4.043	6.28	44.96
4.043	6.28	44.96
4.043	6.28	44.96
4.043	6.28	44.96
4.043	6.29	44.96
4.043	6.28	44.96
4.043	6.28	44.96
4.043	6.29	44.96
4.043	6.28	44.96
4.043	6.29	44.96
4.043	6.29	44.96
4.043	6.29	44.96
4.043	6.29	44.96
4.043	6.28	44.96
4.043	6.28	44.96
4.043	6.29	44.96
4.043	6.28	44.96
4.043	6.28	44.96
4.043	6.28	44.96
4.043	6.28	44.95
4.043	6.28	44.95
4.043	6.28	44.95
4.043	6.28	44.95
4.043	6.28	44.95
4.043	6.28	44.95
4.043	6.28	44.95
4.043	6.28	44.95
4.043	6.28	44.95
4.043	6.28	44.95
4.043	6.29	44.95
4.043	6.28	44.95
4.043	6.28	44.95
4.043	6.29	44.95
4.043	6.29	44.95
4.043	6.29	44.95
4.043	6.28	44.95
4.043	6.28	44.95
4.043	6.28	44.95
4.043	6.28	44.95
4.043	6.29	44.95
4.043	6.29	44.95
4.043	6.29	44.95
4.043	6.29	44.95
4.043	6.28	44.95
4.043	6.28	44.95
4.043	6.28	44.95
4.043	6.28	44.95
4.043	6.29	44.95
4.043	6.29	44.95
4.043	6.29	44.95
4.043	6.29	44.95
4.043	6.29	44.95
4.043	6.29	44.95
4.043	6.30	44.95
4.043	6.30	44.95
4.043	6.29	44.95
4.043	6.30	44.95
4.043	6.32	44.95
4.043	6.45	44.95
4.043	6.35	44.95
4.043	6.30	44.95
4.043	6.29	44.95
4.043	6.28	44.95
4.043	6.28	44.95
4.043	6.28	44.95
4.043	6.28	44.95
4.043	6.28	44.95
4.043	6.28	44.95
4.043	6.28	44.95
4.043	6.29	44.95
4.043	6.28	44.95
4.043	6.28	44.95
4.043	6.28	44.95
4.043	6.28	44.95
4.043	6.28	44.95
4.043	6.28	44.95
4.043	6.28	44.95
4.043	6.28	44.95
4.043	6.28	44.95
4.043	6.28	44.95
4.043	6.29	44.95
4.043	6.28	44.95
4.043	6.28	44.95
4.043	6.28	44.95
4.043	6.28	44.95
4.043	6.28	44.95
4.043	6.28	44.95
4.043	6.29	44.95
4.043	6.28	44.94
4.043	6.28	44.94
4.043	6.28	44.94
4.043	6.27	44.94
4.043	6.28	44.94
4.043	6.28	44.94
4.043	6.28	44.94
4.043	6.28	44.94
4.043	6.28	44.94
4.043	6.31	44.94
4.043	6.30	44.94
4.043	6.30	44.94
4.043	6.29	44.94
4.043	6.29	44.94
4.043	6.28	44.94
4.043	6.28	44.94
4.043	6.28	44.94
4.043	6.28	44.94
4.043	6.28	44.94
4.043	6.28	44.94
4.043	6.28	44.94
4.043	6.28	44.94
4.043	6.28	44.94
4.043	6.28	44.94
4.043	6.28	44.94
4.043	6.28	44.94
4.043	6.28	44.94
4.043	6.28	44.94
4.043	6.28	44.94
4.043	6.28	44.94
4.043	6.28	44.94
4.043	6.29	44.94
4.043	6.28	44.94
4.043	6.28	44.94
4.043	6.28	44.94
4.043	6.28	44.94
4.043	6.28	44.94
4.043	6.28	44.94
4.043	6.28	44.94
4.043	6.28	44.94
4.043	6.28	44.94
4.043	6.28	44.94
4.043	6.28	44.93
4.043	6.28	44.93
4.043	6.28	44.93
4.043	6.28	44.93
4.043	6.28	44.93
4.043	6.28	44.93
4.043	6.28	44.93
4.043	6.28	44.93
4.043	6.28	44.93
4.043	6.28	44.93
4.043	6.28	44.93
4.043	6.27	44.93
4.043	6.27	44.93
4.043	6.28	44.93
4.043	6.28	44.93
4.043	6.28	44.93
4.043	6.28	44.93
4.043	6.28	44.93
4.043	6.28	44.93
4.043	6.27	44.93
4.043	6.27	44.93
4.043	6.28	44.93
4.043	6.28	44.93
4.043	6.28	44.93
4.043	6.27	44.93
4.043	6.27	44.93
4.043	6.28	44.93
4.043	6.27	44.93
4.043	6.27	44.93
4.043	6.27	44.93
4.043	6.27	44.93
4.043	6.27	44.93
4.043	6.27	44.93
4.043	6.28	44.93
4.043	6.27	44.93
4.043	6.28	44.93
4.043	6.28	44.93
4.043	6.28	44.93
4.043	6.28	44.93
4.043	6.28	44.93
4.043	6.28	44.93
4.043	6.28	44.93
4.043	6.28	44.93
4.043	6.30	44.93
4.043	6.37	44.93
4.043	6.37	44.93
4.043	6.37	44.93
4.043	6.36	44.93
4.043	6.35	44.93
4.043	6.35	44.93
4.043	6.35	44.93
4.043	6.34	44.93
4.043	6.35	44.93
4.043	6.35	44.93
4.043	6.35	44.93
4.043	6.36	44.93
4.043	6.35	44.93
4.043	6.37	44.93
4.043	6.38	44.93
4.043	6.37	44.93
4.043	6.36	44.93
4.043	6.35	44.93
4.043	6.35	44.93
4.043	6.35	44.93
4.043	6.36	44.93
4.043	6.39	44.93
4.043	6.39	44.93
4.043	6.41	44.93
4.043	6.42	44.93
4.043	6.41	44.93
4.043	6.41	44.93
4.043	6.41	44.93
4.043	6.44	44.93
4.043	6.46	44.93
4.043	6.46	44.93
4.043	6.46	44.93
4.043	6.49	44.93
4.043	6.49	44.92
4.043	6.49	44.92
4.043	6.50	44.92
4.043	6.50	44.92
4.043	6.51	44.92
4.043	6.52	44.92
4.043	6.53	44.92
4.043	6.54	44.92
4.043	6.53	44.92
4.043	6.54	44.92
4.043	6.54	44.92
4.043	6.55	44.92
4.043	6.55	44.92
4.043	6.56	44.92
4.043	6.57	44.92
4.043	6.58	44.92
4.043	6.58	44.92
4.043	6.57	44.92
4.043	6.59	44.92
4.043	6.60	44.92
4.043	6.61	44.92
4.043	6.62	44.92
4.043	6.63	44.92
4.042	6.63	44.92
4.039	6.64	44.92
4.033	6.66	44.92
4.025	6.71	44.92
4.017	6.74	44.92
4.009	6.75	44.92
4.001	6.76	44.92
3.997	6.75	44.92
3.993	6.75	44.92
3.986	6.76	44.92
3.980	6.78	44.92
3.975	6.78	44.92
3.971	6.78	44.92
3.968	6.80	44.92
3.965	6.86	44.92
3.963	6.88	44.92
3.961	6.84	44.92
3.955	6.84	44.92
3.951	6.85	44.92
3.950	6.85	44.92
3.947	6.85	44.92
3.942	6.88	44.92
3.938	6.88	44.92
3.934	6.90	44.92
3.930	6.88	44.92
3.925	6.90	44.92
3.919	6.96	44.92
3.913	6.96	44.92
3.908	6.96	44.92
3.903	6.93	44.92
3.898	6.91	44.92
3.893	6.93	44.92
3.889	6.92	44.92
3.885	6.92	44.92
3.881	6.92	44.92
3.877	6.94	44.92
3.872	6.95	44.92
3.866	6.95	44.92
3.861	6.97	44.92
3.858	6.99	44.92
3.855	7.01	44.92
3.852	7.01	44.92
3.849	7.01	44.92
3.846	7.02	44.92
3.843	7.02	44.92
3.841	7.02	44.92
3.837	7.02	44.92
3.832	7.02	44.92
3.827	7.03	44.92
3.824	7.04	44.92
3.822	7.08	44.92
3.819	7.10	44.92
3.816	7.11	44.92
3.814	7.12	44.92
3.811	7.12	44.92
3.806	7.12	44.92
3.801	7.13	44.92
3.797	7.11	44.91
3.793	7.12	44.92
3.787	7.13	44.91
3.783	7.14	44.91
3.778	7.14	44.91
3.774	7.14	44.91
3.770	7.19	44.91
3.765	7.21	44.91
3.761	7.21	44.91
3.756	7.22	44.91
3.751	7.23	44.91
3.745	7.26	44.91
3.741	7.27	44.91
3.740	7.26	44.91
3.738	7.26	44.91
3.734	7.27	44.91
3.729	7.30	44.91
3.727	7.28	44.91
3.726	7.29	44.91
3.721	7.29	44.91
3.718	7.29	44.91
3.716	7.30	44.91
3.712	7.33	44.91
3.706	7.35	44.91
3.700	7.37	44.91
3.694	7.38	44.91
3.688	7.39	44.91
3.680	7.39	44.91
3.675	7.40	44.91
3.672	7.41	44.91
3.668	7.41	44.91
3.665	7.40	44.91
3.661	7.41	44.91
3.658	7.43	44.91
3.655	7.43	44.91
3.652	7.44	44.91
3.649	7.45	44.91
3.645	7.46	44.91
3.641	7.46	44.91
3.640	7.45	44.91
3.639	7.47	44.90
3.635	7.48	44.91
3.629	7.49	44.91
3.623	7.52	44.90
3.620	7.55	44.90
3.616	7.55	44.90
3.610	7.55	44.90
3.603	7.55	44.90
3.598	7.54	44.90
3.593	7.55	44.90
3.589	7.56	44.90
3.586	7.57	44.90
3.584	7.59	44.90
3.582	7.59	44.90
3.580	7.61	44.90
3.578	7.62	44.90
3.575	7.62	44.90
3.570	7.63	44.90
3.566	7.63	44.90
3.561	7.64	44.90
3.558	7.66	44.90
3.556	7.67	44.90
3.553	7.66	44.90
3.550	7.70	44.90
3.547	7.68	44.90
3.543	7.74	44.90
3.537	7.75	44.90
3.534	7.79	44.90
3.532	7.77	44.90
3.530	7.76	44.90
3.527	7.77	44.90
3.523	7.76	44.90
3.518	7.77	44.90
3.513	7.78	44.90
3.511	7.78	44.90
3.508	7.79	44.90
3.502	7.82	44.90
3.495	7.87	44.90
3.491	7.85	44.90
3.489	7.84	44.90
3.487	7.83	44.90
3.485	7.82	44.90
3.483	7.84	44.90
3.480	7.86	44.90
3.478	7.85	44.90
3.475	7.86	44.90
3.470	7.86	44.90
3.464	7.89	44.90
3.457	7.91	44.90
3.452	7.91	44.90
3.447	7.94	44.90
3.443	7.95	44.90
3.438	7.96	44.90
3.435	7.95	44.90
3.432	7.97	44.90
3.428	7.98	44.90
3.425	7.98	44.90
3.418	7.98	44.90
3.412	7.98	44.90
3.412	7.98	44.90
3.412	7.98	44.90
3.413	7.98	44.90
3.414	7.98	44.90
3.413	7.99	44.90
3.412	7.98	44.90
3.411	7.98	44.90
3.410	7.99	44.90
3.409	7.99	44.90
3.409	7.99	44.90
3.408	8.00	44.90
3.404	8.02	44.90
3.396	8.05	44.90
3.390	8.08	44.90
3.386	8.11	44.90
3.382	8.10	44.90
3.382	8.08	44.90
3.381	8.11	44.90
3.375	8.16	44.90
3.369	8.15	44.90
3.367	8.14	44.90
3.366	8.15	44.90
3.366	8.14	44.90
3.365	8.14	44.90
3.363	8.15	44.90
3.360	8.15	44.90
3.356	8.18	44.90
3.352	8.19	44.89
3.348	8.19	44.89
3.344	8.21	44.89
3.338	8.22	44.89
3.333	8.23	44.89
3.329	8.26	44.89
3.324	8.27	44.89
3.318	8.28	44.89
3.316	8.27	44.89
3.312	8.29	44.89
3.307	8.29	44.89
3.302	8.32	44.89
3.299	8.34	44.89
3.297	8.35	44.89
3.294	8.35	44.89
3.293	8.34	44.89
3.293	8.34	44.89
3.291	8.35	44.89
3.288	8.37	44.89
3.283	8.38	44.89
3.281	8.38	44.89
3.281	8.38	44.89
3.280	8.38	44.89
3.278	8.40	44.89
3.275	8.39	44.89
3.272	8.38	44.89
3.269	8.41	44.89
3.268	8.42	44.89
3.266	8.42	44.89
3.263	8.42	44.89
3.262	8.42	44.89
3.262	8.43	44.89
3.259	8.44	44.89
3.256	8.44	44.89
3.255	8.44	44.89
3.253	8.45	44.89
3.249	8.46	44.89
3.245	8.46	44.89
3.242	8.48	44.89
3.241	8.48	44.89
3.239	8.49	44.89
3.236	8.52	44.89
3.232	8.57	44.89
3.228	8.62	44.89
3.225	8.60	44.89
3.223	8.61	44.89
3.221	8.60	44.89
3.219	8.59	44.89
3.218	8.60	44.89
3.216	8.63	44.89
3.214	8.64	44.89
3.211	8.61	44.89
3.207	8.61	44.89
3.202	8.59	44.89
3.200	8.60	44.89
3.196	8.63	44.89
3.192	8.63	44.89
3.190	8.63	44.89
3.189	8.62	44.89
3.188	8.64	44.89
3.186	8.65	44.89
3.184	8.65	44.89
3.183	8.66	44.89
3.180	8.67	44.89
3.176	8.68	44.89
3.174	8.67	44.88
3.173	8.67	44.88
3.171	8.68	44.88
3.168	8.67	44.88
3.167	8.67	44.88
3.163	8.69	44.88
3.157	8.72	44.88
3.152	8.73	44.88
3.148	8.76	44.88
3.144	8.75	44.88
3.141	8.76	44.88
3.139	8.77	44.88
3.137	8.77	44.88
3.135	8.80	44.88
3.133	8.81	44.88
3.129	8.83	44.88
3.124	8.80	44.88
3.121	8.81	44.88
3.120	8.82	44.88
3.118	8.82	44.88
3.114	8.84	44.88
3.110	8.84	44.88
3.108	8.85	44.88
3.107	8.85	44.88
3.105	8.88	44.88
3.102	8.88	44.88
3.100	8.88	44.88
3.099	8.89	44.88
3.097	8.89	44.88
3.095	8.89	44.88
3.093	8.93	44.88
3.091	8.93	44.88
3.091	8.92	44.88
3.089	8.91	44.88
3.087	8.92	44.88
3.085	8.93	44.88
3.083	8.94	44.88
3.081	8.96	44.88
3.079	8.97	44.88
3.078	8.97	44.87
3.077	8.97	44.87
3.075	8.97	44.87
3.073	8.98	44.87
3.071	8.98	44.87
3.069	8.99	44.87
3.068	8.99	44.87
3.067	9.01	44.87
3.064	9.02	44.87
3.062	9.02	44.87
3.061	9.02	44.87
3.058	9.05	44.87
3.055	9.09	44.87
3.053	9.09	44.87
3.051	9.09	44.87
3.049	9.09	44.87
3.048	9.08	44.87
3.045	9.08	44.87
3.042	9.08	44.87
3.041	9.09	44.87
3.040	9.13	44.87
3.038	9.13	44.87
3.037	9.13	44.87
3.036	9.13	44.87
3.035	9.16	44.87
3.032	9.15	44.87
3.032	9.15	44.87
3.032	9.16	44.87
3.031	9.16	44.87
3.031	9.15	44.87
3.029	9.16	44.87
3.026	9.16	44.87
3.024	9.15	44.87
3.022	9.16	44.87
3.019	9.18	44.87
3.019	9.17	44.87
3.019	9.17	44.87
3.019	9.18	44.87
3.017	9.19	44.87
3.013	9.22	44.87
3.010	9.22	44.87
3.006	9.22	44.87
3.003	9.21	44.87
3.003	9.21	44.87
3.003	9.21	44.87
3.003	9.20	44.87
3.003	9.21	44.87
3.001	9.23	44.87
2.997	9.26	44.87
2.995	9.25	44.87
2.993	9.25	44.87
2.990	9.26	44.87
2.986	9.28	44.87
2.983	9.27	44.87
2.983	9.26	44.87
2.983	9.27	44.87
2.982	9.29	44.87
2.980	9.30	44.87
2.978	9.31	44.87
2.974	9.31	44.87
2.972	9.31	44.86
2.971	9.33	44.86
2.969	9.33	44.86
2.967	9.36	44.86
2.964	9.37	44.86
2.961	9.38	44.86
2.960	9.38	44.86
2.959	9.38	44.86
2.958	9.38	44.86
2.955	9.40	44.86
2.951	9.40	44.86
2.949	9.40	44.86
2.948	9.41	44.86
2.946	9.43	44.86
2.943	9.42	44.86
2.939	9.41	44.86
2.936	9.43	44.86
2.935	9.43	44.86
2.933	9.43	44.86
2.932	9.46	44.86
2.930	9.46	44.86
2.929	9.46	44.86
2.927	9.47	44.86
2.925	9.49	44.86
2.923	9.47	44.86
2.922	9.47	44.86
2.921	9.48	44.86
2.921	9.48	44.86
2.920	9.49	44.86
2.919	9.50	44.86
2.918	9.52	44.86
2.915	9.52	44.86
2.914	9.53	44.86
2.912	9.53	44.86
2.909	9.53	44.86
2.907	9.57	44.86
2.906	9.57	44.86
2.904	9.57	44.86
2.903	9.57	44.86
2.901	9.58	44.86
2.899	9.59	44.86
2.897	9.58	44.86
2.896	9.58	44.86
2.894	9.58	44.86
2.892	9.59	44.86
2.891	9.60	44.86
2.891	9.60	44.86
2.890	9.61	44.86
2.890	9.61	44.86
2.889	9.60	44.86
2.890	9.60	44.86
2.889	9.61	44.86
2.885	9.62	44.86
2.883	9.62	44.86
2.883	9.62	44.86
2.882	9.63	44.86
2.880	9.63	44.86
2.880	9.63	44.86
2.879	9.63	44.86
2.878	9.63	44.86
2.877	9.63	44.86
2.876	9.63	44.86
2.875	9.63	44.86
2.875	9.62	44.86
2.872	9.65	44.86
2.868	9.68	44.86
2.863	9.70	44.86
2.859	9.70	44.86
2.854	9.71	44.86
2.852	9.71	44.86
2.850	9.73	44.86
2.849	9.74	44.86
2.849	9.74	44.85
2.848	9.76	44.85
2.846	9.75	44.85
2.845	9.76	44.85
2.843	9.78	44.85
2.842	9.77	44.85
2.840	9.77	44.85
2.839	9.77	44.85
2.837	9.79	44.85
2.833	9.82	44.85
2.831	9.82	44.85
2.829	9.81	44.85
2.827	9.81	44.85
2.826	9.81	44.85
2.824	9.81	44.85
2.823	9.81	44.85
2.822	9.81	44.85
2.821	9.82	44.85
2.819	9.84	44.85
2.816	9.86	44.85
2.814	9.85	44.85
2.813	9.85	44.85
2.810	9.86	44.85
2.808	9.87	44.85
2.805	9.90	44.85
2.802	9.90	44.85
2.802	9.89	44.85
2.800	9.91	44.85
2.798	9.92	44.85
2.796	9.93	44.85
2.793	9.93	44.85
2.791	9.93	44.85
2.789	9.94	44.85
2.788	9.93	44.85
2.786	9.95	44.85
2.784	9.96	44.85
2.781	9.96	44.85
2.779	9.97	44.85
2.776	9.99	44.85
2.775	10.01	44.85
2.773	10.01	44.85
2.771	10.00	44.85
2.769	10.01	44.85
2.767	10.04	44.85
2.764	10.02	44.85
2.762	10.03	44.85
2.759	10.06	44.84
2.755	10.07	44.85
2.752	10.09	44.85
2.751	10.10	44.84
2.750	10.11	44.84
2.748	10.13	44.84
2.745	10.12	44.84
2.742	10.14	44.84
2.741	10.15	44.84
2.740	10.14	44.84
2.738	10.14	44.84
2.736	10.17	44.84
2.735	10.16	44.84
2.735	10.16	44.84
2.733	10.18	44.84
2.731	10.19	44.84
2.729	10.18	44.84
2.728	10.19	44.84
2.725	10.21	44.84
2.723	10.22	44.84
2.723	10.22	44.84
2.722	10.22	44.84
2.720	10.22	44.84
2.718	10.23	44.84
2.716	10.23	44.84
2.714	10.24	44.84
2.712	10.24	44.84
2.709	10.24	44.84
2.708	10.24	44.84
2.707	10.24	44.84
2.705	10.25	44.84
2.702	10.25	44.84
2.700	10.25	44.84
2.699	10.26	44.84
2.697	10.28	44.84
2.695	10.29	44.84
2.692	10.28	44.84
2.690	10.28	44.84
2.686	10.30	44.84
2.681	10.30	44.84
2.678	10.32	44.84
2.675	10.35	44.84
2.672	10.36	44.84
2.669	10.38	44.84
2.667	10.38	44.84
2.667	10.38	44.84
2.664	10.38	44.84
2.662	10.38	44.84
2.661	10.39	44.84
2.659	10.40	44.84
2.659	10.39	44.84
2.660	10.39	44.84
2.660	10.39	44.84
2.660	10.39	44.84
2.661	10.38	44.84
2.661	10.38	44.84
2.661	10.39	44.84
2.660	10.40	44.84
2.657	10.41	44.84
2.652	10.44	44.84
2.649	10.46	44.84
2.647	10.46	44.84
2.644	10.48	44.83
2.641	10.48	44.84
2.637	10.49	44.83
2.633	10.49	44.83
2.629	10.51	44.83
2.626	10.52	44.83
2.624	10.53	44.83
2.622	10.55	44.83
2.620	10.57	44.83
2.619	10.58	44.83
2.618	10.60	44.83
2.615	10.60	44.83
2.615	10.59	44.83
2.615	10.59	44.83
2.613	10.62	44.83
2.611	10.65	44.83
2.611	10.66	44.83
2.609	10.67	44.83
2.607	10.67	44.83
2.606	10.67	44.83
2.603	10.68	44.83
2.601	10.68	44.83
2.599	10.68	44.83
2.598	10.68	44.83
2.596	10.68	44.83
2.595	10.68	44.83
2.593	10.69	44.83
2.591	10.69	44.83
2.589	10.70	44.83
2.586	10.70	44.83
2.584	10.70	44.83
2.583	10.70	44.83
2.581	10.70	44.83
2.580	10.70	44.83
2.579	10.70	44.83
2.578	10.71	44.83
2.576	10.72	44.83
2.575	10.72	44.83
2.573	10.73	44.83
2.573	10.73	44.83
2.572	10.73	44.83
2.570	10.73	44.83
2.569	10.74	44.83
2.569	10.76	44.83
2.567	10.78	44.83
2.564	10.79	44.83
2.563	10.79	44.83
2.562	10.79	44.83
2.561	10.80	44.83
2.558	10.81	44.83
2.556	10.85	44.83
2.553	10.87	44.83
2.552	10.89	44.83
2.551	10.90	44.83
2.549	10.91	44.83
2.546	10.92	44.83
2.543	10.93	44.83
2.541	10.94	44.83
2.540	10.95	44.83
2.539	10.96	44.83
2.538	10.97	44.83
2.537	10.97	44.83
2.536	10.97	44.83
2.534	10.99	44.83
2.533	11.00	44.83
2.532	11.01	44.83
2.531	11.01	44.83
2.529	11.02	44.83
2.527	11.02	44.83
2.525	11.03	44.83
2.524	11.04	44.83
2.521	11.06	44.83
2.519	11.07	44.83
2.517	11.08	44.83
2.516	11.08	44.83
2.513	11.10	44.83
2.510	11.10	44.83
2.509	11.11	44.83
2.509	11.11	44.83
2.509	11.11	44.83
2.509	11.12	44.83
2.508	11.12	44.83
2.506	11.13	44.83
2.504	11.14	44.83
2.503	11.15	44.83
2.502	11.15	44.83
2.500	11.15	44.83
2.499	11.16	44.83
2.498	11.16	44.83
2.496	11.17	44.83
2.494	11.19	44.83
2.494	11.19	44.82
2.493	11.19	44.82
2.492	11.20	44.82
2.489	11.21	44.82
2.489	11.21	44.82
2.489	11.21	44.82
2.488	11.22	44.82
2.487	11.23	44.82
2.486	11.23	44.82
2.485	11.23	44.82
2.483	11.25	44.82
2.481	11.26	44.82
2.479	11.26	44.82
2.478	11.27	44.82
2.477	11.27	44.82
2.476	11.28	44.82
2.475	11.29	44.82
2.472	11.30	44.82
2.471	11.31	44.82
2.470	11.31	44.82
2.469	11.32	44.82
2.469	11.32	44.82
2.468	11.32	44.82
2.467	11.34	44.82
2.466	11.35	44.82
2.465	11.35	44.82
2.464	11.36	44.82
2.464	11.36	44.82
2.462	11.37	44.82
2.461	11.37	44.82
2.459	11.38	44.82
2.458	11.38	44.82
2.457	11.38	44.82
2.456	11.39	44.82
2.455	11.39	44.82
2.453	11.40	44.82
2.452	11.40	44.82
2.452	11.40	44.82
2.451	11.41	44.82
2.450	11.41	44.82
2.450	11.41	44.82
2.450	11.41	44.82
2.450	11.41	44.82
2.448	11.43	44.82
2.446	11.45	44.82
2.445	11.45	44.82
2.444	11.45	44.82
2.444	11.46	44.82
2.443	11.46	44.82
2.441	11.47	44.82
2.440	11.48	44.82
2.438	11.48	44.82
2.437	11.49	44.82
2.435	11.50	44.82
2.434	11.50	44.82
2.433	11.51	44.82
2.431	11.52	44.82
2.431	11.52	44.82
2.431	11.52	44.82
2.430	11.52	44.82
2.429	11.53	44.82
2.428	11.53	44.82
2.428	11.53	44.82
2.427	11.54	44.82
2.425	11.54	44.82
2.423	11.55	44.82
2.421	11.56	44.82
2.421	11.56	44.82
2.421	11.56	44.82
2.420	11.57	44.82
2.417	11.58	44.82
2.414	11.58	44.82
2.412	11.59	44.82
2.408	11.61	44.82
2.406	11.62	44.82
2.405	11.63	44.82
2.404	11.64	44.82
2.403	11.64	44.82
2.401	11.65	44.82
2.399	11.66	44.82
2.399	11.67	44.82
2.397	11.69	44.82
2.395	11.70	44.82
2.394	11.71	44.81
2.393	11.72	44.81
2.391	11.72	44.81
2.389	11.73	44.81
2.386	11.74	44.81
2.383	11.75	44.81
2.381	11.76	44.81
2.378	11.78	44.81
2.375	11.80	44.81
2.373	11.81	44.81
2.370	11.82	44.81
2.368	11.83	44.81
2.367	11.84	44.81
2.366	11.85	44.81
2.364	11.86	44.81
2.362	11.86	44.81
2.360	11.87	44.81
2.359	11.88	44.81
2.358	11.89	44.81
2.357	11.89	44.81
2.356	11.90	44.81
2.354	11.90	44.81
2.353	11.91	44.81
2.352	11.91	44.81
2.350	11.92	44.81
2.348	11.94	44.81
2.346	11.96	44.81
2.343	11.97	44.81
2.340	11.98	44.81
2.336	11.99	44.81
2.333	12.01	44.81
2.332	12.01	44.81
2.330	12.02	44.81
2.327	12.03	44.81
2.324	12.05	44.81
2.322	12.05	44.81
2.322	12.05	44.81
2.320	12.06	44.81
2.320	12.06	44.81
2.319	12.07	44.81
2.319	12.07	44.81
2.319	12.07	44.81
2.317	12.08	44.81
2.313	12.11	44.81
2.310	12.13	44.81
2.307	12.14	44.81
2.304	12.16	44.81
2.300	12.18	44.81
2.296	12.20	44.81
2.294	12.21	44.81
2.293	12.21	44.81
2.292	12.23	44.81
2.290	12.24	44.81
2.289	12.25	44.80
2.288	12.26	44.80
2.286	12.27	44.80
2.284	12.28	44.80
2.283	12.28	44.80
2.281	12.29	44.80
2.279	12.30	44.80
2.278	12.31	44.80
2.278	12.31	44.80
2.276	12.32	44.80
2.274	12.33	44.80
2.274	12.34	44.80
2.272	12.35	44.80
2.271	12.35	44.80
2.269	12.36	44.80
2.268	12.37	44.80
2.267	12.38	44.80
2.265	12.39	44.80
2.264	12.39	44.80
2.264	12.40	44.80
2.262	12.41	44.80
2.258	12.43	44.80
2.255	12.44	44.80
2.254	12.44	44.80
2.254	12.44	44.80
2.252	12.45	44.80
2.249	12.47	44.80
2.248	12.48	44.80
2.247	12.48	44.80
2.245	12.49	44.80
2.243	12.51	44.80
2.240	12.52	44.80
2.237	12.53	44.80
2.237	12.54	44.80
2.236	12.54	44.80
2.235	12.55	44.80
2.233	12.55	44.80
2.231	12.57	44.80
2.227	12.60	44.80
2.224	12.62	44.80
2.222	12.64	44.80
2.220	12.65	44.80
2.218	12.65	44.80
2.217	12.66	44.80
2.216	12.66	44.80
2.214	12.68	44.80
2.213	12.68	44.80
2.212	12.69	44.80
2.211	12.70	44.80
2.209	12.71	44.80
2.208	12.72	44.80
2.207	12.73	44.80
2.206	12.74	44.80
2.205	12.74	44.80
2.204	12.75	44.80
2.204	12.75	44.80
2.203	12.75	44.80
2.202	12.76	44.80
2.201	12.77	44.80
2.200	12.77	44.80
2.198	12.78	44.80
2.197	12.78	44.80
2.196	12.80	44.80
2.195	12.80	44.80
2.195	12.81	44.80
2.193	12.81	44.80
2.191	12.82	44.80
2.191	12.83	44.80
2.190	12.83	44.80
2.189	12.84	44.80
2.188	12.85	44.80
2.187	12.86	44.80
2.186	12.86	44.80
2.185	12.86	44.80
2.183	12.87	44.80
2.181	12.88	44.80
2.180	12.88	44.80
2.180	12.88	44.80
2.179	12.89	44.80
2.178	12.90	44.79
2.177	12.90	44.79
2.176	12.91	44.79
2.175	12.92	44.79
2.174	12.93	44.79
2.172	12.94	44.79
2.171	12.94	44.79
2.169	12.95	44.79
2.167	12.96	44.79
2.166	12.97	44.79
2.164	12.98	44.79
2.163	12.99	44.79
2.162	13.00	44.79
2.162	13.00	44.79
2.160	13.00	44.79
2.157	13.03	44.79
2.155	13.04	44.79
2.154	13.04	44.79
2.153	13.05	44.79
2.153	13.06	44.79
2.152	13.06	44.79
2.152	13.06	44.79
2.151	13.07	44.79
2.149	13.07	44.79
2.148	13.08	44.79
2.146	13.10	44.79
2.145	13.11	44.79
2.144	13.12	44.79
2.143	13.12	44.79
2.142	13.13	44.79
2.141	13.13	44.79
2.141	13.13	44.79
2.140	13.14	44.79
2.138	13.14	44.79
2.137	13.16	44.79
2.136	13.16	44.79
2.136	13.17	44.79
2.135	13.18	44.79
2.133	13.19	44.79
2.132	13.20	44.79
2.132	13.20	44.79
2.131	13.20	44.79
2.130	13.21	44.79
2.130	13.22	44.79
2.129	13.22	44.79
2.128	13.22	44.79
2.126	13.24	44.79
2.125	13.24	44.79
2.125	13.25	44.79
2.125	13.25	44.79
2.123	13.26	44.79
2.122	13.26	44.79
2.120	13.28	44.79
2.119	13.29	44.79
2.116	13.31	44.79
2.115	13.32	44.79
2.115	13.32	44.79
2.115	13.32	44.79
2.114	13.32	44.79
2.113	13.33	44.79
2.112	13.33	44.79
2.112	13.34	44.79
2.112	13.34	44.79
2.112	13.34	44.79
2.111	13.34	44.79
2.110	13.35	44.79
2.109	13.35	44.79
2.107	13.37	44.79
2.105	13.37	44.79
2.104	13.38	44.79
2.103	13.39	44.79
2.103	13.39	44.79
2.103	13.39	44.79
2.102	13.40	44.79
2.101	13.41	44.79
2.100	13.41	44.79
2.099	13.42	44.79
2.098	13.43	44.79
2.097	13.43	44.79
2.095	13.44	44.79
2.094	13.44	44.79
2.093	13.44	44.79
2.093	13.45	44.79
2.092	13.45	44.78
2.092	13.47	44.78
2.091	13.47	44.78
2.091	13.47	44.78
2.090	13.48	44.78
2.089	13.48	44.78
2.088	13.49	44.78
2.088	13.50	44.78
2.087	13.50	44.78
2.087	13.50	44.78
2.086	13.51	44.78
2.084	13.52	44.78
2.081	13.53	44.78
2.079	13.54	44.78
2.079	13.55	44.78
2.078	13.55	44.78
2.077	13.56	44.78
2.076	13.57	44.78
2.075	13.58	44.78
2.074	13.58	44.78
2.072	13.59	44.78
2.071	13.60	44.78
2.070	13.61	44.78
2.068	13.62	44.78
2.066	13.63	44.78
2.065	13.64	44.78
2.064	13.65	44.78
2.063	13.66	44.78
2.061	13.67	44.78
2.061	13.67	44.78
2.061	13.67	44.78
2.061	13.68	44.78
2.061	13.68	44.78
2.060	13.68	44.77
2.060	13.68	44.77
2.060	13.68	44.78
2.058	13.71	44.77
2.057	13.71	44.78
2.057	13.71	44.77
2.056	13.72	44.77
2.054	13.72	44.77
2.053	13.73	44.77
2.051	13.75	44.77
2.050	13.75	44.77
2.049	13.76	44.77
2.048	13.76	44.77
2.047	13.77	44.77
2.046	13.78	44.77
2.044	13.79	44.77
2.043	13.80	44.77
2.043	13.80	44.77
2.042	13.81	44.77
2.041	13.82	44.77
2.040	13.82	44.77
2.039	13.82	44.77
2.039	13.83	44.77
2.038	13.83	44.77
2.037	13.84	44.77
2.036	13.84	44.77
2.036	13.84	44.77
2.036	13.85	44.77
2.036	13.85	44.77
2.036	13.85	44.77
2.035	13.85	44.77
2.035	13.85	44.77
2.035	13.85	44.77
2.034	13.86	44.77
2.034	13.87	44.77
2.033	13.87	44.77
2.033	13.87	44.77
2.032	13.88	44.77
2.031	13.89	44.77
2.030	13.89	44.77
2.029	13.90	44.77
2.028	13.91	44.77
2.026	13.92	44.77
2.025	13.92	44.77
2.024	13.92	44.77
2.024	13.93	44.77
2.024	13.93	44.77
2.023	13.95	44.77
2.022	13.95	44.77
2.021	13.95	44.77
2.021	13.96	44.77
2.021	13.96	44.77
2.020	13.97	44.77
2.018	13.97	44.77
2.015	13.99	44.77
2.014	14.01	44.77
2.013	14.01	44.77
2.013	14.01	44.77
2.012	14.02	44.77
2.011	14.03	44.77
2.010	14.03	44.77
2.010	14.04	44.77
2.009	14.05	44.77
2.006	14.07	44.77
2.004	14.08	44.77
2.003	14.09	44.77
2.001	14.11	44.77
2.000	14.11	44.77
2.000	14.12	44.77
2.000	14.12	44.77
1.999	14.13	44.77
1.999	14.13	44.77
1.998	14.13	44.77
1.997	14.14	44.77
1.997	14.14	44.77
1.996	14.14	44.77
1.996	14.15	44.77
1.996	14.15	44.77
1.995	14.16	44.77
1.994	14.17	44.77
1.993	14.18	44.77
1.993	14.18	44.76
1.992	14.18	44.76
1.991	14.18	44.76
1.990	14.19	44.76
1.989	14.20	44.76
1.988	14.20	44.76
1.988	14.21	44.76
1.987	14.22	44.76
1.986	14.22	44.76
1.985	14.23	44.76
1.983	14.24	44.76
1.982	14.25	44.76
1.982	14.26	44.76
1.982	14.26	44.76
1.981	14.28	44.76
1.980	14.28	44.76
1.980	14.28	44.76
1.979	14.28	44.76
1.978	14.28	44.76
1.977	14.29	44.76
1.976	14.30	44.76
1.975	14.30	44.76
1.975	14.30	44.76
1.974	14.30	44.76
1.973	14.32	44.76
1.973	14.32	44.76
1.973	14.32	44.76
1.973	14.33	44.76
1.972	14.34	44.76
1.971	14.34	44.76
1.970	14.35	44.76
1.969	14.36	44.76
1.969	14.36	44.76
1.968	14.36	44.76
1.966	14.37	44.76
1.965	14.38	44.76
1.965	14.38	44.76
1.965	14.39	44.76
1.963	14.40	44.76
1.961	14.40	44.76
1.961	14.40	44.76
1.961	14.41	44.76
1.961	14.41	44.76
1.960	14.42	44.76
1.959	14.43	44.76
1.958	14.43	44.76
1.958	14.43	44.76
1.958	14.43	44.76
1.957	14.44	44.76
1.957	14.44	44.76
1.956	14.46	44.76
1.954	14.46	44.76
1.953	14.47	44.76
1.952	14.48	44.76
1.951	14.49	44.76
1.949	14.50	44.76
1.947	14.51	44.76
1.945	14.53	44.76
1.944	14.54	44.76
1.944	14.54	44.76
1.944	14.54	44.76
1.943	14.54	44.76
1.943	14.54	44.76
1.941	14.56	44.76
1.938	14.58	44.76
1.936	14.60	44.75
1.935	14.61	44.75
1.934	14.61	44.75
1.934	14.62	44.75
1.934	14.62	44.75
1.932	14.63	44.75
1.930	14.64	44.75
1.929	14.66	44.75
1.929	14.66	44.75
1.928	14.66	44.75
1.927	14.67	44.75
1.927	14.67	44.75
1.927	14.68	44.75
1.927	14.68	44.75
1.927	14.68	44.75
1.925	14.68	44.75
1.924	14.69	44.75
1.923	14.70	44.75
1.922	14.70	44.75
1.920	14.71	44.75
1.919	14.73	44.75
1.918	14.75	44.75
1.916	14.76	44.75
1.915	14.76	44.75
1.915	14.76	44.75
1.915	14.77	44.75
1.913	14.77	44.75
1.913	14.77	44.75
1.913	14.78	44.75
1.913	14.78	44.75
1.913	14.77	44.75
1.914	14.78	44.75
1.913	14.79	44.75
1.912	14.79	44.75
1.911	14.81	44.75
1.909	14.81	44.75
1.908	14.83	44.75
1.907	14.83	44.75
1.905	14.83	44.75
1.904	14.85	44.75
1.903	14.85	44.75
1.902	14.86	44.75
1.901	14.87	44.75
1.900	14.88	44.75
1.899	14.89	44.75
1.898	14.91	44.75
1.896	14.92	44.75
1.895	14.93	44.75
1.895	14.93	44.75
1.895	14.93	44.75
1.895	14.93	44.75
1.894	14.95	44.75
1.893	14.95	44.75
1.891	14.96	44.75
1.890	14.96	44.75
1.890	14.96	44.75
1.890	14.96	44.75
1.890	14.98	44.75
1.888	14.98	44.75
1.887	15.00	44.75
1.886	15.00	44.75
1.885	15.01	44.75
1.883	15.02	44.75
1.881	15.04	44.75
1.879	15.05	44.75
1.879	15.06	44.75
1.879	15.06	44.75
1.878	15.07	44.75
1.876	15.08	44.75
1.875	15.10	44.75
1.874	15.10	44.75
1.874	15.10	44.75
1.874	15.10	44.75
1.874	15.10	44.75
1.873	15.11	44.75
1.873	15.11	44.75
1.873	15.11	44.75
1.873	15.12	44.75
1.871	15.13	44.75
1.869	15.14	44.75
1.867	15.15	44.75
1.866	15.16	44.75
1.866	15.17	44.75
1.866	15.17	44.75
1.865	15.17	44.75
1.865	15.17	44.75
1.865	15.18	44.75
1.862	15.21	44.75
1.861	15.21	44.75
1.861	15.21	44.75
1.860	15.21	44.75
1.860	15.21	44.75
1.859	15.22	44.75
1.858	15.23	44.75
1.856	15.25	44.75
1.856	15.25	44.75
1.855	15.25	44.75
1.853	15.27	44.75
1.851	15.29	44.75
1.850	15.30	44.74
1.849	15.30	44.74
1.847	15.31	44.75
1.846	15.34	44.74
1.844	15.34	44.74
1.843	15.35	44.74
1.842	15.36	44.74
1.842	15.37	44.74
1.841	15.38	44.74
1.839	15.39	44.74
1.838	15.40	44.74
1.838	15.40	44.74
1.838	15.40	44.74
1.837	15.42	44.74
1.836	15.42	44.74
1.835	15.42	44.74
1.835	15.42	44.74
1.835	15.43	44.74
1.835	15.43	44.74
1.835	15.44	44.74
1.834	15.44	44.74
1.833	15.45	44.74
1.832	15.46	44.74
1.832	15.47	44.74
1.831	15.47	44.74
1.831	15.48	44.74
1.830	15.48	44.74
1.827	15.50	44.74
1.824	15.52	44.74
1.823	15.52	44.74
1.822	15.53	44.74
1.822	15.54	44.74
1.820	15.55	44.74
1.820	15.57	44.74
1.819	15.57	44.74
1.819	15.57	44.74
1.819	15.58	44.74
1.817	15.59	44.74
1.815	15.60	44.74
1.814	15.61	44.74
1.814	15.61	44.74
1.812	15.63	44.74
1.811	15.63	44.74
1.811	15.63	44.74
1.811	15.63	44.74
1.810	15.65	44.74
1.809	15.65	44.74
1.809	15.65	44.74
1.809	15.66	44.73
1.808	15.67	44.74
1.807	15.68	44.74
1.806	15.69	44.73
1.805	15.69	44.73
1.804	15.70	44.73
1.804	15.71	44.73
1.804	15.71	44.73
1.803	15.71	44.73
1.803	15.72	44.73
1.801	15.73	44.73
1.801	15.74	44.73
1.799	15.75	44.73
1.799	15.76	44.73
1.798	15.77	44.73
1.796	15.78	44.73
1.796	15.80	44.73
1.794	15.80	44.73
1.793	15.81	44.73
1.792	15.82	44.73
1.791	15.82	44.73
1.790	15.83	44.73
1.789	15.84	44.73
1.789	15.84	44.73
1.788	15.84	44.73
1.788	15.85	44.73
1.786	15.86	44.73
1.785	15.88	44.73
1.785	15.88	44.73
1.785	15.89	44.73
1.784	15.89	44.73
1.784	15.90	44.73
1.784	15.90	44.73
1.782	15.91	44.73
1.781	15.92	44.73
1.780	15.92	44.73
1.779	15.94	44.73
1.778	15.95	44.73
1.777	15.96	44.73
1.777	15.96	44.73
1.777	15.96	44.73
1.777	15.96	44.73
1.775	15.97	44.73
1.773	15.99	44.73
1.771	16.00	44.73
1.771	16.02	44.73
1.769	16.02	44.73
1.768	16.03	44.73
1.767	16.04	44.73
1.767	16.05	44.73
1.766	16.06	44.73
1.765	16.06	44.73
1.764	16.07	44.73
1.763	16.08	44.73
1.761	16.10	44.73
1.758	16.12	44.73
1.757	16.13	44.73
1.756	16.14	44.73
1.755	16.14	44.73
1.755	16.15	44.73
1.755	16.16	44.73
1.755	16.16	44.73
1.753	16.18	44.73
1.752	16.20	44.73
1.751	16.20	44.73
1.750	16.20	44.73
1.750	16.20	44.73
1.750	16.21	44.73
1.750	16.21	44.73
1.749	16.22	44.73
1.748	16.23	44.73
1.747	16.24	44.73
1.746	16.25	44.72
1.745	16.25	44.72
1.745	16.27	44.72
1.744	16.27	44.72
1.743	16.28	44.72
1.742	16.29	44.72
1.742	16.29	44.72
1.741	16.29	44.72
1.741	16.29	44.72
1.741	16.30	44.72
1.740	16.30	44.72
1.740	16.31	44.72
1.739	16.32	44.72
1.737	16.34	44.72
1.736	16.35	44.72
1.735	16.36	44.72
1.735	16.36	44.72
1.735	16.36	44.72
1.734	16.36	44.72
1.733	16.37	44.72
1.732	16.38	44.72
1.731	16.38	44.72
1.730	16.40	44.72
1.729	16.40	44.72
1.727	16.43	44.72
1.725	16.45	44.72
1.725	16.46	44.72
1.724	16.46	44.72
1.723	16.46	44.72
1.723	16.46	44.72
1.721	16.48	44.72
1.719	16.50	44.72
1.717	16.52	44.72
1.715	16.54	44.72
1.714	16.55	44.72
1.713	16.56	44.72
1.713	16.56	44.72
1.712	16.57	44.72
1.712	16.58	44.72
1.710	16.60	44.72
1.707	16.62	44.72
1.705	16.64	44.72
1.703	16.66	44.72
1.702	16.67	44.72
1.702	16.68	44.72
1.702	16.68	44.72
1.701	16.69	44.72
1.700	16.70	44.72
1.700	16.70	44.72
1.700	16.70	44.72
1.700	16.71	44.72
1.699	16.72	44.72
1.698	16.73	44.72
1.697	16.74	44.72
1.697	16.74	44.72
1.697	16.74	44.72
1.697	16.74	44.72
1.697	16.74	44.72
1.698	16.74	44.72
1.698	16.74	44.72
1.697	16.74	44.72
1.696	16.75	44.72
1.694	16.77	44.72
1.693	16.77	44.72
1.693	16.78	44.72
1.692	16.78	44.71
1.691	16.79	44.72
1.691	16.81	44.72
1.689	16.82	44.71
1.688	16.83	44.71
1.687	16.84	44.71
1.686	16.85	44.71
1.685	16.86	44.71
1.684	16.87	44.71
1.683	16.88	44.71
1.683	16.88	44.71
1.682	16.89	44.71
1.682	16.90	44.71
1.681	16.90	44.71
1.681	16.90	44.71
1.681	16.91	44.71
1.680	16.91	44.71
1.679	16.92	44.71
1.679	16.93	44.71
1.678	16.93	44.71
1.678	16.93	44.71
1.678	16.93	44.71
1.677	16.93	44.71
1.677	16.95	44.71
1.676	16.95	44.71
1.676	16.95	44.71
1.676	16.95	44.71
1.675	16.96	44.71
1.674	16.97	44.71
1.673	16.98	44.71
1.672	16.99	44.71
1.671	17.00	44.71
1.670	17.02	44.71
1.670	17.03	44.71
1.669	17.03	44.71
1.669	17.04	44.71
1.668	17.05	44.71
1.667	17.06	44.71
1.667	17.07	44.71
1.666	17.08	44.71
1.665	17.09	44.71
1.664	17.09	44.71
1.663	17.11	44.71
1.662	17.11	44.71
1.661	17.11	44.71
1.660	17.13	44.70
1.659	17.14	44.71
1.658	17.14	44.70
1.657	17.15	44.70
1.656	17.16	44.70
1.656	17.18	44.70
1.655	17.19	44.70
1.654	17.20	44.70
1.654	17.20	44.70
1.653	17.21	44.70
1.653	17.21	44.70
1.652	17.23	44.70
1.652	17.23	44.70
1.651	17.24	44.70
1.651	17.24	44.70
1.650	17.24	44.70
1.650	17.24	44.70
1.650	17.25	44.70
1.649	17.26	44.70
1.648	17.26	44.70
1.648	17.27	44.70
1.647	17.27	44.70
1.646	17.28	44.70
1.646	17.29	44.70
1.645	17.30	44.70
1.644	17.31	44.70
1.643	17.32	44.70
1.642	17.33	44.70
1.641	17.33	44.70
1.640	17.34	44.70
1.640	17.35	44.70
1.639	17.36	44.70
1.639	17.36	44.70
1.638	17.37	44.70
1.637	17.37	44.70
1.637	17.38	44.70
1.636	17.39	44.70
1.636	17.39	44.70
1.635	17.40	44.70
1.634	17.40	44.70
1.634	17.42	44.70
1.633	17.43	44.70
1.632	17.43	44.70
1.632	17.44	44.70
1.631	17.45	44.70
1.631	17.46	44.70
1.630	17.47	44.70
1.630	17.48	44.70
1.629	17.48	44.70
1.629	17.48	44.70
1.629	17.49	44.70
1.628	17.49	44.70
1.628	17.49	44.70
1.627	17.49	44.70
1.627	17.50	44.70
1.626	17.50	44.70
1.626	17.51	44.70
1.625	17.52	44.70
1.624	17.53	44.70
1.623	17.54	44.70
1.623	17.55	44.70
1.622	17.56	44.70
1.621	17.57	44.70
1.620	17.58	44.70
1.619	17.59	44.70
1.618	17.59	44.70
1.617	17.60	44.70
1.616	17.63	44.70
1.615	17.64	44.70
1.614	17.65	44.70
1.613	17.65	44.70
1.612	17.66	44.70
1.612	17.67	44.70
1.611	17.68	44.70
1.610	17.69	44.70
1.610	17.69	44.70
1.609	17.70	44.70
1.608	17.71	44.70
1.608	17.71	44.70
1.607	17.72	44.70
1.606	17.73	44.70
1.605	17.74	44.69
1.604	17.75	44.70
1.604	17.76	44.69
1.603	17.77	44.69
1.602	17.78	44.69
1.601	17.79	44.69
1.600	17.80	44.69
1.600	17.80	44.69
1.599	17.81	44.69
1.599	17.82	44.69
1.598	17.82	44.69
1.597	17.83	44.69
1.596	17.84	44.69
1.595	17.85	44.69
1.594	17.86	44.69
1.594	17.86	44.69
1.593	17.87	44.69
1.592	17.89	44.69
1.591	17.90	44.69
1.591	17.91	44.69
1.590	17.93	44.69
1.589	17.93	44.69
1.589	17.93	44.69
1.588	17.94	44.69
1.588	17.94	44.69
1.587	17.95	44.69
1.587	17.96	44.69
1.586	17.97	44.69
1.586	17.97	44.69
1.585	17.98	44.69
1.585	17.98	44.69
1.584	17.99	44.69
1.583	17.99	44.69
1.582	18.00	44.69
1.582	18.01	44.69
1.581	18.03	44.69
1.580	18.01	44.69
1.579	18.01	44.69
1.579	18.05	44.69
1.578	18.07	44.69
1.577	18.08	44.69
1.577	18.09	44.69
1.576	18.09	44.69
1.576	18.10	44.69
1.575	18.10	44.69
1.575	18.11	44.69
1.574	18.12	44.69
1.574	18.12	44.69
1.573	18.13	44.69
1.572	18.15	44.69
1.571	18.16	44.69
1.570	18.17	44.69
1.569	18.17	44.69
1.568	18.18	44.69
1.567	18.19	44.69
1.566	18.21	44.69
1.565	18.21	44.69
1.564	18.22	44.69
1.564	18.23	44.69
1.563	18.24	44.69
1.562	18.25	44.69
1.562	18.25	44.69
1.561	18.26	44.69
1.560	18.27	44.69
1.560	18.28	44.69
1.559	18.28	44.69
1.559	18.29	44.69
1.558	18.30	44.69
1.558	18.30	44.69
1.557	18.30	44.69
1.557	18.30	44.69
1.556	18.31	44.69
1.556	18.31	44.69
1.556	18.32	44.69
1.555	18.32	44.69
1.555	18.32	44.69
1.555	18.33	44.69
1.554	18.34	44.69
1.554	18.34	44.69
1.554	18.35	44.69
1.554	18.35	44.69
1.553	18.36	44.69
1.553	18.36	44.69
1.553	18.38	44.68
1.552	18.38	44.68
1.552	18.39	44.68
1.551	18.39	44.68
1.550	18.40	44.68
1.550	18.40	44.68
1.549	18.41	44.68
1.549	18.41	44.68
1.548	18.42	44.68
1.548	18.42	44.68
1.548	18.43	44.68
1.547	18.43	44.68
1.546	18.44	44.68
1.546	18.45	44.68
1.545	18.46	44.68
1.544	18.47	44.68
1.544	18.49	44.68
1.543	18.49	44.68
1.542	18.50	44.68
1.542	18.50	44.68
1.542	18.51	44.68
1.541	18.52	44.68
1.541	18.52	44.68
1.540	18.53	44.68
1.540	18.54	44.68
1.539	18.54	44.68
1.539	18.55	44.68
1.538	18.56	44.68
1.538	18.57	44.68
1.537	18.58	44.68
1.537	18.58	44.68
1.537	18.58	44.68
1.537	18.58	44.68
1.537	18.58	44.68
1.537	18.58	44.68
1.537	18.58	44.68
1.537	18.58	44.68
1.536	18.59	44.68
1.536	18.60	44.68
1.536	18.60	44.68
1.535	18.61	44.68
1.535	18.61	44.68
1.535	18.61	44.68
1.535	18.61	44.68
1.535	18.61	44.68
1.534	18.62	44.68
1.534	18.62	44.68
1.533	18.63	44.68
1.533	18.64	44.68
1.532	18.64	44.68
1.532	18.65	44.68
1.531	18.65	44.68
1.531	18.65	44.68
1.531	18.65	44.68
1.531	18.65	44.68
1.530	18.66	44.68
1.530	18.66	44.68
1.530	18.66	44.68
1.529	18.66	44.68
1.528	18.67	44.68
1.528	18.67	44.68
1.527	18.68	44.68
1.527	18.69	44.68
1.526	18.69	44.68
1.526	18.70	44.68
1.526	18.70	44.68
1.525	18.70	44.68
1.525	18.71	44.68
1.524	18.71	44.68
1.524	18.72	44.68
1.523	18.72	44.68
1.523	18.73	44.68
1.522	18.73	44.68
1.522	18.74	44.68
1.521	18.74	44.68
1.521	18.75	44.68
1.521	18.75	44.68
1.521	18.75	44.68
1.520	18.75	44.68
1.520	18.76	44.68
1.520	18.76	44.68
1.520	18.76	44.68
1.519	18.76	44.68
1.519	18.77	44.68
1.519	18.77	44.68
1.518	18.78	44.68
1.518	18.78	44.68
1.518	18.79	44.68
1.517	18.80	44.68
1.517	18.81	44.68
1.517	18.82	44.68
1.516	18.82	44.68
1.515	18.83	44.68
1.515	18.83	44.68
1.514	18.83	44.68
1.514	18.84	44.68
1.514	18.84	44.68
1.513	18.85	44.68
1.513	18.86	44.68
1.513	18.86	44.67
1.513	18.86	44.67
1.512	18.86	44.67
1.512	18.87	44.67
1.512	18.88	44.67
1.511	18.89	44.67
1.510	18.94	44.67
1.510	18.98	44.67
1.509	18.99	44.67
1.509	19.00	44.67
1.508	19.00	44.67
1.508	19.00	44.67
1.508	19.00	44.67
1.508	19.00	44.67
1.508	19.00	44.67
1.507	19.01	44.67
1.507	19.03	44.67
1.506	19.03	44.67
1.506	19.02	44.67
1.505	19.03	44.67
1.505	19.03	44.67
1.504	19.03	44.67
1.503	19.04	44.67
1.503	19.05	44.67
1.502	19.05	44.67
1.501	19.06	44.67
1.501	19.06	44.67
1.501	19.06	44.67
1.500	19.07	44.67
1.499	19.08	44.67
1.499	19.06	44.67
1.499	19.06	44.67
1.498	19.07	44.67
1.498	19.09	44.67
1.498	19.09	44.67
1.498	19.10	44.67
1.497	19.12	44.67
1.497	19.13	44.67
1.496	19.16	44.67
1.496	19.19	44.66
1.495	19.19	44.67
1.494	19.17	44.66
1.494	19.21	44.66
1.493	19.21	44.66
1.492	19.22	44.66
1.491	19.21	44.66
1.490	19.22	44.66
1.490	19.24	44.66
1.489	19.25	44.66
1.488	19.27	44.66
1.488	19.28	44.66
1.487	19.30	44.66
1.487	19.29	44.66
1.486	19.30	44.66
1.486	19.32	44.66
1.485	19.32	44.66
1.485	19.35	44.66
1.484	19.35	44.66
1.484	19.35	44.66
1.483	19.37	44.66
1.483	19.37	44.66
1.483	19.37	44.66
1.483	19.37	44.66
1.483	19.37	44.66
1.483	19.37	44.66
1.482	19.37	44.66
1.482	19.39	44.66
1.482	19.40	44.66
1.481	19.40	44.66
1.481	19.40	44.66
1.480	19.40	44.66
1.480	19.40	44.66
1.479	19.42	44.66
1.478	19.43	44.66
1.478	19.43	44.66
1.478	19.43	44.66
1.477	19.43	44.66
1.477	19.43	44.66
1.476	19.44	44.66
1.476	19.45	44.66
1.476	19.45	44.66
1.476	19.45	44.66
1.476	19.45	44.66
1.476	19.44	44.66
1.475	19.45	44.66
1.475	19.43	44.66
1.474	19.44	44.66
1.472	19.44	44.66
1.472	19.45	44.66
1.471	19.46	44.66
1.470	19.48	44.66
1.469	19.48	44.66
1.468	19.50	44.66
1.468	19.51	44.66
1.467	19.53	44.66
1.467	19.53	44.66
1.466	19.53	44.66
1.466	19.53	44.66
1.466	19.53	44.66
1.466	19.53	44.66
1.466	19.55	44.66
1.465	19.55	44.66
1.465	19.56	44.66
1.465	19.55	44.66
1.464	19.58	44.66
1.464	19.58	44.66
1.462	19.60	44.66
1.462	19.63	44.66
1.461	19.63	44.66
1.460	19.64	44.66
1.459	19.66	44.66
1.459	19.68	44.66
1.459	19.68	44.66
1.459	19.69	44.66
1.458	19.68	44.66
1.458	19.69	44.66
1.457	19.69	44.66
1.456	19.69	44.66
1.455	19.69	44.66
1.455	19.70	44.66
1.454	19.69	44.66
1.454	19.73	44.66
1.454	19.74	44.66
1.454	19.74	44.66
1.454	19.74	44.66
1.453	19.74	44.66
1.453	19.74	44.66
1.453	19.74	44.66
1.453	19.74	44.66
1.452	19.74	44.66
1.451	19.79	44.66
1.450	19.79	44.66
1.449	19.79	44.65
1.447	19.79	44.66
1.446	19.84	44.66
1.445	19.84	44.66
1.444	19.84	44.65
1.444	19.84	44.66
1.443	19.84	44.65
1.442	19.84	44.65
1.442	19.85	44.65
1.441	19.87	44.65
1.441	19.88	44.65
1.440	19.87	44.65
1.440	19.89	44.65
1.440	19.89	44.65
1.439	19.84	44.65
1.438	19.89	44.65
1.438	19.89	44.65
1.438	19.90	44.65
1.438	19.90	44.65
1.438	19.90	44.65
1.438	19.90	44.65
1.438	19.92	44.65
1.438	19.91	44.65
1.438	19.92	44.65
1.437	19.94	44.65
1.436	19.95	44.65
1.435	19.95	44.65
1.435	19.95	44.65
1.434	19.95	44.65
1.433	19.95	44.65
1.433	19.95	44.65
1.432	19.95	44.65
1.432	19.96	44.65
1.431	20.00	44.65
1.431	20.00	44.65
1.430	20.00	44.65
1.430	20.01	44.65
1.429	20.05	44.65
1.429	20.07	44.65
1.428	20.07	44.65
1.428	20.07	44.65
1.428	20.07	44.65
1.428	20.07	44.65
1.427	20.07	44.65
1.427	20.07	44.65
1.427	20.07	44.65
1.426	20.07	44.65
1.425	20.07	44.65
1.425	20.07	44.65
1.425	20.07	44.65
1.424	20.07	44.65
1.424	20.08	44.65
1.424	20.09	44.65
1.423	20.13	44.65
1.423	20.11	44.65
1.423	20.14	44.65
1.422	20.14	44.65
1.422	20.13	44.65
1.421	20.14	44.65
1.421	20.14	44.65
1.420	20.14	44.65
1.420	20.14	44.65
1.419	20.21	44.65
1.419	20.21	44.65
1.418	20.21	44.65
1.418	20.21	44.65
1.418	20.21	44.65
1.418	20.21	44.65
1.417	20.21	44.65
1.417	20.21	44.65
1.417	20.21	44.65
1.416	20.21	44.65
1.416	20.21	44.65
1.416	20.21	44.65
1.416	20.21	44.65
1.415	20.21	44.65
1.415	20.21	44.65
1.414	20.21	44.65
1.414	20.21	44.65
1.414	20.24	44.65
1.413	20.22	44.65
1.413	20.28	44.65
1.413	20.28	44.65
1.412	20.28	44.65
1.412	20.28	44.65
1.411	20.28	44.65
1.411	20.28	44.65
1.410	20.30	44.65
1.409	20.34	44.65
1.409	20.35	44.65
1.409	20.35	44.64
1.408	20.32	44.64
1.408	20.29	44.64
1.408	20.35	44.64
1.408	20.35	44.64
1.407	20.32	44.64
1.407	20.32	44.64
1.406	20.35	44.64
1.406	20.35	44.64
1.406	20.35	44.64
1.405	20.35	44.64
1.405	20.39	44.64
1.404	20.42	44.64
1.404	20.42	44.64
1.403	20.42	44.64
1.403	20.42	44.64
1.403	20.42	44.64
1.403	20.42	44.64
1.402	20.42	44.64
1.402	20.42	44.64
1.402	20.42	44.64
1.402	20.42	44.64
1.401	20.44	44.64
1.401	20.48	44.64
1.401	20.49	44.64
1.401	20.49	44.64
1.400	20.49	44.64
1.400	20.49	44.64
1.400	20.49	44.64
1.400	20.49	44.64
1.400	20.49	44.64
1.400	20.49	44.64
1.399	20.49	44.64
1.399	20.49	44.64
1.399	20.50	44.64
1.399	20.50	44.64
1.398	20.51	44.64
1.398	20.50	44.64
1.398	20.53	44.64
1.398	20.53	44.64
1.397	20.55	44.64
1.397	20.55	44.64
1.397	20.55	44.63
1.396	20.55	44.63
1.396	20.55	44.63
1.396	20.55	44.63
1.395	20.55	44.63
1.395	20.55	44.63
1.395	20.55	44.63
1.394	20.55	44.63
1.394	20.57	44.63
1.394	20.59	44.63
1.393	20.61	44.63
1.393	20.61	44.63
1.392	20.61	44.63
1.392	20.61	44.63
1.392	20.61	44.63
1.392	20.61	44.63
1.391	20.61	44.63
1.391	20.61	44.63
1.391	20.61	44.63
1.390	20.62	44.63
1.390	20.64	44.63
1.390	20.68	44.63
1.390	20.68	44.63
1.390	20.68	44.63
1.389	20.68	44.63
1.389	20.68	44.63
1.389	20.68	44.63
1.388	20.68	44.63
1.388	20.68	44.63
1.388	20.68	44.63
1.387	20.68	44.63
1.387	20.68	44.63
1.387	20.68	44.63
1.387	20.68	44.63
1.386	20.68	44.63
1.386	20.68	44.63
1.386	20.68	44.63
1.385	20.68	44.63
1.385	20.68	44.63
1.385	20.68	44.63
1.384	20.73	44.63
1.384	20.73	44.63
1.383	20.74	44.63
1.383	20.74	44.63
1.382	20.74	44.63
1.382	20.74	44.63
1.381	20.76	44.63
1.381	20.76	44.63
1.380	20.76	44.63
1.380	20.79	44.63
1.379	20.80	44.63
1.379	20.80	44.63
1.378	20.80	44.63
1.378	20.80	44.63
1.377	20.80	44.63
1.377	20.80	44.63
1.377	20.81	44.63
1.377	20.83	44.63
1.376	20.82	44.63
1.376	20.86	44.63
1.376	20.87	44.63
1.376	20.87	44.63
1.376	20.87	44.63
1.375	20.87	44.63
1.375	20.87	44.63
1.375	20.87	44.63
1.374	20.87	44.63
1.374	20.87	44.63
1.374	20.87	44.63
1.373	20.87	44.63
1.373	20.87	44.63
1.373	20.91	44.63
1.372	20.93	44.63
1.372	20.93	44.63
1.371	20.93	44.63
1.371	20.93	44.63
1.370	20.95	44.63
1.370	20.98	44.63
1.370	20.99	44.63
1.369	20.99	44.63
1.369	20.99	44.63
1.369	20.99	44.63
1.369	20.99	44.63
1.369	20.99	44.63
1.369	20.99	44.63
1.369	20.99	44.63
1.369	21.00	44.63
1.368	20.99	44.63
1.368	21.01	44.63
1.367	21.02	44.63
1.367	21.03	44.63
1.366	21.03	44.63
1.366	21.04	44.63
1.365	21.05	44.63
1.365	21.05	44.63
1.364	21.05	44.63
1.364	21.05	44.63
1.364	21.05	44.63
1.363	21.06	44.63
1.363	21.10	44.63
1.362	21.11	44.63
1.362	21.11	44.63
1.362	21.11	44.63
1.361	21.11	44.63
1.360	21.11	44.63
1.360	21.15	44.63
1.360	21.17	44.63
1.360	21.17	44.63
1.360	21.17	44.63
1.360	21.17	44.63
1.359	21.17	44.63
1.359	21.17	44.63
1.359	21.17	44.63
1.358	21.17	44.63
1.358	21.17	44.63
1.358	21.17	44.63
1.358	21.17	44.63
1.357	21.17	44.63
1.357	21.17	44.63
1.357	21.17	44.63
1.356	21.17	44.63
1.356	21.17	44.63
1.355	21.17	44.63
1.355	21.17	44.63
1.355	21.17	44.63
1.354	21.23	44.63
1.354	21.23	44.63
1.353	21.23	44.63
1.353	21.23	44.63
1.352	21.23	44.63
1.351	21.23	44.63
1.351	21.25	44.63
1.350	21.25	44.63
1.350	21.25	44.63
1.350	21.28	44.63
1.350	21.28	44.63
1.350	21.27	44.63
1.349	21.25	44.63
1.349	21.23	44.63
1.348	21.23	44.63
1.348	21.24	44.63
1.348	21.28	44.63
1.347	21.29	44.63
1.347	21.30	44.63
1.346	21.35	44.63
1.345	21.35	44.63
1.345	21.33	44.63
1.344	21.29	44.63
1.344	21.35	44.63
1.343	21.35	44.63
1.342	21.36	44.63
1.342	21.40	44.63
1.342	21.41	44.63
1.342	21.41	44.63
1.341	21.41	44.63
1.341	21.41	44.62
1.341	21.41	44.63
1.340	21.41	44.63
1.339	21.41	44.62
1.339	21.41	44.62
1.339	21.45	44.62
1.338	21.46	44.62
1.338	21.42	44.62
1.338	21.46	44.62
1.338	21.47	44.62
1.338	21.47	44.62
1.338	21.47	44.62
1.337	21.46	44.62
1.337	21.47	44.62
1.337	21.47	44.62
1.337	21.47	44.62
1.336	21.48	44.62
1.336	21.49	44.62
1.335	21.53	44.62
1.335	21.54	44.62
1.334	21.54	44.62
1.334	21.54	44.62
1.333	21.54	44.62
1.333	21.55	44.62
1.333	21.58	44.62
1.332	21.60	44.62
1.332	21.60	44.62
1.332	21.60	44.62
1.331	21.60	44.62
1.331	21.60	44.62
1.330	21.60	44.62
1.330	21.60	44.62
1.329	21.61	44.62
1.329	21.61	44.62
1.329	21.60	44.62
1.329	21.60	44.62
1.329	21.61	44.62
1.328	21.60	44.62
1.328	21.60	44.62
1.328	21.61	44.62
1.328	21.65	44.62
1.327	21.67	44.62
1.327	21.67	44.62
1.327	21.67	44.62
1.326	21.67	44.62
1.326	21.68	44.62
1.326	21.67	44.62
1.325	21.67	44.62
1.325	21.67	44.62
1.324	21.67	44.62
1.324	21.67	44.62
1.323	21.71	44.62
1.323	21.73	44.62
1.323	21.73	44.62
1.322	21.73	44.62
1.322	21.73	44.62
1.321	21.73	44.62
1.321	21.73	44.62
1.320	21.73	44.62
1.320	21.73	44.62
1.319	21.73	44.62
1.319	21.74	44.62
1.319	21.75	44.62
1.318	21.80	44.62
1.318	21.80	44.62
1.318	21.80	44.62
1.317	21.81	44.62
1.317	21.81	44.62
1.316	21.85	44.62
1.316	21.86	44.62
1.315	21.86	44.62
1.314	21.87	44.62
1.313	21.90	44.62
1.313	21.93	44.62
1.313	21.93	44.62
1.312	21.93	44.62
1.311	21.93	44.62
1.311	21.94	44.62
1.310	21.96	44.62
1.309	22.00	44.61
1.308	22.00	44.61
1.308	22.00	44.61
1.307	22.00	44.61
1.307	22.04	44.61
1.306	22.06	44.61
1.305	22.06	44.61
1.305	22.06	44.61
1.304	22.06	44.61
1.304	22.10	44.61
1.303	22.11	44.61
1.302	22.13	44.61
1.301	22.13	44.61
1.301	22.13	44.61
1.300	22.13	44.61
1.300	22.13	44.61
1.300	22.13	44.61
1.299	22.18	44.61
1.299	22.16	44.61
1.298	22.16	44.61
1.298	22.19	44.61
1.298	22.19	44.61
1.297	22.19	44.61
1.297	22.19	44.61
1.297	22.19	44.61
1.296	22.19	44.61
1.296	22.19	44.61
1.296	22.19	44.61
1.295	22.18	44.61
1.295	22.15	44.61
1.294	22.25	44.61
1.294	22.26	44.61
1.293	22.26	44.61
1.292	22.27	44.61
1.292	22.30	44.61
1.291	22.32	44.61
1.291	22.32	44.61
1.290	22.32	44.61
1.290	22.32	44.61
1.289	22.32	44.61
1.289	22.33	44.61
1.289	22.33	44.61
1.288	22.35	44.61
1.287	22.38	44.61
1.287	22.39	44.61
1.286	22.44	44.61
1.286	22.39	44.61
1.285	22.42	44.61
1.284	22.44	44.61
1.284	22.44	44.61
1.283	22.46	44.61
1.283	22.48	44.61
1.282	22.50	44.61
1.282	22.50	44.61
1.281	22.50	44.61
1.281	22.50	44.61
1.280	22.51	44.61
1.280	22.55	44.61
1.279	22.56	44.61
1.279	22.56	44.61
1.279	22.56	44.61
1.278	22.56	44.61
1.278	22.56	44.61
1.277	22.57	44.61
1.276	22.56	44.61
1.276	22.57	44.61
1.275	22.60	44.61
1.274	22.62	44.61
1.274	22.62	44.61
1.274	22.60	44.61
1.273	22.62	44.61
1.273	22.62	44.61
1.273	22.63	44.61
1.272	22.64	44.61
1.272	22.67	44.61
1.272	22.67	44.61
1.272	22.66	44.61
1.271	22.68	44.61
1.271	22.68	44.61
1.271	22.68	44.61
1.271	22.68	44.61
1.270	22.68	44.61
1.270	22.68	44.61
1.269	22.68	44.61
1.269	22.69	44.61
1.268	22.74	44.61
1.268	22.74	44.61
1.267	22.74	44.61
1.267	22.74	44.61
1.266	22.74	44.61
1.266	22.77	44.61
1.265	22.80	44.61
1.265	22.80	44.61
1.264	22.80	44.61
1.264	22.81	44.61
1.263	22.85	44.61
1.263	22.86	44.61
1.262	22.86	44.61
1.262	22.86	44.61
1.262	22.86	44.61
1.261	22.86	44.61
1.261	22.86	44.61
1.260	22.86	44.61
1.260	22.89	44.61
1.260	22.91	44.61
1.259	22.89	44.61
1.259	22.91	44.61
1.259	22.91	44.61
1.258	22.91	44.61
1.258	22.91	44.61
1.258	22.91	44.61
1.258	22.92	44.61
1.257	22.97	44.61
1.256	22.97	44.61
1.256	22.97	44.61
1.256	22.98	44.61
1.255	23.02	44.61
1.255	23.03	44.60
1.255	23.03	44.61
1.255	23.03	44.61
1.254	23.03	44.61
1.254	23.03	44.61
1.253	23.03	44.60
1.252	23.03	44.60
1.252	23.06	44.60
1.251	23.09	44.60
1.250	23.09	44.60
1.250	23.09	44.60
1.249	23.10	44.60
1.249	23.09	44.60
1.248	23.09	44.60
1.247	23.09	44.60
1.246	23.14	44.60
1.245	23.14	44.60
1.244	23.17	44.60
1.243	23.20	44.60
1.243	23.20	44.60
1.242	23.20	44.60
1.242	23.24	44.60
1.241	23.26	44.60
1.241	23.26	44.60
1.240	23.26	44.60
1.240	23.26	44.60
1.239	23.33	44.60
1.239	23.35	44.60
1.238	23.35	44.60
1.238	23.35	44.60
1.237	23.35	44.60
1.236	23.35	44.60
1.236	23.42	44.60
1.235	23.44	44.60
1.234	23.44	44.60
1.234	23.44	44.60
1.234	23.44	44.60
1.233	23.47	44.60
1.232	23.47	44.60
1.232	23.52	44.60
1.231	23.54	44.60
1.231	23.54	44.60
1.231	23.54	44.60
1.231	23.54	44.60
1.230	23.54	44.60
1.230	23.54	44.60
1.229	23.60	44.60
1.228	23.54	44.60
1.228	23.57	44.60
1.227	23.57	44.60
1.226	23.57	44.60
1.226	23.55	44.60
1.226	23.55	44.60
1.226	23.61	44.60
1.225	23.56	44.60
1.225	23.55	44.60
1.224	23.54	44.60
1.224	23.57	44.60
1.224	23.56	44.60
1.223	23.52	44.60
1.222	23.54	44.60
1.222	23.54	44.60
1.221	23.52	44.59
1.220	23.59	44.59
1.220	23.64	44.59
1.219	23.64	44.59
1.219	23.64	44.59
1.219	23.64	44.59
1.218	23.64	44.59
1.218	23.64	44.59
1.218	23.64	44.59
1.217	23.64	44.59
1.217	23.64	44.59
1.216	23.64	44.59
1.216	23.64	44.59
1.216	23.68	44.59
1.215	23.71	44.59
1.215	23.73	44.59
1.215	23.73	44.59
1.214	23.73	44.59
1.214	23.73	44.59
1.214	23.73	44.59
1.213	23.73	44.59
1.213	23.73	44.59
1.212	23.73	44.59
1.212	23.73	44.59
1.211	23.73	44.59
1.211	23.73	44.59
1.210	23.73	44.59
1.210	23.73	44.59
1.209	23.73	44.59
1.209	23.73	44.59
1.208	23.73	44.59
1.208	23.73	44.59
1.208	23.73	44.59
1.207	23.73	44.59
1.207	23.73	44.59
1.206	23.73	44.59
1.206	23.73	44.59
1.205	23.73	44.59
1.205	23.73	44.59
1.205	23.73	44.59
1.204	23.73	44.59
1.204	23.73	44.59
1.203	23.73	44.59
1.203	23.73	44.59
1.203	23.73	44.59
1.202	23.73	44.59
1.202	23.73	44.59
1.201	23.73	44.59
1.201	23.73	44.59
1.200	23.73	44.59
1.200	23.73	44.59
1.199	23.73	44.59
1.199	23.72	44.59
1.198	23.73	44.59
1.198	23.73	44.59
1.198	23.73	44.59
1.198	23.73	44.59
1.198	23.73	44.59
1.198	23.73	44.59
1.198	23.73	44.59
1.198	23.73	44.59
1.198	23.73	44.59
1.198	23.73	44.59
1.198	23.73	44.59
1.198	23.73	44.59
1.198	23.73	44.59
1.198	23.73	44.59
1.198	23.73	44.59
1.198	23.73	44.59
1.198	23.73	44.59
1.198	23.73	44.59
1.198	23.73	44.59
1.198	23.73	44.59
1.198	23.73	44.59
1.198	23.73	44.59
1.198	23.73	44.59
1.198	23.73	44.59
1.198	23.73	44.59
1.198	23.73	44.59
1.198	23.73	44.59
1.198	23.73	44.59
1.198	23.73	44.59
1.198	23.73	44.59
1.198	23.73	44.59
1.198	23.73	44.59
1.198	23.73	44.59
1.198	23.73	44.59
1.198	23.73	44.59
1.198	23.73	44.59
1.198	23.73	44.59
1.198	23.73	44.59
1.198	23.73	44.59
1.198	23.73	44.58
1.198	23.73	44.58
1.198	23.73	44.58
1.198	23.73	44.58
1.198	23.73	44.58
1.198	23.73	44.58
1.198	23.73	44.58
1.198	23.73	44.58
1.198	23.73	44.58
1.198	23.73	44.58
1.198	23.73	44.58
1.198	23.73	44.58
1.198	23.73	44.58
1.198	23.73	44.58
1.198	23.73	44.58
1.198	23.73	44.58
1.198	23.73	44.58
1.198	23.73	44.58
1.198	23.73	44.58
1.198	23.73	44.58
1.198	23.73	44.58
1.198	23.73	44.58
1.198	23.73	44.58
1.198	23.73	44.58
1.198	23.73	44.58
1.198	23.73	44.58
1.198	23.73	44.58
1.198	23.73	44.58
1.198	23.73	44.58
1.198	23.73	44.58
1.198	23.73	44.58
1.198	23.73	44.58
1.198	23.73	44.58
1.198	23.73	44.58
1.198	23.73	44.58
1.198	23.73	44.58
1.198	23.73	44.58
1.198	23.73	44.58
1.198	23.73	44.58
1.198	23.73	44.58
1.198	23.73	44.58
1.198	23.73	44.58
1.198	23.73	44.58
1.198	23.73	44.58
1.198	23.73	44.58
1.198	23.73	44.58
1.198	23.73	44.58
1.198	23.73	44.58
1.198	23.73	44.58
1.198	23.73	44.58
1.198	23.73	44.58
1.198	23.73	44.58
1.198	23.73	44.58
1.198	23.73	44.58
1.198	23.73	44.58
1.198	23.73	44.58
1.198	23.73	44.58
1.198	23.73	44.58
1.198	23.73	44.58
1.198	23.73	44.58
1.198	23.73	44.58
1.198	23.73	44.58
1.198	23.73	44.58
1.198	23.73	44.58
1.198	23.73	44.58
1.198	23.73	44.58
1.198	23.73	44.58
1.198	23.73	44.58
1.198	23.73	44.58
1.198	23.73	44.58
1.198	23.73	44.58
1.198	23.73	44.58
1.198	23.73	44.58
1.198	23.73	44.58
1.198	23.73	44.58
1.198	23.73	44.58
1.198	23.73	44.58
1.198	23.73	44.58
1.198	23.73	44.58
1.198	23.73	44.58
1.198	23.73	44.58
1.198	23.73	44.58
1.198	23.73	44.58
1.198	23.73	44.58
1.198	23.73	44.58
1.198	23.73	44.58
1.198	23.73	44.58
1.198	23.73	44.58
1.198	23.73	44.58
1.198	23.73	44.58
1.198	23.73	44.58
1.198	23.73	44.58
1.198	23.73	44.58
1.198	23.73	44.58
1.198	23.73	44.58
1.198	23.73	44.58
1.199	23.73	44.58
1.198	23.73	44.58
1.198	23.73	44.58
1.198	23.73	44.58
1.198	23.73	44.58
1.198	23.73	44.58
1.198	23.73	44.58
1.199	23.73	44.58
1.199	23.73	44.58
