1.238	23.73	55.01
1.238	23.73	55.01
1.238	23.73	55.01
1.238	23.73	55.02
1.238	23.73	55.02
1.238	23.73	55.02
1.238	23.73	55.03
1.238	23.73	55.03
1.238	23.73	55.03
1.238	23.73	55.03
1.238	23.73	55.03
1.238	23.73	55.04
1.238	23.73	55.04
1.238	23.73	55.05
1.238	23.73	55.05
1.238	23.73	55.05
1.238	23.73	55.06
1.238	23.73	55.06
1.238	23.73	55.06
1.238	23.73	55.06
1.238	23.73	55.06
1.238	23.73	55.07
1.238	23.73	55.07
1.238	23.73	55.07
1.238	23.73	55.08
1.238	23.73	55.08
1.238	23.73	55.08
1.238	23.73	55.09
1.238	23.73	55.09
1.238	23.73	55.09
1.238	23.73	55.10
1.238	23.73	55.10
1.238	23.73	55.10
1.238	23.73	55.10
1.238	23.73	55.10
1.238	23.73	55.10
1.238	23.73	55.11
1.238	23.73	55.11
1.238	23.73	55.11
1.238	23.73	55.12
1.238	23.73	55.12
1.239	23.73	55.12
1.239	23.73	55.13
1.239	23.73	55.13
1.239	23.73	55.13
1.239	23.73	55.13
1.239	23.73	55.13
1.239	23.73	55.13
1.239	23.73	55.14
1.239	23.73	55.14
1.239	23.73	55.14
1.239	23.73	55.15
1.239	23.73	55.15
1.239	23.73	55.15
1.239	23.73	55.15
1.239	23.73	55.15
1.239	23.73	55.16
1.239	23.73	55.16
1.239	23.73	55.16
1.239	23.73	55.16
1.239	23.73	55.16
1.239	23.73	55.16
1.239	23.73	55.16
1.239	23.73	55.16
1.239	23.73	55.17
1.239	23.73	55.17
1.239	23.73	55.17
1.239	23.73	55.17
1.239	23.73	55.18
1.239	23.73	55.18
1.239	23.73	55.18
1.239	23.73	55.18
1.239	23.73	55.19
1.239	23.73	55.19
1.239	23.73	55.19
1.239	23.73	55.19
1.239	23.73	55.19
1.239	23.73	55.19
1.239	23.73	55.19
1.239	23.73	55.19
1.239	23.73	55.19
1.239	23.73	55.19
1.240	23.73	55.19
1.240	23.73	55.20
1.240	23.73	55.20
1.240	23.73	55.20
1.240	23.73	55.20
1.240	23.73	55.20
1.240	23.73	55.20
1.240	23.73	55.21
1.240	23.73	55.21
1.240	23.73	55.21
1.240	23.73	55.21
1.240	23.73	55.21
1.240	23.73	55.21
1.240	23.73	55.21
1.240	23.73	55.21
1.240	23.73	55.22
1.240	23.73	55.22
1.240	23.73	55.22
1.240	23.73	55.22
1.240	23.73	55.22
1.240	23.73	55.22
1.240	23.73	55.22
1.240	23.73	55.22
1.240	23.73	55.22
1.240	23.73	55.23
1.240	23.73	55.23
1.240	23.73	55.23
1.241	23.73	55.23
1.241	23.73	55.23
1.242	23.73	55.23
1.243	23.73	55.23
1.244	23.73	55.23
1.245	23.73	55.23
1.245	23.73	55.23
1.245	23.73	55.23
1.246	23.73	55.23
1.246	23.73	55.23
1.246	23.73	55.23
1.246	23.73	55.23
1.247	23.73	55.23
1.247	23.73	55.23
1.247	23.73	55.23
1.247	23.73	55.23
1.247	23.73	55.23
1.248	23.73	55.23
1.248	23.73	55.23
1.248	23.73	55.23
1.248	23.73	55.23
1.249	23.73	55.24
1.249	23.73	55.24
1.249	23.73	55.24
1.249	23.73	55.24
1.250	23.73	55.24
1.250	23.73	55.24
1.250	23.73	55.24
1.251	23.73	55.24
1.251	23.73	55.24
1.251	23.73	55.24
1.252	23.73	55.24
1.252	23.73	55.24
1.253	23.73	55.24
1.253	23.73	55.24
1.254	23.73	55.24
1.254	23.73	55.24
1.255	23.73	55.25
1.255	23.73	55.25
1.256	23.73	55.25
1.256	23.73	55.25
1.257	23.73	55.25
1.257	23.73	55.25
1.258	23.73	55.25
1.258	23.73	55.25
1.259	23.73	55.25
1.259	23.73	55.25
1.259	23.73	55.25
1.259	23.73	55.25
1.260	23.73	55.25
1.260	23.73	55.25
1.260	23.73	55.25
1.260	23.73	55.25
1.261	23.73	55.25
1.261	23.73	55.25
1.261	23.73	55.25
1.261	23.73	55.25
1.262	23.72	55.25
1.262	23.71	55.25
1.262	23.69	55.25
1.262	23.70	55.25
1.263	23.68	55.25
1.263	23.69	55.25
1.263	23.67	55.25
1.264	23.65	55.25
1.264	23.65	55.25
1.264	23.66	55.25
1.264	23.66	55.25
1.264	23.69	55.25
1.265	23.64	55.25
1.265	23.64	55.26
1.265	23.64	55.25
1.265	23.64	55.26
1.265	23.64	55.26
1.266	23.64	55.26
1.266	23.64	55.26
1.266	23.64	55.26
1.266	23.64	55.26
1.266	23.64	55.26
1.266	23.64	55.26
1.266	23.64	55.26
1.267	23.64	55.26
1.267	23.64	55.26
1.267	23.64	55.26
1.268	23.64	55.26
1.268	23.64	55.26
1.268	23.64	55.26
1.268	23.64	55.26
1.268	23.64	55.26
1.269	23.64	55.26
1.269	23.64	55.26
1.269	23.64	55.26
1.270	23.64	55.26
1.270	23.64	55.26
1.271	23.64	55.26
1.271	23.63	55.26
1.271	23.63	55.26
1.272	23.58	55.26
1.272	23.63	55.26
1.272	23.62	55.26
1.272	23.61	55.26
1.272	23.63	55.26
1.272	23.64	55.26
1.272	23.64	55.26
1.272	23.61	55.26
1.272	23.59	55.26
1.273	23.55	55.26
1.273	23.55	55.26
1.273	23.54	55.26
1.273	23.54	55.26
1.274	23.54	55.26
1.275	23.54	55.26
1.275	23.54	55.26
1.275	23.54	55.26
1.275	23.54	55.26
1.276	23.51	55.26
1.277	23.47	55.26
1.277	23.48	55.26
1.277	23.45	55.26
1.278	23.51	55.26
1.278	23.52	55.26
1.278	23.47	55.26
1.279	23.46	55.26
1.279	23.45	55.26
1.279	23.44	55.26
1.280	23.35	55.26
1.281	23.35	55.26
1.281	23.35	55.26
1.282	23.35	55.26
1.283	23.35	55.26
1.283	23.44	55.26
1.284	23.40	55.26
1.284	23.35	55.26
1.284	23.34	55.26
1.285	23.27	55.26
1.285	23.30	55.26
1.286	23.33	55.26
1.286	23.27	55.26
1.286	23.26	55.26
1.287	23.26	55.26
1.287	23.26	55.26
1.287	23.26	55.26
1.287	23.26	55.26
1.287	23.26	55.26
1.287	23.22	55.26
1.288	23.22	55.26
1.288	23.24	55.26
1.288	23.25	55.26
1.288	23.25	55.26
1.288	23.25	55.26
1.289	23.21	55.26
1.289	23.20	55.26
1.289	23.21	55.26
1.290	23.20	55.26
1.290	23.20	55.26
1.290	23.20	55.26
1.290	23.20	55.26
1.290	23.20	55.26
1.291	23.20	55.26
1.291	23.20	55.26
1.291	23.20	55.26
1.291	23.20	55.26
1.291	23.18	55.26
1.291	23.18	55.26
1.292	23.16	55.26
1.292	23.14	55.26
1.293	23.14	55.25
1.293	23.14	55.25
1.294	23.14	55.25
1.294	23.14	55.25
1.294	23.14	55.25
1.295	23.10	55.25
1.295	23.09	55.25
1.295	23.09	55.25
1.296	23.09	55.25
1.296	23.09	55.25
1.297	23.09	55.25
1.297	23.09	55.25
1.297	23.09	55.25
1.298	23.09	55.25
1.298	23.08	55.25
1.298	23.07	55.25
1.298	23.06	55.25
1.298	23.03	55.25
1.298	23.03	55.25
1.299	23.03	55.25
1.299	23.03	55.25
1.300	23.03	55.25
1.300	23.03	55.25
1.300	23.03	55.25
1.301	23.03	55.25
1.301	22.99	55.25
1.301	22.97	55.25
1.302	22.97	55.25
1.302	22.97	55.25
1.303	22.97	55.25
1.303	22.93	55.25
1.304	22.91	55.25
1.304	22.91	55.25
1.305	22.91	55.25
1.305	22.91	55.25
1.305	22.91	55.25
1.306	22.91	55.25
1.306	22.91	55.25
1.306	22.90	55.25
1.306	22.90	55.25
1.307	22.86	55.25
1.307	22.86	55.25
1.307	22.86	55.25
1.307	22.86	55.25
1.308	22.86	55.25
1.308	22.86	55.25
1.308	22.86	55.25
1.308	22.86	55.25
1.308	22.86	55.25
1.308	22.86	55.25
1.309	22.86	55.25
1.309	22.86	55.25
1.309	22.86	55.25
1.309	22.86	55.24
1.309	22.85	55.24
1.309	22.82	55.24
1.310	22.80	55.24
1.310	22.80	55.24
1.310	22.81	55.24
1.311	22.80	55.24
1.311	22.80	55.24
1.312	22.80	55.24
1.312	22.80	55.24
1.312	22.79	55.24
1.313	22.75	55.24
1.313	22.75	55.24
1.313	22.74	55.24
1.313	22.74	55.24
1.314	22.74	55.24
1.314	22.74	55.24
1.315	22.74	55.24
1.315	22.68	55.24
1.315	22.68	55.24
1.315	22.70	55.24
1.316	22.70	55.24
1.316	22.69	55.24
1.316	22.68	55.24
1.317	22.68	55.24
1.317	22.68	55.24
1.317	22.68	55.24
1.317	22.68	55.24
1.318	22.68	55.24
1.318	22.68	55.24
1.318	22.68	55.24
1.319	22.65	55.24
1.319	22.64	55.24
1.319	22.64	55.24
1.320	22.67	55.24
1.320	22.67	55.24
1.320	22.68	55.24
1.320	22.64	55.23
1.320	22.63	55.24
1.320	22.62	55.23
1.320	22.62	55.23
1.321	22.62	55.23
1.321	22.62	55.23
1.321	22.62	55.23
1.321	22.62	55.23
1.322	22.62	55.23
1.322	22.62	55.23
1.322	22.61	55.23
1.323	22.58	55.23
1.323	22.56	55.23
1.323	22.56	55.23
1.324	22.56	55.23
1.324	22.56	55.23
1.324	22.56	55.23
1.325	22.56	55.23
1.325	22.56	55.23
1.326	22.56	55.23
1.326	22.56	55.23
1.327	22.53	55.23
1.327	22.51	55.23
1.327	22.52	55.23
1.328	22.50	55.23
1.328	22.50	55.23
1.328	22.50	55.23
1.329	22.50	55.23
1.329	22.50	55.23
1.329	22.46	55.23
1.330	22.45	55.23
1.331	22.44	55.23
1.331	22.44	55.23
1.331	22.44	55.23
1.332	22.44	55.23
1.332	22.44	55.23
1.332	22.44	55.23
1.333	22.44	55.23
1.333	22.44	55.23
1.333	22.44	55.23
1.333	22.41	55.23
1.333	22.39	55.23
1.333	22.38	55.23
1.333	22.38	55.23
1.334	22.38	55.23
1.334	22.38	55.23
1.335	22.38	55.23
1.336	22.34	55.23
1.337	22.33	55.23
1.337	22.33	55.23
1.338	22.32	55.23
1.338	22.32	55.23
1.338	22.32	55.23
1.338	22.32	55.23
1.339	22.32	55.23
1.339	22.32	55.23
1.339	22.32	55.23
1.339	22.29	55.23
1.340	22.28	55.23
1.340	22.27	55.23
1.340	22.26	55.23
1.341	22.26	55.23
1.341	22.26	55.23
1.341	22.26	55.23
1.341	22.26	55.23
1.341	22.26	55.23
1.342	22.26	55.23
1.342	22.26	55.23
1.342	22.26	55.23
1.342	22.26	55.23
1.342	22.26	55.23
1.343	22.19	55.23
1.343	22.19	55.23
1.343	22.19	55.23
1.344	22.19	55.23
1.344	22.19	55.23
1.344	22.19	55.23
1.344	22.19	55.23
1.345	22.19	55.23
1.345	22.19	55.23
1.345	22.19	55.23
1.346	22.19	55.23
1.346	22.19	55.23
1.347	22.16	55.23
1.347	22.15	55.23
1.347	22.16	55.23
1.348	22.13	55.23
1.349	22.13	55.23
1.349	22.13	55.23
1.349	22.13	55.23
1.350	22.13	55.23
1.350	22.13	55.23
1.350	22.13	55.23
1.351	22.11	55.23
1.351	22.07	55.23
1.351	22.06	55.23
1.352	22.06	55.23
1.352	22.06	55.23
1.352	22.06	55.23
1.353	22.06	55.23
1.353	22.06	55.22
1.353	22.06	55.22
1.354	22.03	55.22
1.354	22.06	55.22
1.354	22.06	55.22
1.354	22.06	55.22
1.354	22.03	55.22
1.355	22.01	55.22
1.355	22.00	55.22
1.355	22.00	55.22
1.355	22.00	55.22
1.356	22.00	55.22
1.356	22.00	55.22
1.356	22.00	55.22
1.357	22.00	55.22
1.357	22.00	55.22
1.357	21.99	55.22
1.358	21.96	55.22
1.358	21.95	55.22
1.358	21.93	55.22
1.359	21.93	55.22
1.359	21.93	55.22
1.360	21.93	55.22
1.360	21.93	55.22
1.360	21.93	55.22
1.360	21.93	55.22
1.360	21.93	55.22
1.361	21.93	55.22
1.361	21.91	55.22
1.361	21.88	55.22
1.361	21.89	55.22
1.361	21.87	55.22
1.361	21.87	55.22
1.361	21.87	55.22
1.362	21.86	55.22
1.362	21.86	55.22
1.362	21.86	55.22
1.362	21.87	55.22
1.363	21.87	55.22
1.363	21.86	55.22
1.363	21.86	55.22
1.363	21.86	55.22
1.364	21.86	55.22
1.364	21.86	55.21
1.364	21.86	55.21
1.364	21.86	55.21
1.364	21.86	55.21
1.364	21.86	55.21
1.365	21.83	55.21
1.365	21.84	55.21
1.365	21.80	55.21
1.365	21.80	55.21
1.366	21.80	55.21
1.366	21.80	55.21
1.366	21.80	55.21
1.366	21.80	55.21
1.367	21.80	55.21
1.367	21.80	55.21
1.368	21.80	55.21
1.368	21.80	55.21
1.368	21.80	55.21
1.368	21.78	55.21
1.369	21.78	55.21
1.369	21.75	55.21
1.369	21.74	55.21
1.370	21.74	55.21
1.370	21.73	55.21
1.371	21.73	55.21
1.371	21.73	55.21
1.371	21.73	55.21
1.372	21.73	55.21
1.372	21.73	55.21
1.373	21.72	55.21
1.373	21.72	55.21
1.373	21.72	55.21
1.374	21.67	55.21
1.374	21.67	55.21
1.374	21.67	55.21
1.374	21.67	55.21
1.375	21.67	55.21
1.375	21.67	55.21
1.375	21.67	55.21
1.375	21.67	55.21
1.376	21.67	55.21
1.376	21.65	55.21
1.376	21.65	55.21
1.376	21.61	55.21
1.377	21.61	55.21
1.377	21.60	55.21
1.377	21.60	55.21
1.377	21.60	55.21
1.378	21.60	55.21
1.378	21.60	55.21
1.378	21.60	55.21
1.378	21.60	55.21
1.378	21.60	55.21
1.378	21.60	55.21
1.379	21.60	55.20
1.379	21.60	55.20
1.380	21.60	55.21
1.380	21.60	55.20
1.381	21.58	55.20
1.381	21.54	55.20
1.381	21.54	55.20
1.382	21.54	55.20
1.382	21.54	55.20
1.382	21.54	55.20
1.383	21.54	55.20
1.383	21.54	55.20
1.384	21.54	55.20
1.384	21.48	55.20
1.384	21.47	55.20
1.385	21.47	55.20
1.385	21.47	55.20
1.385	21.47	55.20
1.385	21.47	55.20
1.386	21.47	55.20
1.386	21.44	55.20
1.387	21.41	55.20
1.387	21.41	55.20
1.388	21.41	55.20
1.388	21.41	55.20
1.388	21.41	55.20
1.388	21.41	55.20
1.388	21.41	55.20
1.388	21.41	55.20
1.389	21.41	55.20
1.389	21.41	55.20
1.389	21.41	55.20
1.389	21.41	55.20
1.390	21.41	55.20
1.390	21.41	55.20
1.390	21.41	55.20
1.390	21.41	55.20
1.391	21.41	55.20
1.391	21.39	55.20
1.391	21.37	55.20
1.391	21.37	55.20
1.391	21.37	55.20
1.392	21.38	55.20
1.392	21.36	55.20
1.392	21.35	55.20
1.392	21.35	55.20
1.392	21.35	55.20
1.392	21.35	55.20
1.392	21.35	55.20
1.393	21.35	55.20
1.393	21.35	55.20
1.393	21.35	55.20
1.394	21.35	55.20
1.394	21.35	55.20
1.395	21.35	55.20
1.395	21.35	55.20
1.395	21.35	55.20
1.395	21.35	55.20
1.395	21.35	55.20
1.396	21.33	55.20
1.396	21.29	55.20
1.396	21.29	55.20
1.397	21.29	55.20
1.397	21.29	55.20
1.398	21.29	55.20
1.398	21.29	55.20
1.398	21.29	55.20
1.399	21.29	55.20
1.399	21.29	55.20
1.399	21.29	55.20
1.399	21.29	55.20
1.400	21.29	55.20
1.400	21.29	55.20
1.400	21.28	55.20
1.400	21.25	55.20
1.401	21.24	55.20
1.401	21.23	55.20
1.401	21.23	55.20
1.402	21.23	55.20
1.402	21.23	55.20
1.402	21.23	55.20
1.402	21.23	55.19
1.402	21.23	55.19
1.403	21.23	55.19
1.403	21.23	55.19
1.403	21.23	55.19
1.404	21.23	55.19
1.404	21.17	55.19
1.404	21.17	55.19
1.405	21.17	55.19
1.405	21.17	55.19
1.406	21.17	55.19
1.406	21.17	55.19
1.406	21.17	55.19
1.406	21.17	55.19
1.406	21.17	55.19
1.406	21.17	55.19
1.406	21.17	55.19
1.406	21.17	55.19
1.406	21.17	55.19
1.407	21.17	55.19
1.407	21.17	55.19
1.407	21.17	55.19
1.407	21.17	55.19
1.407	21.17	55.19
1.408	21.17	55.19
1.408	21.17	55.19
1.408	21.17	55.19
1.408	21.17	55.19
1.409	21.17	55.19
1.409	21.17	55.19
1.410	21.17	55.19
1.410	21.12	55.19
1.410	21.11	55.19
1.411	21.11	55.19
1.411	21.11	55.19
1.411	21.11	55.19
1.412	21.11	55.19
1.412	21.08	55.19
1.412	21.05	55.19
1.413	21.05	55.19
1.414	21.05	55.19
1.414	21.05	55.19
1.414	21.05	55.19
1.415	21.05	55.19
1.415	21.05	55.19
1.415	21.05	55.19
1.415	21.05	55.19
1.415	21.03	55.19
1.416	21.03	55.19
1.416	21.01	55.19
1.417	21.01	55.19
1.417	21.00	55.19
1.418	20.99	55.19
1.418	20.99	55.19
1.419	20.99	55.19
1.419	20.98	55.19
1.419	20.96	55.19
1.419	20.98	55.19
1.419	20.97	55.19
1.419	20.96	55.19
1.419	20.96	55.19
1.420	20.94	55.19
1.420	20.94	55.19
1.420	20.94	55.19
1.421	20.94	55.19
1.421	20.93	55.19
1.421	20.93	55.19
1.421	20.93	55.19
1.422	20.93	55.19
1.422	20.93	55.19
1.422	20.93	55.19
1.422	20.93	55.19
1.423	20.92	55.19
1.423	20.89	55.19
1.423	20.89	55.19
1.424	20.88	55.19
1.424	20.87	55.19
1.424	20.87	55.19
1.425	20.87	55.19
1.425	20.87	55.19
1.426	20.87	55.19
1.426	20.87	55.19
1.426	20.87	55.19
1.427	20.87	55.19
1.427	20.86	55.19
1.427	20.86	55.19
1.428	20.86	55.19
1.428	20.81	55.19
1.429	20.81	55.19
1.429	20.80	55.19
1.429	20.80	55.19
1.429	20.80	55.19
1.430	20.80	55.19
1.431	20.80	55.19
1.431	20.77	55.19
1.431	20.76	55.19
1.432	20.75	55.19
1.432	20.76	55.19
1.433	20.74	55.19
1.433	20.74	55.19
1.434	20.74	55.19
1.434	20.74	55.19
1.435	20.73	55.19
1.435	20.70	55.19
1.435	20.68	55.19
1.435	20.68	55.19
1.436	20.68	55.19
1.436	20.68	55.19
1.436	20.68	55.19
1.437	20.68	55.19
1.437	20.68	55.19
1.438	20.68	55.19
1.438	20.68	55.19
1.438	20.68	55.19
1.438	20.68	55.19
1.438	20.68	55.19
1.439	20.68	55.19
1.439	20.68	55.19
1.439	20.68	55.19
1.440	20.68	55.19
1.440	20.68	55.19
1.440	20.68	55.19
1.440	20.64	55.19
1.440	20.62	55.18
1.441	20.61	55.18
1.441	20.61	55.18
1.441	20.61	55.18
1.442	20.61	55.18
1.442	20.61	55.18
1.443	20.61	55.18
1.443	20.61	55.18
1.444	20.61	55.18
1.444	20.58	55.18
1.444	20.56	55.18
1.445	20.56	55.18
1.445	20.55	55.18
1.445	20.55	55.18
1.446	20.55	55.18
1.446	20.54	55.18
1.446	20.55	55.18
1.447	20.55	55.18
1.447	20.55	55.18
1.447	20.54	55.18
1.448	20.53	55.18
1.448	20.49	55.18
1.448	20.49	55.18
1.449	20.49	55.18
1.449	20.50	55.18
1.449	20.50	55.18
1.449	20.49	55.18
1.450	20.49	55.18
1.451	20.49	55.18
1.451	20.49	55.18
1.451	20.48	55.18
1.451	20.46	55.18
1.452	20.43	55.18
1.452	20.42	55.18
1.453	20.42	55.18
1.453	20.43	55.18
1.453	20.43	55.18
1.454	20.42	55.18
1.454	20.42	55.18
1.454	20.42	55.18
1.455	20.42	55.18
1.455	20.42	55.18
1.455	20.42	55.18
1.455	20.42	55.18
1.456	20.42	55.18
1.456	20.42	55.18
1.456	20.42	55.18
1.456	20.42	55.18
1.457	20.38	55.18
1.457	20.35	55.18
1.458	20.35	55.18
1.458	20.35	55.18
1.458	20.35	55.18
1.459	20.35	55.18
1.459	20.35	55.18
1.460	20.35	55.18
1.460	20.35	55.18
1.461	20.34	55.18
1.461	20.34	55.18
1.462	20.30	55.18
1.463	20.28	55.18
1.463	20.28	55.18
1.464	20.28	55.18
1.465	20.28	55.18
1.465	20.28	55.17
1.466	20.27	55.18
1.466	20.22	55.18
1.467	20.21	55.17
1.468	20.21	55.17
1.469	20.21	55.18
1.469	20.21	55.17
1.470	20.20	55.17
1.471	20.15	55.17
1.471	20.14	55.17
1.472	20.14	55.17
1.472	20.14	55.17
1.473	20.14	55.17
1.473	20.14	55.17
1.474	20.14	55.17
1.474	20.13	55.17
1.474	20.08	55.17
1.475	20.09	55.17
1.475	20.09	55.17
1.476	20.09	55.17
1.476	20.08	55.17
1.476	20.07	55.17
1.477	20.07	55.17
1.477	20.07	55.17
1.477	20.07	55.17
1.478	20.07	55.17
1.478	20.07	55.17
1.478	20.07	55.17
1.479	20.07	55.17
1.479	20.07	55.17
1.480	20.07	55.17
1.480	20.07	55.17
1.480	20.07	55.17
1.480	20.07	55.17
1.480	20.07	55.17
1.480	20.07	55.17
1.480	20.03	55.17
1.480	20.00	55.17
1.481	20.00	55.17
1.481	20.00	55.17
1.482	20.00	55.17
1.482	20.00	55.17
1.483	20.00	55.17
1.483	20.00	55.17
1.483	20.00	55.17
1.483	19.99	55.17
1.484	20.00	55.17
1.484	20.00	55.17
1.485	19.99	55.17
1.485	19.96	55.17
1.485	19.96	55.17
1.485	19.98	55.17
1.485	19.98	55.17
1.486	19.96	55.17
1.486	19.95	55.17
1.486	19.95	55.17
1.487	19.95	55.17
1.487	19.95	55.17
1.488	19.95	55.17
1.489	19.94	55.17
1.490	19.91	55.17
1.490	19.92	55.17
1.491	19.90	55.17
1.491	19.89	55.17
1.491	19.89	55.17
1.492	19.89	55.17
1.492	19.89	55.17
1.493	19.89	55.17
1.493	19.89	55.17
1.493	19.89	55.17
1.494	19.89	55.17
1.494	19.88	55.17
1.495	19.88	55.17
1.495	19.88	55.17
1.496	19.85	55.17
1.496	19.84	55.17
1.496	19.84	55.17
1.497	19.84	55.17
1.497	19.84	55.17
1.498	19.84	55.17
1.498	19.84	55.17
1.498	19.84	55.16
1.499	19.81	55.17
1.499	19.82	55.17
1.499	19.80	55.16
1.500	19.79	55.16
1.500	19.79	55.17
1.501	19.79	55.16
1.501	19.79	55.16
1.501	19.79	55.16
1.501	19.79	55.16
1.501	19.79	55.16
1.502	19.79	55.16
1.503	19.78	55.16
1.504	19.76	55.16
1.504	19.74	55.16
1.505	19.74	55.16
1.505	19.74	55.16
1.505	19.74	55.16
1.505	19.74	55.16
1.506	19.74	55.16
1.506	19.74	55.16
1.506	19.73	55.16
1.506	19.74	55.16
1.506	19.74	55.16
1.506	19.74	55.16
1.506	19.74	55.16
1.507	19.73	55.16
1.507	19.71	55.16
1.507	19.69	55.16
1.508	19.69	55.16
1.509	19.69	55.16
1.509	19.69	55.16
1.509	19.69	55.16
1.510	19.69	55.16
1.510	19.69	55.16
1.511	19.69	55.16
1.511	19.68	55.16
1.512	19.67	55.16
1.512	19.64	55.16
1.512	19.63	55.16
1.513	19.63	55.16
1.514	19.63	55.16
1.514	19.63	55.16
1.515	19.63	55.16
1.516	19.62	55.16
1.516	19.58	55.16
1.517	19.58	55.16
1.517	19.58	55.16
1.517	19.58	55.16
1.517	19.58	55.16
1.517	19.58	55.16
1.517	19.58	55.16
1.517	19.58	55.16
1.517	19.58	55.16
1.517	19.54	55.16
1.517	19.55	55.16
1.518	19.55	55.16
1.518	19.55	55.16
1.518	19.54	55.16
1.518	19.53	55.16
1.519	19.53	55.16
1.519	19.53	55.16
1.519	19.53	55.16
1.520	19.52	55.16
1.520	19.51	55.16
1.520	19.50	55.16
1.521	19.50	55.16
1.522	19.50	55.16
1.522	19.50	55.16
1.522	19.48	55.16
1.523	19.48	55.16
1.523	19.48	55.16
1.524	19.48	55.16
1.524	19.48	55.16
1.525	19.48	55.16
1.525	19.48	55.16
1.525	19.47	55.16
1.526	19.48	55.16
1.527	19.45	55.16
1.527	19.45	55.16
1.527	19.45	55.16
1.527	19.45	55.16
1.528	19.45	55.16
1.528	19.45	55.16
1.528	19.45	55.16
1.528	19.45	55.16
1.529	19.45	55.16
1.529	19.44	55.16
1.530	19.43	55.16
1.530	19.43	55.16
1.531	19.43	55.16
1.532	19.43	55.16
1.532	19.43	55.15
1.532	19.41	55.15
1.533	19.40	55.15
1.533	19.40	55.15
1.533	19.40	55.15
1.534	19.40	55.15
1.535	19.38	55.15
1.535	19.38	55.15
1.535	19.38	55.15
1.535	19.37	55.15
1.536	19.37	55.15
1.536	19.37	55.15
1.536	19.37	55.15
1.536	19.37	55.15
1.536	19.35	55.15
1.537	19.34	55.15
1.537	19.35	55.15
1.538	19.33	55.15
1.538	19.32	55.15
1.538	19.32	55.15
1.539	19.33	55.15
1.539	19.31	55.15
1.540	19.30	55.15
1.541	19.28	55.15
1.541	19.28	55.15
1.541	19.27	55.15
1.541	19.27	55.15
1.542	19.27	55.15
1.542	19.26	55.15
1.542	19.25	55.15
1.543	19.25	55.15
1.543	19.24	55.15
1.543	19.24	55.15
1.544	19.25	55.15
1.545	19.24	55.15
1.545	19.24	55.14
1.546	19.24	55.14
1.546	19.21	55.14
1.546	19.19	55.14
1.546	19.21	55.14
1.547	19.20	55.14
1.547	19.19	55.14
1.548	19.17	55.14
1.548	19.17	55.14
1.549	19.18	55.14
1.549	19.17	55.14
1.549	19.16	55.14
1.550	19.14	55.14
1.550	19.14	55.14
1.551	19.12	55.14
1.551	19.10	55.14
1.551	19.09	55.14
1.551	19.09	55.14
1.552	19.08	55.14
1.552	19.09	55.14
1.552	19.09	55.14
1.553	19.11	55.14
1.553	19.09	55.14
1.554	19.06	55.14
1.554	19.06	55.14
1.554	19.06	55.14
1.554	19.06	55.14
1.554	19.06	55.14
1.555	19.05	55.14
1.555	19.05	55.14
1.555	19.05	55.14
1.556	19.05	55.14
1.556	19.04	55.14
1.557	19.04	55.14
1.557	19.03	55.14
1.557	19.03	55.14
1.558	19.03	55.14
1.558	19.02	55.14
1.559	19.03	55.14
1.559	19.01	55.14
1.559	19.01	55.14
1.559	19.00	55.14
1.560	19.00	55.14
1.560	18.98	55.14
1.560	18.98	55.14
1.561	18.97	55.14
1.561	18.96	55.14
1.561	18.94	55.14
1.562	18.93	55.14
1.562	18.93	55.13
1.563	18.93	55.14
1.563	18.91	55.14
1.564	18.91	55.13
1.564	18.90	55.13
1.564	18.89	55.13
1.565	18.88	55.13
1.565	18.87	55.13
1.566	18.87	55.13
1.566	18.86	55.13
1.567	18.85	55.13
1.567	18.84	55.13
1.567	18.84	55.13
1.567	18.84	55.13
1.568	18.83	55.13
1.568	18.83	55.13
1.569	18.82	55.13
1.569	18.82	55.13
1.570	18.81	55.13
1.570	18.80	55.13
1.570	18.80	55.13
1.570	18.79	55.13
1.571	18.79	55.13
1.571	18.79	55.13
1.571	18.79	55.13
1.571	18.78	55.13
1.572	18.78	55.13
1.572	18.78	55.13
1.572	18.78	55.13
1.572	18.78	55.13
1.572	18.77	55.13
1.573	18.77	55.13
1.573	18.77	55.13
1.573	18.77	55.13
1.574	18.77	55.13
1.574	18.76	55.13
1.575	18.75	55.13
1.575	18.74	55.13
1.576	18.74	55.13
1.577	18.73	55.13
1.577	18.72	55.13
1.578	18.72	55.13
1.578	18.71	55.13
1.579	18.71	55.13
1.580	18.70	55.13
1.580	18.69	55.13
1.581	18.68	55.13
1.581	18.68	55.13
1.582	18.67	55.13
1.582	18.66	55.13
1.583	18.66	55.13
1.584	18.65	55.13
1.584	18.65	55.13
1.585	18.65	55.13
1.585	18.65	55.13
1.585	18.65	55.13
1.586	18.64	55.13
1.586	18.64	55.13
1.586	18.64	55.13
1.586	18.64	55.13
1.587	18.63	55.13
1.587	18.63	55.13
1.587	18.63	55.13
1.587	18.63	55.13
1.587	18.63	55.13
1.587	18.62	55.13
1.588	18.62	55.13
1.588	18.61	55.13
1.588	18.61	55.13
1.588	18.61	55.13
1.588	18.61	55.13
1.588	18.61	55.13
1.589	18.60	55.13
1.589	18.60	55.13
1.589	18.60	55.13
1.589	18.60	55.13
1.589	18.60	55.13
1.589	18.60	55.13
1.589	18.60	55.13
1.589	18.60	55.13
1.590	18.60	55.13
1.590	18.59	55.13
1.590	18.58	55.13
1.591	18.58	55.13
1.591	18.57	55.13
1.591	18.57	55.13
1.591	18.57	55.13
1.591	18.57	55.13
1.591	18.57	55.13
1.591	18.57	55.13
1.591	18.57	55.13
1.591	18.57	55.13
1.591	18.57	55.13
1.591	18.57	55.13
1.591	18.57	55.13
1.591	18.57	55.13
1.591	18.57	55.12
1.591	18.57	55.13
1.591	18.57	55.12
1.591	18.57	55.12
1.591	18.57	55.12
1.591	18.57	55.12
1.591	18.57	55.12
1.592	18.57	55.12
1.592	18.55	55.12
1.593	18.54	55.12
1.594	18.54	55.12
1.595	18.53	55.12
1.596	18.52	55.12
1.596	18.51	55.12
1.597	18.51	55.12
1.598	18.50	55.12
1.598	18.49	55.12
1.599	18.48	55.12
1.600	18.48	55.12
1.600	18.46	55.12
1.601	18.46	55.12
1.601	18.46	55.12
1.601	18.45	55.12
1.602	18.44	55.11
1.602	18.44	55.11
1.602	18.44	55.11
1.602	18.44	55.11
1.602	18.43	55.11
1.603	18.43	55.11
1.604	18.42	55.11
1.604	18.41	55.11
1.605	18.40	55.11
1.606	18.39	55.11
1.606	18.39	55.11
1.606	18.38	55.11
1.607	18.37	55.11
1.607	18.37	55.11
1.607	18.37	55.11
1.607	18.37	55.11
1.607	18.37	55.11
1.608	18.37	55.11
1.608	18.36	55.11
1.608	18.36	55.11
1.609	18.36	55.11
1.609	18.36	55.11
1.609	18.35	55.11
1.610	18.34	55.11
1.611	18.32	55.11
1.612	18.32	55.11
1.613	18.31	55.11
1.613	18.31	55.11
1.613	18.30	55.11
1.614	18.30	55.11
1.615	18.29	55.11
1.615	18.28	55.11
1.616	18.27	55.11
1.617	18.26	55.11
1.617	18.25	55.11
1.617	18.25	55.11
1.618	18.24	55.11
1.619	18.24	55.11
1.619	18.24	55.11
1.620	18.22	55.11
1.620	18.22	55.11
1.621	18.21	55.11
1.622	18.21	55.11
1.622	18.21	55.11
1.623	18.20	55.11
1.623	18.19	55.10
1.624	18.18	55.10
1.625	18.18	55.10
1.625	18.17	55.10
1.626	18.17	55.10
1.626	18.16	55.10
1.627	18.15	55.10
1.627	18.15	55.10
1.628	18.14	55.10
1.628	18.14	55.10
1.628	18.14	55.10
1.629	18.13	55.10
1.629	18.13	55.10
1.630	18.12	55.10
1.630	18.12	55.10
1.630	18.11	55.10
1.630	18.11	55.10
1.631	18.11	55.10
1.631	18.11	55.10
1.631	18.11	55.10
1.631	18.11	55.10
1.631	18.11	55.10
1.632	18.11	55.10
1.632	18.11	55.10
1.632	18.11	55.10
1.632	18.11	55.10
1.633	18.10	55.10
1.633	18.08	55.10
1.633	18.08	55.10
1.633	18.08	55.10
1.634	18.07	55.10
1.634	18.07	55.10
1.634	18.06	55.10
1.634	18.06	55.10
1.635	18.05	55.10
1.635	18.05	55.10
1.635	18.05	55.10
1.636	18.05	55.10
1.636	18.05	55.10
1.636	18.04	55.10
1.636	18.04	55.10
1.636	18.04	55.10
1.637	18.03	55.10
1.637	18.03	55.10
1.637	18.03	55.10
1.638	18.03	55.10
1.638	18.03	55.10
1.638	18.02	55.10
1.638	18.02	55.10
1.638	18.01	55.10
1.639	18.00	55.10
1.639	18.00	55.10
1.639	18.00	55.10
1.640	17.99	55.10
1.640	17.99	55.10
1.640	17.98	55.10
1.641	17.98	55.10
1.641	17.98	55.10
1.641	17.98	55.10
1.641	17.97	55.10
1.642	17.97	55.10
1.642	17.96	55.10
1.643	17.96	55.10
1.644	17.95	55.10
1.644	17.94	55.10
1.644	17.93	55.10
1.645	17.93	55.10
1.646	17.92	55.10
1.646	17.92	55.10
1.646	17.92	55.10
1.647	17.91	55.10
1.647	17.91	55.10
1.648	17.91	55.10
1.648	17.91	55.10
1.648	17.90	55.10
1.649	17.90	55.10
1.649	17.89	55.10
1.650	17.89	55.10
1.650	17.88	55.10
1.651	17.87	55.10
1.651	17.87	55.10
1.651	17.86	55.10
1.651	17.86	55.10
1.652	17.85	55.10
1.653	17.84	55.10
1.654	17.82	55.10
1.655	17.81	55.10
1.656	17.80	55.10
1.658	17.79	55.10
1.659	17.79	55.09
1.659	17.78	55.10
1.660	17.77	55.10
1.661	17.76	55.09
1.661	17.75	55.09
1.662	17.75	55.09
1.663	17.74	55.09
1.664	17.73	55.09
1.665	17.71	55.09
1.667	17.70	55.09
1.667	17.69	55.09
1.668	17.69	55.09
1.669	17.68	55.09
1.670	17.67	55.09
1.671	17.66	55.09
1.671	17.65	55.09
1.671	17.65	55.09
1.671	17.64	55.09
1.672	17.64	55.09
1.672	17.64	55.09
1.672	17.64	55.09
1.672	17.64	55.09
1.672	17.64	55.09
1.672	17.64	55.09
1.672	17.64	55.09
1.673	17.63	55.09
1.673	17.62	55.09
1.673	17.62	55.09
1.674	17.61	55.09
1.674	17.60	55.09
1.675	17.60	55.09
1.675	17.60	55.09
1.675	17.59	55.09
1.675	17.59	55.09
1.676	17.59	55.09
1.676	17.59	55.09
1.676	17.59	55.09
1.677	17.58	55.09
1.678	17.58	55.09
1.679	17.56	55.09
1.680	17.56	55.09
1.680	17.54	55.09
1.681	17.53	55.09
1.682	17.52	55.09
1.682	17.52	55.09
1.683	17.52	55.09
1.683	17.52	55.09
1.684	17.51	55.09
1.685	17.50	55.09
1.686	17.49	55.09
1.687	17.48	55.09
1.688	17.47	55.08
1.688	17.46	55.08
1.688	17.46	55.08
1.689	17.46	55.08
1.689	17.45	55.08
1.689	17.45	55.08
1.690	17.44	55.08
1.690	17.43	55.08
1.691	17.43	55.08
1.691	17.43	55.08
1.691	17.42	55.08
1.692	17.42	55.08
1.692	17.42	55.08
1.692	17.41	55.08
1.693	17.40	55.08
1.693	17.39	55.08
1.693	17.39	55.08
1.693	17.39	55.08
1.693	17.39	55.08
1.694	17.39	55.08
1.694	17.38	55.08
1.695	17.37	55.08
1.695	17.37	55.08
1.696	17.37	55.08
1.696	17.36	55.08
1.697	17.36	55.08
1.698	17.35	55.08
1.698	17.34	55.08
1.699	17.33	55.08
1.699	17.33	55.08
1.700	17.33	55.08
1.701	17.31	55.08
1.702	17.31	55.08
1.702	17.30	55.08
1.703	17.29	55.08
1.704	17.29	55.08
1.704	17.29	55.08
1.704	17.28	55.08
1.705	17.27	55.08
1.705	17.27	55.08
1.706	17.26	55.08
1.707	17.26	55.08
1.707	17.25	55.08
1.708	17.24	55.08
1.709	17.24	55.08
1.709	17.23	55.08
1.710	17.23	55.08
1.711	17.23	55.08
1.711	17.21	55.08
1.712	17.20	55.08
1.713	17.20	55.07
1.714	17.20	55.08
1.714	17.19	55.07
1.714	17.18	55.07
1.714	17.18	55.07
1.715	17.18	55.07
1.715	17.16	55.07
1.715	17.16	55.07
1.715	17.16	55.07
1.716	17.15	55.07
1.716	17.14	55.07
1.717	17.14	55.07
1.717	17.14	55.07
1.718	17.14	55.07
1.718	17.13	55.07
1.719	17.13	55.07
1.719	17.13	55.07
1.720	17.13	55.07
1.720	17.12	55.07
1.721	17.11	55.07
1.721	17.11	55.07
1.722	17.11	55.07
1.723	17.09	55.07
1.723	17.09	55.07
1.724	17.08	55.07
1.724	17.08	55.07
1.724	17.07	55.07
1.725	17.07	55.07
1.725	17.07	55.07
1.725	17.07	55.07
1.725	17.06	55.07
1.726	17.06	55.07
1.727	17.05	55.07
1.727	17.04	55.07
1.728	17.04	55.07
1.728	17.03	55.07
1.729	17.02	55.07
1.729	17.02	55.07
1.730	17.01	55.07
1.730	17.00	55.07
1.731	16.99	55.07
1.731	16.99	55.07
1.731	16.99	55.07
1.731	16.99	55.07
1.732	16.99	55.07
1.732	16.98	55.07
1.733	16.98	55.07
1.733	16.98	55.07
1.733	16.97	55.07
1.733	16.97	55.06
1.733	16.97	55.07
1.734	16.97	55.06
1.734	16.97	55.06
1.734	16.97	55.06
1.734	16.97	55.06
1.734	16.97	55.06
1.734	16.96	55.06
1.734	16.96	55.06
1.734	16.96	55.06
1.734	16.96	55.06
1.735	16.95	55.06
1.735	16.95	55.06
1.735	16.95	55.06
1.735	16.95	55.06
1.736	16.94	55.06
1.736	16.93	55.06
1.736	16.93	55.06
1.736	16.93	55.06
1.736	16.93	55.06
1.736	16.93	55.06
1.736	16.93	55.06
1.737	16.92	55.06
1.737	16.92	55.06
1.737	16.92	55.06
1.737	16.92	55.06
1.738	16.91	55.06
1.738	16.91	55.06
1.738	16.91	55.06
1.739	16.91	55.06
1.739	16.91	55.06
1.740	16.90	55.06
1.740	16.90	55.06
1.740	16.90	55.06
1.740	16.90	55.06
1.740	16.90	55.06
1.741	16.90	55.06
1.741	16.89	55.06
1.741	16.88	55.06
1.742	16.88	55.06
1.742	16.88	55.06
1.742	16.88	55.06
1.743	16.87	55.06
1.743	16.87	55.06
1.743	16.87	55.06
1.743	16.86	55.06
1.744	16.86	55.06
1.744	16.86	55.06
1.745	16.85	55.06
1.745	16.85	55.06
1.746	16.84	55.06
1.746	16.84	55.06
1.746	16.84	55.06
1.746	16.83	55.06
1.747	16.83	55.06
1.747	16.83	55.06
1.748	16.83	55.06
1.749	16.81	55.06
1.749	16.81	55.06
1.750	16.81	55.06
1.750	16.80	55.06
1.750	16.79	55.06
1.751	16.79	55.06
1.752	16.79	55.06
1.752	16.79	55.06
1.752	16.79	55.06
1.753	16.78	55.06
1.753	16.77	55.06
1.754	16.77	55.06
1.754	16.76	55.06
1.755	16.75	55.06
1.755	16.75	55.06
1.756	16.75	55.06
1.756	16.74	55.06
1.757	16.74	55.06
1.757	16.74	55.06
1.758	16.73	55.06
1.758	16.73	55.05
1.758	16.72	55.06
1.759	16.72	55.06
1.759	16.72	55.06
1.758	16.72	55.05
1.758	16.72	55.05
1.758	16.72	55.05
1.758	16.72	55.05
1.758	16.72	55.05
1.759	16.72	55.05
1.759	16.71	55.05
1.760	16.70	55.05
1.761	16.69	55.05
1.762	16.68	55.05
1.762	16.68	55.05
1.763	16.68	55.05
1.763	16.67	55.05
1.763	16.66	55.05
1.764	16.66	55.05
1.764	16.66	55.05
1.764	16.66	55.05
1.765	16.66	55.05
1.765	16.65	55.05
1.765	16.64	55.05
1.765	16.64	55.05
1.766	16.64	55.05
1.766	16.64	55.05
1.766	16.64	55.05
1.766	16.64	55.05
1.767	16.64	55.05
1.767	16.63	55.05
1.767	16.63	55.05
1.768	16.62	55.05
1.769	16.61	55.05
1.770	16.60	55.05
1.770	16.60	55.05
1.771	16.60	55.05
1.771	16.59	55.05
1.771	16.59	55.05
1.771	16.58	55.05
1.772	16.58	55.05
1.772	16.58	55.05
1.773	16.58	55.05
1.773	16.56	55.05
1.774	16.56	55.05
1.774	16.56	55.05
1.775	16.55	55.05
1.776	16.54	55.05
1.776	16.54	55.05
1.777	16.52	55.05
1.777	16.52	55.05
1.778	16.52	55.05
1.778	16.52	55.05
1.779	16.51	55.05
1.779	16.50	55.05
1.780	16.50	55.05
1.780	16.50	55.05
1.780	16.50	55.05
1.781	16.50	55.05
1.781	16.48	55.05
1.782	16.48	55.05
1.782	16.48	55.05
1.783	16.46	55.05
1.784	16.46	55.05
1.784	16.46	55.05
1.785	16.45	55.05
1.786	16.44	55.05
1.786	16.44	55.05
1.787	16.44	55.05
1.788	16.43	55.05
1.789	16.42	55.04
1.789	16.42	55.05
1.790	16.41	55.04
1.790	16.40	55.04
1.791	16.40	55.04
1.791	16.39	55.04
1.792	16.38	55.04
1.792	16.38	55.04
1.792	16.38	55.04
1.793	16.38	55.04
1.793	16.38	55.04
1.794	16.37	55.04
1.794	16.37	55.04
1.795	16.36	55.04
1.795	16.36	55.04
1.796	16.35	55.04
1.797	16.34	55.04
1.797	16.34	55.04
1.798	16.33	55.04
1.799	16.33	55.04
1.799	16.32	55.04
1.799	16.32	55.04
1.800	16.31	55.04
1.801	16.30	55.04
1.802	16.30	55.04
1.802	16.29	55.04
1.803	16.29	55.04
1.803	16.29	55.04
1.803	16.29	55.04
1.803	16.29	55.04
1.803	16.29	55.04
1.804	16.28	55.04
1.805	16.27	55.04
1.805	16.27	55.04
1.807	16.25	55.04
1.807	16.25	55.04
1.808	16.24	55.04
1.808	16.24	55.04
1.808	16.23	55.04
1.808	16.23	55.04
1.808	16.23	55.04
1.809	16.22	55.04
1.809	16.22	55.04
1.810	16.22	55.04
1.811	16.21	55.04
1.812	16.20	55.04
1.813	16.20	55.04
1.814	16.19	55.03
1.815	16.18	55.03
1.815	16.17	55.03
1.816	16.16	55.03
1.816	16.16	55.03
1.817	16.15	55.03
1.817	16.15	55.03
1.818	16.14	55.03
1.818	16.14	55.03
1.819	16.14	55.03
1.819	16.13	55.03
1.820	16.12	55.03
1.820	16.12	55.03
1.821	16.12	55.03
1.821	16.11	55.03
1.822	16.10	55.03
1.822	16.10	55.03
1.823	16.10	55.03
1.824	16.10	55.03
1.824	16.09	55.03
1.824	16.08	55.03
1.825	16.08	55.03
1.826	16.07	55.03
1.827	16.06	55.03
1.827	16.06	55.03
1.828	16.06	55.03
1.828	16.04	55.03
1.829	16.04	55.03
1.830	16.03	55.03
1.831	16.02	55.03
1.831	16.02	55.03
1.832	16.02	55.03
1.832	16.02	55.03
1.833	16.01	55.03
1.833	16.00	55.03
1.834	16.00	55.03
1.834	16.00	55.03
1.836	15.98	55.03
1.838	15.96	55.03
1.840	15.95	55.03
1.841	15.94	55.03
1.842	15.94	55.03
1.842	15.92	55.03
1.843	15.92	55.03
1.844	15.92	55.03
1.844	15.90	55.03
1.845	15.90	55.03
1.846	15.90	55.03
1.846	15.90	55.03
1.847	15.90	55.03
1.847	15.88	55.03
1.848	15.88	55.03
1.848	15.88	55.03
1.849	15.87	55.03
1.850	15.86	55.03
1.851	15.85	55.03
1.851	15.84	55.03
1.852	15.84	55.03
1.852	15.84	55.03
1.851	15.82	55.03
1.853	15.82	55.03
1.854	15.82	55.03
1.853	15.82	55.03
1.853	15.82	55.03
1.854	15.81	55.03
1.854	15.80	55.03
1.855	15.80	55.02
1.856	15.80	55.02
1.857	15.78	55.02
1.858	15.77	55.02
1.859	15.76	55.02
1.860	15.75	55.02
1.859	15.74	55.02
1.862	15.73	55.02
1.864	15.72	55.02
1.865	15.71	55.02
1.867	15.69	55.02
1.868	15.67	55.02
1.869	15.66	55.02
1.870	15.65	55.02
1.871	15.65	55.02
1.873	15.64	55.02
1.874	15.63	55.02
1.875	15.61	55.02
1.876	15.61	55.02
1.877	15.60	55.02
1.878	15.59	55.02
1.879	15.57	55.02
1.880	15.57	55.02
1.881	15.57	55.02
1.882	15.55	55.02
1.882	15.55	55.02
1.883	15.55	55.02
1.884	15.54	55.02
1.885	15.53	55.02
1.886	15.52	55.02
1.887	15.51	55.02
1.888	15.50	55.02
1.890	15.50	55.02
1.891	15.49	55.02
1.893	15.47	55.02
1.895	15.45	55.02
1.896	15.44	55.02
1.898	15.43	55.02
1.899	15.42	55.02
1.900	15.41	55.02
1.901	15.40	55.02
1.901	15.40	55.02
1.902	15.40	55.02
1.903	15.38	55.01
1.904	15.38	55.02
1.905	15.36	55.01
1.905	15.36	55.01
1.905	15.36	55.01
1.906	15.36	55.01
1.908	15.34	55.01
1.909	15.33	55.01
1.910	15.32	55.01
1.911	15.31	55.01
1.911	15.31	55.01
1.912	15.30	55.01
1.913	15.30	55.01
1.914	15.29	55.01
1.915	15.27	55.01
1.915	15.27	55.01
1.917	15.26	55.01
1.918	15.25	55.01
1.918	15.25	55.01
1.919	15.24	55.01
1.920	15.23	55.01
1.921	15.23	55.01
1.922	15.22	55.01
1.923	15.21	55.01
1.924	15.21	55.01
1.925	15.20	55.01
1.926	15.19	55.01
1.928	15.19	55.01
1.929	15.17	55.01
1.931	15.15	55.01
1.932	15.15	55.01
1.934	15.14	55.01
1.934	15.13	55.01
1.936	15.11	55.01
1.937	15.10	55.01
1.939	15.10	55.01
1.940	15.09	55.01
1.940	15.08	55.01
1.941	15.08	55.01
1.942	15.06	55.01
1.942	15.06	55.01
1.942	15.06	55.00
1.943	15.05	55.00
1.944	15.04	55.00
1.945	15.04	55.00
1.946	15.02	55.00
1.948	15.00	55.00
1.950	15.00	55.00
1.952	14.99	55.00
1.953	14.98	55.00
1.954	14.97	55.00
1.955	14.96	55.00
1.956	14.95	55.00
1.957	14.95	55.00
1.958	14.94	55.00
1.959	14.93	55.00
1.960	14.93	55.00
1.960	14.93	55.00
1.961	14.91	55.00
1.962	14.90	55.00
1.964	14.89	55.00
1.966	14.87	55.00
1.967	14.85	55.00
1.968	14.85	55.00
1.968	14.85	55.00
1.969	14.84	55.00
1.969	14.83	55.00
1.969	14.83	55.00
1.970	14.83	55.00
1.971	14.83	55.00
1.972	14.82	55.00
1.973	14.81	55.00
1.975	14.80	55.00
1.977	14.78	55.00
1.978	14.77	55.00
1.979	14.77	55.00
1.980	14.76	55.00
1.982	14.75	55.00
1.984	14.74	55.00
1.985	14.72	55.00
1.987	14.70	55.00
1.988	14.70	55.00
1.989	14.69	55.00
1.989	14.69	55.00
1.990	14.68	55.00
1.990	14.68	55.00
1.990	14.68	55.00
1.989	14.68	55.00
1.990	14.68	55.00
1.990	14.68	55.00
1.991	14.68	55.00
1.991	14.67	55.00
1.991	14.66	55.00
1.992	14.66	55.00
1.993	14.65	55.00
1.993	14.64	55.00
1.994	14.64	55.00
1.995	14.63	55.00
1.997	14.62	55.00
1.999	14.61	55.00
2.000	14.60	54.99
2.002	14.58	55.00
2.002	14.58	54.99
2.003	14.58	54.99
2.004	14.56	54.99
2.005	14.56	54.99
2.007	14.55	54.99
2.009	14.54	54.99
2.011	14.53	54.99
2.013	14.51	54.99
2.014	14.50	54.99
2.015	14.50	54.99
2.016	14.49	54.99
2.016	14.48	54.99
2.017	14.47	54.99
2.018	14.47	54.99
2.019	14.46	54.99
2.020	14.46	54.99
2.021	14.44	54.99
2.021	14.44	54.99
2.021	14.44	54.99
2.022	14.44	54.99
2.023	14.42	54.99
2.024	14.42	54.99
2.025	14.42	54.99
2.027	14.40	54.99
2.028	14.40	54.99
2.028	14.39	54.99
2.029	14.39	54.99
2.029	14.38	54.99
2.030	14.38	54.99
2.031	14.38	54.99
2.031	14.37	54.99
2.032	14.36	54.99
2.034	14.36	54.99
2.035	14.35	54.99
2.035	14.34	54.99
2.036	14.34	54.99
2.037	14.34	54.99
2.037	14.34	54.99
2.037	14.34	54.99
2.036	14.34	54.99
2.036	14.34	54.99
2.036	14.34	54.99
2.036	14.34	54.99
2.037	14.33	54.98
2.037	14.33	54.98
2.038	14.32	54.98
2.039	14.31	54.98
2.039	14.30	54.98
2.040	14.30	54.98
2.042	14.29	54.98
2.043	14.28	54.98
2.045	14.28	54.98
2.046	14.27	54.98
2.047	14.26	54.98
2.048	14.25	54.98
2.050	14.24	54.98
2.050	14.24	54.98
2.050	14.24	54.98
2.051	14.23	54.98
2.052	14.22	54.98
2.053	14.22	54.98
2.053	14.21	54.98
2.054	14.20	54.98
2.055	14.19	54.98
2.055	14.19	54.98
2.055	14.18	54.98
2.056	14.18	54.98
2.057	14.18	54.98
2.058	14.18	54.98
2.058	14.18	54.98
2.059	14.17	54.98
2.060	14.17	54.97
2.060	14.17	54.97
2.060	14.16	54.97
2.061	14.16	54.97
2.061	14.15	54.97
2.062	14.15	54.97
2.063	14.14	54.97
2.063	14.13	54.97
2.064	14.13	54.97
2.065	14.12	54.97
2.066	14.12	54.97
2.067	14.11	54.97
2.067	14.11	54.97
2.068	14.10	54.97
2.070	14.09	54.97
2.071	14.08	54.97
2.072	14.07	54.97
2.072	14.07	54.97
2.073	14.07	54.97
2.074	14.05	54.97
2.075	14.05	54.97
2.076	14.04	54.97
2.076	14.03	54.97
2.077	14.03	54.97
2.078	14.03	54.97
2.079	14.02	54.97
2.079	14.01	54.97
2.081	14.01	54.97
2.082	13.99	54.97
2.082	13.99	54.97
2.084	13.98	54.97
2.085	13.97	54.97
2.086	13.97	54.97
2.087	13.96	54.97
2.088	13.95	54.97
2.088	13.95	54.97
2.089	13.95	54.97
2.091	13.93	54.97
2.093	13.92	54.97
2.094	13.91	54.97
2.096	13.90	54.97
2.097	13.90	54.97
2.098	13.89	54.97
2.098	13.89	54.97
2.098	13.88	54.97
2.099	13.87	54.97
2.100	13.87	54.97
2.101	13.85	54.97
2.102	13.85	54.97
2.103	13.84	54.97
2.105	13.83	54.97
2.106	13.83	54.97
2.107	13.82	54.97
2.108	13.82	54.97
2.108	13.82	54.97
2.109	13.82	54.97
2.109	13.81	54.97
2.110	13.81	54.97
2.110	13.80	54.97
2.111	13.80	54.97
2.112	13.79	54.97
2.113	13.78	54.97
2.113	13.78	54.97
2.115	13.77	54.96
2.116	13.76	54.97
2.117	13.75	54.96
2.118	13.75	54.96
2.120	13.74	54.96
2.121	13.73	54.96
2.122	13.72	54.96
2.122	13.72	54.96
2.123	13.72	54.96
2.123	13.72	54.96
2.123	13.71	54.96
2.124	13.71	54.96
2.125	13.71	54.96
2.125	13.70	54.96
2.125	13.70	54.96
2.126	13.70	54.96
2.126	13.69	54.96
2.127	13.68	54.96
2.127	13.68	54.96
2.128	13.68	54.96
2.128	13.68	54.96
2.129	13.67	54.96
2.130	13.67	54.96
2.131	13.67	54.96
2.131	13.66	54.96
2.132	13.65	54.96
2.133	13.65	54.96
2.134	13.64	54.96
2.135	13.63	54.96
2.135	13.63	54.96
2.136	13.62	54.96
2.137	13.62	54.96
2.138	13.61	54.96
2.138	13.61	54.96
2.139	13.60	54.96
2.139	13.60	54.96
2.140	13.59	54.96
2.141	13.58	54.95
2.142	13.58	54.95
2.143	13.58	54.95
2.144	13.57	54.96
2.145	13.57	54.95
2.146	13.56	54.95
2.147	13.55	54.95
2.148	13.55	54.95
2.150	13.53	54.95
2.151	13.52	54.95
2.152	13.52	54.95
2.153	13.52	54.95
2.154	13.51	54.95
2.155	13.50	54.95
2.156	13.50	54.95
2.156	13.49	54.95
2.157	13.49	54.95
2.158	13.48	54.95
2.159	13.47	54.95
2.160	13.47	54.95
2.161	13.46	54.95
2.162	13.44	54.95
2.163	13.44	54.95
2.164	13.44	54.95
2.166	13.42	54.95
2.167	13.42	54.95
2.167	13.42	54.95
2.168	13.42	54.95
2.169	13.41	54.95
2.170	13.40	54.95
2.172	13.39	54.95
2.172	13.38	54.95
2.173	13.38	54.95
2.174	13.37	54.95
2.175	13.37	54.95
2.176	13.36	54.95
2.178	13.36	54.95
2.179	13.34	54.95
2.181	13.33	54.95
2.183	13.33	54.95
2.184	13.32	54.95
2.185	13.32	54.95
2.187	13.31	54.95
2.188	13.30	54.95
2.189	13.29	54.95
2.189	13.29	54.95
2.190	13.28	54.95
2.191	13.28	54.95
2.191	13.26	54.95
2.192	13.26	54.95
2.193	13.26	54.95
2.194	13.25	54.95
2.195	13.25	54.95
2.196	13.23	54.95
2.197	13.23	54.95
2.198	13.22	54.95
2.199	13.22	54.95
2.200	13.21	54.95
2.201	13.20	54.95
2.203	13.20	54.95
2.204	13.19	54.95
2.204	13.19	54.95
2.204	13.18	54.95
2.205	13.18	54.95
2.206	13.16	54.95
2.208	13.15	54.95
2.210	13.14	54.95
2.212	13.13	54.95
2.214	13.13	54.95
2.216	13.12	54.95
2.218	13.10	54.95
2.219	13.09	54.95
2.220	13.08	54.95
2.221	13.07	54.95
2.222	13.07	54.95
2.223	13.07	54.95
2.223	13.07	54.95
2.225	13.06	54.95
2.227	13.04	54.95
2.229	13.04	54.95
2.230	13.03	54.95
2.231	13.02	54.95
2.232	13.01	54.95
2.232	13.00	54.95
2.232	13.00	54.95
2.232	13.00	54.95
2.232	13.00	54.95
2.233	13.00	54.95
2.234	13.00	54.95
2.234	12.99	54.95
2.234	12.99	54.95
2.235	12.98	54.95
2.236	12.98	54.94
2.237	12.97	54.95
2.237	12.97	54.95
2.238	12.97	54.94
2.239	12.96	54.94
2.240	12.96	54.94
2.241	12.95	54.94
2.242	12.94	54.94
2.243	12.94	54.94
2.244	12.93	54.94
2.246	12.92	54.94
2.248	12.91	54.94
2.249	12.90	54.94
2.249	12.90	54.94
2.250	12.89	54.94
2.251	12.88	54.94
2.252	12.88	54.94
2.253	12.88	54.94
2.254	12.87	54.94
2.257	12.86	54.94
2.258	12.86	54.94
2.259	12.86	54.94
2.260	12.85	54.94
2.263	12.83	54.94
2.265	12.82	54.94
2.266	12.81	54.94
2.268	12.81	54.94
2.268	12.80	54.94
2.269	12.80	54.94
2.271	12.78	54.94
2.272	12.78	54.94
2.273	12.77	54.94
2.273	12.77	54.94
2.274	12.77	54.94
2.274	12.77	54.94
2.274	12.76	54.94
2.275	12.76	54.94
2.275	12.75	54.94
2.276	12.75	54.94
2.277	12.75	54.94
2.278	12.74	54.94
2.279	12.74	54.94
2.279	12.73	54.94
2.280	12.73	54.94
2.280	12.73	54.94
2.281	12.72	54.94
2.283	12.71	54.94
2.285	12.69	54.94
2.286	12.69	54.94
2.287	12.68	54.94
2.287	12.68	54.94
2.289	12.68	54.94
2.290	12.67	54.94
2.291	12.66	54.94
2.292	12.65	54.94
2.293	12.65	54.94
2.294	12.65	54.94
2.294	12.64	54.94
2.295	12.64	54.94
2.297	12.63	54.94
2.299	12.62	54.94
2.301	12.61	54.94
2.302	12.60	54.94
2.303	12.59	54.94
2.303	12.59	54.94
2.303	12.58	54.94
2.304	12.58	54.93
2.304	12.57	54.93
2.304	12.57	54.93
2.304	12.57	54.93
2.306	12.57	54.93
2.306	12.57	54.93
2.306	12.57	54.93
2.306	12.57	54.93
2.306	12.56	54.93
2.306	12.56	54.93
2.308	12.55	54.93
2.311	12.54	54.93
2.312	12.53	54.93
2.312	12.53	54.93
2.312	12.53	54.93
2.313	12.52	54.93
2.313	12.52	54.93
2.313	12.52	54.93
2.313	12.52	54.93
2.313	12.52	54.93
2.313	12.52	54.93
2.313	12.52	54.93
2.312	12.52	54.93
2.312	12.52	54.93
2.313	12.52	54.93
2.314	12.52	54.93
2.314	12.52	54.92
2.315	12.52	54.92
2.316	12.51	54.93
2.317	12.51	54.92
2.319	12.49	54.93
2.321	12.48	54.92
2.323	12.47	54.92
2.325	12.46	54.92
2.325	12.46	54.92
2.326	12.45	54.92
2.327	12.45	54.92
2.328	12.45	54.92
2.329	12.44	54.92
2.331	12.44	54.92
2.333	12.43	54.92
2.335	12.41	54.92
2.336	12.41	54.92
2.338	12.40	54.92
2.339	12.39	54.92
2.341	12.39	54.92
2.342	12.38	54.92
2.343	12.37	54.92
2.344	12.36	54.92
2.345	12.36	54.92
2.346	12.36	54.92
2.346	12.35	54.92
2.347	12.35	54.92
2.348	12.34	54.92
2.349	12.34	54.92
2.350	12.33	54.92
2.351	12.33	54.92
2.352	12.32	54.92
2.354	12.31	54.92
2.354	12.30	54.92
2.355	12.30	54.92
2.356	12.30	54.92
2.357	12.29	54.92
2.357	12.29	54.92
2.358	12.28	54.92
2.360	12.28	54.92
2.360	12.27	54.92
2.361	12.27	54.92
2.362	12.26	54.92
2.362	12.26	54.92
2.362	12.26	54.92
2.363	12.26	54.92
2.363	12.26	54.92
2.364	12.25	54.91
2.366	12.25	54.91
2.367	12.24	54.91
2.367	12.24	54.91
2.367	12.24	54.91
2.367	12.24	54.91
2.369	12.23	54.91
2.370	12.22	54.91
2.370	12.22	54.91
2.370	12.22	54.91
2.370	12.22	54.91
2.370	12.22	54.91
2.370	12.22	54.91
2.370	12.22	54.91
2.370	12.22	54.91
2.370	12.22	54.91
2.371	12.21	54.91
2.373	12.20	54.91
2.375	12.19	54.91
2.379	12.18	54.91
2.380	12.17	54.91
2.380	12.17	54.91
2.381	12.17	54.91
2.381	12.16	54.91
2.381	12.16	54.91
2.381	12.16	54.91
2.381	12.16	54.91
2.381	12.16	54.91
2.381	12.16	54.91
2.381	12.16	54.91
2.381	12.16	54.91
2.381	12.16	54.91
2.381	12.16	54.91
2.382	12.15	54.91
2.384	12.15	54.91
2.386	12.14	54.91
2.387	12.14	54.91
2.388	12.13	54.91
2.389	12.12	54.91
2.390	12.11	54.91
2.391	12.10	54.91
2.391	12.10	54.91
2.391	12.10	54.91
2.391	12.10	54.91
2.391	12.10	54.91
2.391	12.10	54.91
2.392	12.09	54.91
2.394	12.08	54.91
2.397	12.06	54.91
2.402	12.05	54.91
2.406	12.03	54.91
2.407	12.03	54.91
2.408	12.02	54.91
2.409	12.01	54.91
2.410	12.01	54.91
2.412	12.00	54.91
2.413	12.00	54.91
2.413	11.99	54.91
2.414	11.99	54.91
2.415	11.99	54.91
2.416	11.98	54.91
2.416	11.98	54.91
2.417	11.98	54.91
2.417	11.98	54.91
2.417	11.98	54.91
2.418	11.98	54.91
2.418	11.97	54.91
2.419	11.97	54.91
2.419	11.96	54.91
2.420	11.96	54.91
2.421	11.96	54.91
2.421	11.96	54.91
2.422	11.96	54.91
2.423	11.95	54.91
2.423	11.95	54.91
2.424	11.94	54.91
2.425	11.93	54.91
2.426	11.92	54.91
2.427	11.92	54.91
2.427	11.91	54.91
2.428	11.91	54.91
2.429	11.91	54.91
2.430	11.90	54.91
2.430	11.90	54.91
2.431	11.90	54.91
2.431	11.90	54.91
2.431	11.90	54.91
2.432	11.90	54.91
2.432	11.90	54.91
2.432	11.90	54.91
2.432	11.90	54.91
2.432	11.90	54.91
2.432	11.90	54.91
2.432	11.89	54.91
2.433	11.89	54.91
2.434	11.88	54.91
2.435	11.88	54.91
2.436	11.87	54.91
2.437	11.87	54.91
2.437	11.87	54.91
2.438	11.86	54.91
2.439	11.86	54.91
2.440	11.86	54.91
2.441	11.85	54.91
2.441	11.85	54.91
2.442	11.85	54.91
2.443	11.85	54.91
2.444	11.84	54.91
2.444	11.84	54.91
2.445	11.84	54.91
2.446	11.84	54.91
2.446	11.83	54.91
2.447	11.82	54.91
2.448	11.82	54.91
2.448	11.82	54.91
2.448	11.82	54.91
2.448	11.82	54.91
2.448	11.82	54.91
2.449	11.81	54.91
2.449	11.81	54.91
2.450	11.81	54.91
2.451	11.81	54.91
2.452	11.80	54.91
2.454	11.79	54.91
2.455	11.79	54.90
2.457	11.78	54.91
2.459	11.77	54.91
2.460	11.76	54.90
2.461	11.76	54.90
2.462	11.76	54.90
2.463	11.76	54.90
2.463	11.75	54.90
2.464	11.75	54.90
2.465	11.74	54.90
2.466	11.73	54.90
2.466	11.73	54.90
2.468	11.73	54.90
2.469	11.72	54.90
2.470	11.72	54.90
2.470	11.72	54.90
2.470	11.72	54.90
2.471	11.71	54.90
2.472	11.70	54.90
2.472	11.70	54.90
2.472	11.70	54.90
2.472	11.70	54.90
2.473	11.70	54.90
2.474	11.69	54.90
2.476	11.67	54.90
2.478	11.66	54.90
2.479	11.66	54.90
2.480	11.65	54.90
2.481	11.65	54.90
2.482	11.64	54.90
2.482	11.64	54.90
2.484	11.63	54.90
2.485	11.62	54.90
2.485	11.62	54.90
2.486	11.61	54.90
2.488	11.60	54.90
2.489	11.60	54.90
2.490	11.59	54.89
2.491	11.59	54.89
2.492	11.58	54.89
2.494	11.58	54.89
2.496	11.57	54.89
2.498	11.56	54.89
2.500	11.55	54.89
2.502	11.54	54.89
2.504	11.54	54.89
2.505	11.53	54.89
2.507	11.52	54.89
2.509	11.52	54.89
2.510	11.51	54.89
2.511	11.51	54.89
2.512	11.50	54.89
2.513	11.50	54.89
2.515	11.49	54.89
2.516	11.49	54.89
2.517	11.48	54.89
2.518	11.48	54.89
2.519	11.47	54.89
2.520	11.46	54.89
2.521	11.46	54.89
2.522	11.46	54.89
2.523	11.45	54.89
2.524	11.44	54.89
2.525	11.44	54.89
2.525	11.43	54.89
2.525	11.43	54.89
2.526	11.42	54.89
2.527	11.41	54.89
2.528	11.41	54.89
2.528	11.41	54.89
2.529	11.41	54.89
2.530	11.40	54.89
2.530	11.40	54.89
2.531	11.40	54.89
2.531	11.40	54.89
2.532	11.39	54.89
2.534	11.39	54.89
2.535	11.38	54.89
2.537	11.38	54.89
2.538	11.38	54.89
2.539	11.37	54.89
2.541	11.37	54.89
2.543	11.36	54.89
2.545	11.35	54.89
2.547	11.34	54.89
2.548	11.32	54.89
2.550	11.32	54.89
2.552	11.31	54.89
2.554	11.29	54.89
2.556	11.29	54.89
2.558	11.28	54.89
2.559	11.27	54.89
2.560	11.27	54.89
2.560	11.27	54.89
2.560	11.27	54.89
2.561	11.27	54.89
2.561	11.26	54.89
2.562	11.25	54.89
2.564	11.24	54.89
2.567	11.23	54.89
2.571	11.22	54.89
2.573	11.20	54.89
2.574	11.20	54.89
2.574	11.20	54.89
2.574	11.19	54.89
2.575	11.19	54.89
2.575	11.18	54.89
2.576	11.18	54.89
2.578	11.17	54.89
2.579	11.17	54.89
2.582	11.16	54.89
2.585	11.15	54.89
2.590	11.12	54.89
2.599	11.09	54.89
2.610	11.04	54.89
2.615	11.02	54.89
2.617	11.01	54.89
2.617	11.01	54.89
2.618	11.00	54.89
2.619	10.99	54.89
2.620	10.98	54.89
2.623	10.97	54.89
2.626	10.95	54.89
2.627	10.94	54.89
2.628	10.93	54.89
2.629	10.93	54.89
2.631	10.92	54.89
2.632	10.91	54.89
2.633	10.91	54.89
2.635	10.90	54.89
2.636	10.89	54.89
2.638	10.86	54.89
2.640	10.84	54.89
2.642	10.82	54.89
2.644	10.80	54.89
2.644	10.80	54.89
2.645	10.80	54.89
2.646	10.79	54.89
2.648	10.79	54.89
2.651	10.78	54.89
2.654	10.74	54.89
2.657	10.73	54.88
2.659	10.73	54.89
2.663	10.72	54.88
2.666	10.70	54.88
2.669	10.70	54.88
2.671	10.70	54.88
2.674	10.70	54.88
2.676	10.70	54.88
2.678	10.69	54.88
2.681	10.69	54.88
2.683	10.68	54.88
2.685	10.68	54.88
2.687	10.68	54.88
2.689	10.68	54.88
2.690	10.68	54.88
2.691	10.67	54.88
2.691	10.67	54.88
2.691	10.67	54.88
2.691	10.67	54.88
2.692	10.67	54.88
2.694	10.67	54.88
2.695	10.67	54.88
2.697	10.66	54.88
2.698	10.65	54.88
2.700	10.62	54.88
2.703	10.59	54.88
2.705	10.57	54.88
2.709	10.55	54.88
2.712	10.52	54.88
2.715	10.50	54.88
2.717	10.50	54.88
2.718	10.49	54.88
2.719	10.49	54.88
2.722	10.48	54.88
2.726	10.48	54.87
2.727	10.48	54.87
2.728	10.47	54.88
2.730	10.47	54.87
2.730	10.47	54.87
2.731	10.47	54.87
2.732	10.46	54.87
2.732	10.46	54.87
2.734	10.46	54.87
2.736	10.46	54.87
2.738	10.43	54.87
2.739	10.43	54.87
2.739	10.43	54.87
2.741	10.42	54.87
2.744	10.40	54.87
2.746	10.39	54.87
2.749	10.38	54.87
2.752	10.37	54.87
2.754	10.38	54.87
2.757	10.38	54.87
2.759	10.37	54.87
2.760	10.36	54.87
2.761	10.36	54.87
2.763	10.36	54.87
2.765	10.35	54.87
2.770	10.31	54.87
2.772	10.30	54.87
2.773	10.30	54.87
2.777	10.29	54.87
2.781	10.28	54.87
2.785	10.28	54.87
2.788	10.26	54.87
2.791	10.25	54.87
2.795	10.25	54.87
2.798	10.24	54.87
2.798	10.23	54.87
2.799	10.24	54.87
2.801	10.24	54.87
2.805	10.24	54.87
2.808	10.23	54.87
2.810	10.22	54.87
2.813	10.22	54.86
2.819	10.20	54.86
2.822	10.19	54.86
2.826	10.18	54.86
2.830	10.14	54.86
2.833	10.13	54.86
2.837	10.12	54.86
2.840	10.12	54.86
2.843	10.11	54.86
2.848	10.08	54.86
2.853	10.04	54.86
2.857	10.03	54.86
2.859	10.02	54.86
2.860	10.02	54.86
2.863	10.01	54.86
2.866	10.00	54.86
2.868	10.00	54.86
2.871	9.99	54.86
2.873	9.96	54.86
2.874	9.96	54.86
2.873	9.96	54.86
2.874	9.97	54.86
2.875	9.97	54.86
2.878	9.95	54.86
2.882	9.94	54.86
2.887	9.94	54.86
2.891	9.92	54.86
2.893	9.92	54.86
2.895	9.91	54.86
2.897	9.89	54.86
2.898	9.90	54.86
2.899	9.89	54.86
2.899	9.88	54.86
2.900	9.87	54.86
2.902	9.86	54.86
2.903	9.85	54.85
2.903	9.85	54.85
2.904	9.85	54.85
2.908	9.85	54.85
2.911	9.82	54.85
2.913	9.81	54.85
2.915	9.81	54.85
2.917	9.80	54.85
2.920	9.81	54.85
2.926	9.82	54.85
2.931	9.80	54.85
2.932	9.77	54.85
2.932	9.77	54.85
2.933	9.77	54.85
2.934	9.78	54.85
2.935	9.77	54.85
2.938	9.76	54.85
2.940	9.75	54.85
2.942	9.73	54.85
2.945	9.71	54.85
2.946	9.71	54.85
2.947	9.70	54.85
2.950	9.70	54.85
2.952	9.68	54.85
2.955	9.68	54.85
2.959	9.68	54.85
2.963	9.64	54.85
2.967	9.63	54.85
2.971	9.62	54.85
2.973	9.62	54.85
2.974	9.62	54.85
2.976	9.62	54.85
2.976	9.62	54.85
2.977	9.61	54.85
2.977	9.61	54.85
2.978	9.61	54.85
2.979	9.59	54.85
2.980	9.60	54.85
2.981	9.61	54.85
2.982	9.60	54.85
2.983	9.60	54.85
2.985	9.59	54.85
2.986	9.57	54.85
2.988	9.58	54.85
2.990	9.57	54.85
2.991	9.58	54.85
2.992	9.57	54.85
2.994	9.57	54.85
2.996	9.56	54.85
2.998	9.57	54.85
3.000	9.57	54.85
3.001	9.56	54.85
3.002	9.56	54.85
3.004	9.54	54.85
3.006	9.53	54.85
3.009	9.53	54.85
3.011	9.50	54.85
3.013	9.50	54.85
3.015	9.49	54.85
3.018	9.49	54.85
3.020	9.50	54.85
3.024	9.48	54.85
3.028	9.46	54.85
3.031	9.44	54.85
3.035	9.42	54.85
3.037	9.42	54.85
3.041	9.42	54.85
3.043	9.40	54.85
3.045	9.40	54.85
3.046	9.39	54.85
3.048	9.40	54.85
3.051	9.39	54.85
3.055	9.38	54.85
3.057	9.37	54.85
3.058	9.37	54.85
3.061	9.36	54.85
3.062	9.35	54.85
3.061	9.34	54.85
3.061	9.35	54.85
3.061	9.34	54.85
3.061	9.34	54.85
3.060	9.34	54.84
3.060	9.34	54.85
3.062	9.34	54.84
3.065	9.32	54.84
3.069	9.30	54.84
3.074	9.30	54.84
3.079	9.29	54.84
3.086	9.27	54.84
3.090	9.25	54.84
3.091	9.25	54.84
3.094	9.24	54.84
3.095	9.23	54.84
3.098	9.22	54.84
3.101	9.21	54.84
3.103	9.21	54.84
3.105	9.21	54.84
3.106	9.20	54.84
3.108	9.21	54.84
3.109	9.18	54.84
3.111	9.18	54.84
3.113	9.18	54.84
3.115	9.18	54.84
3.118	9.17	54.84
3.120	9.16	54.84
3.123	9.15	54.84
3.125	9.16	54.84
3.127	9.17	54.84
3.128	9.16	54.84
3.129	9.16	54.84
3.131	9.17	54.84
3.134	9.14	54.84
3.137	9.13	54.84
3.140	9.07	54.84
3.143	9.07	54.84
3.147	9.06	54.84
3.150	9.05	54.84
3.153	9.06	54.84
3.156	9.05	54.84
3.159	9.03	54.84
3.163	9.02	54.84
3.167	8.99	54.84
3.171	8.99	54.84
3.175	8.98	54.84
3.176	8.98	54.84
3.178	8.98	54.84
3.180	8.97	54.84
3.180	8.97	54.84
3.181	8.96	54.84
3.182	8.96	54.84
3.184	8.96	54.84
3.187	8.94	54.84
3.188	8.93	54.84
3.190	8.92	54.84
3.193	8.92	54.84
3.196	8.91	54.84
3.199	8.89	54.84
3.201	8.89	54.84
3.203	8.89	54.84
3.205	8.88	54.84
3.208	8.87	54.84
3.211	8.85	54.84
3.216	8.84	54.84
3.220	8.83	54.84
3.222	8.82	54.84
3.222	8.81	54.84
3.222	8.82	54.84
3.222	8.83	54.84
3.224	8.82	54.84
3.225	8.80	54.84
3.227	8.80	54.84
3.229	8.81	54.84
3.234	8.81	54.84
3.241	8.77	54.84
3.246	8.75	54.84
3.249	8.75	54.84
3.253	8.75	54.84
3.256	8.73	54.84
3.260	8.71	54.84
3.264	8.69	54.84
3.267	8.68	54.84
3.271	8.67	54.84
3.276	8.66	54.84
3.279	8.67	54.84
3.281	8.66	54.84
3.282	8.66	54.84
3.282	8.66	54.84
3.283	8.66	54.84
3.284	8.65	54.84
3.285	8.65	54.84
3.288	8.65	54.84
3.290	8.63	54.84
3.293	8.63	54.84
3.295	8.62	54.84
3.298	8.62	54.84
3.301	8.62	54.84
3.303	8.61	54.84
3.306	8.59	54.84
3.307	8.60	54.84
3.308	8.61	54.84
3.310	8.60	54.84
3.312	8.61	54.83
3.314	8.61	54.83
3.316	8.61	54.83
3.318	8.60	54.84
3.320	8.60	54.83
3.322	8.60	54.83
3.323	8.61	54.83
3.326	8.62	54.83
3.329	8.61	54.83
3.332	8.61	54.83
3.337	8.57	54.83
3.342	8.54	54.83
3.345	8.50	54.83
3.349	8.48	54.83
3.354	8.47	54.83
3.358	8.47	54.83
3.360	8.45	54.83
3.361	8.44	54.83
3.363	8.43	54.83
3.366	8.45	54.83
3.371	8.43	54.83
3.373	8.42	54.83
3.377	8.41	54.83
3.381	8.40	54.83
3.384	8.40	54.83
3.387	8.39	54.83
3.392	8.38	54.83
3.397	8.36	54.83
3.402	8.35	54.83
3.405	8.35	54.83
3.408	8.35	54.83
3.410	8.33	54.83
3.411	8.31	54.83
3.412	8.30	54.83
3.415	8.29	54.83
3.417	8.28	54.83
3.418	8.27	54.83
3.421	8.27	54.83
3.426	8.27	54.83
3.430	8.27	54.83
3.432	8.27	54.83
3.435	8.26	54.83
3.438	8.26	54.83
3.443	8.23	54.83
3.448	8.22	54.83
3.451	8.21	54.83
3.452	8.21	54.83
3.455	8.19	54.83
3.458	8.18	54.83
3.459	8.16	54.83
3.458	8.16	54.83
3.458	8.15	54.82
3.458	8.15	54.83
3.458	8.16	54.83
3.459	8.17	54.82
3.459	8.17	54.82
3.462	8.17	54.82
3.464	8.15	54.82
3.465	8.14	54.82
3.466	8.14	54.82
3.466	8.15	54.82
3.471	8.14	54.82
3.477	8.13	54.82
3.478	8.12	54.82
3.481	8.15	54.82
3.483	8.13	54.82
3.487	8.11	54.82
3.490	8.11	54.82
3.492	8.11	54.82
3.493	8.11	54.82
3.493	8.11	54.82
3.494	8.10	54.82
3.496	8.08	54.82
3.499	8.07	54.82
3.502	8.05	54.82
3.506	8.03	54.82
3.509	8.02	54.82
3.511	8.03	54.82
3.513	8.03	54.82
3.516	8.02	54.82
3.522	8.00	54.82
3.526	7.99	54.82
3.531	7.99	54.82
3.536	7.99	54.82
3.541	8.00	54.82
3.547	7.95	54.82
3.553	7.95	54.82
3.561	7.94	54.82
3.566	7.91	54.82
3.569	7.90	54.82
3.574	7.91	54.82
3.583	7.89	54.82
3.590	7.85	54.82
3.594	7.85	54.82
3.599	7.84	54.82
3.605	7.82	54.82
3.606	7.81	54.82
3.606	7.81	54.82
3.606	7.81	54.82
3.606	7.81	54.82
3.605	7.81	54.82
3.605	7.80	54.81
3.605	7.80	54.81
3.606	7.81	54.81
3.608	7.80	54.81
3.611	7.79	54.81
3.613	7.79	54.81
3.616	7.78	54.81
3.618	7.78	54.81
3.619	7.77	54.81
3.621	7.76	54.81
3.626	7.74	54.81
3.630	7.73	54.81
3.638	7.73	54.81
3.643	7.72	54.81
3.647	7.71	54.81
3.651	7.71	54.81
3.654	7.70	54.81
3.656	7.69	54.81
3.658	7.68	54.81
3.660	7.67	54.81
3.663	7.68	54.81
3.666	7.69	54.81
3.668	7.67	54.81
3.671	7.66	54.81
3.675	7.64	54.81
3.676	7.63	54.81
3.678	7.63	54.81
3.679	7.63	54.81
3.681	7.63	54.81
3.684	7.61	54.81
3.686	7.60	54.81
3.688	7.60	54.81
3.691	7.59	54.81
3.694	7.60	54.81
3.695	7.59	54.81
3.695	7.59	54.81
3.697	7.59	54.81
3.698	7.58	54.81
3.699	7.57	54.81
3.701	7.58	54.81
3.705	7.57	54.81
3.708	7.56	54.81
3.711	7.56	54.81
3.714	7.56	54.81
3.716	7.54	54.81
3.721	7.55	54.81
3.727	7.52	54.81
3.731	7.54	54.81
3.734	7.55	54.81
3.739	7.49	54.81
3.742	7.47	54.81
3.744	7.47	54.81
3.745	7.47	54.81
3.746	7.47	54.81
3.746	7.47	54.81
3.748	7.47	54.81
3.751	7.48	54.80
3.754	7.48	54.80
3.757	7.46	54.80
3.762	7.47	54.80
3.770	7.46	54.80
3.777	7.40	54.80
3.780	7.39	54.80
3.784	7.41	54.80
3.789	7.41	54.80
3.795	7.40	54.80
3.800	7.37	54.80
3.806	7.38	54.80
3.815	7.35	54.80
3.819	7.36	54.80
3.822	7.34	54.80
3.824	7.34	54.80
3.826	7.33	54.80
3.831	7.31	54.80
3.839	7.28	54.80
3.844	7.25	54.80
3.849	7.25	54.80
3.854	7.25	54.80
3.859	7.25	54.80
3.864	7.22	54.80
3.870	7.20	54.80
3.876	7.18	54.80
3.880	7.19	54.80
3.886	7.19	54.80
3.892	7.16	54.80
3.898	7.14	54.80
3.902	7.13	54.80
3.904	7.13	54.80
3.907	7.13	54.80
3.908	7.13	54.80
3.911	7.12	54.80
3.913	7.12	54.80
3.916	7.13	54.80
3.919	7.12	54.80
3.923	7.13	54.80
3.927	7.14	54.80
3.931	7.13	54.80
3.934	7.11	54.80
3.942	7.09	54.80
3.951	7.05	54.80
3.958	7.03	54.80
3.963	7.03	54.80
3.968	7.03	54.80
3.974	7.03	54.79
3.980	7.02	54.79
3.984	6.99	54.79
3.985	6.98	54.79
3.986	6.98	54.79
3.989	6.97	54.79
3.993	6.96	54.79
3.997	6.95	54.79
4.003	6.93	54.79
4.012	6.95	54.79
4.021	6.94	54.79
4.026	6.92	54.79
4.030	6.92	54.79
4.031	6.92	54.79
4.032	6.93	54.79
4.032	6.93	54.79
4.034	6.93	54.79
4.037	6.91	54.79
4.039	6.90	54.79
4.040	6.89	54.79
4.042	6.86	54.79
4.043	6.85	54.79
4.044	6.85	54.79
4.044	6.84	54.79
4.044	6.84	54.79
4.044	6.83	54.79
4.044	6.83	54.79
4.044	6.82	54.79
4.044	6.82	54.79
4.044	6.79	54.79
4.044	6.79	54.79
4.044	6.79	54.79
4.044	6.78	54.79
4.044	6.80	54.79
4.044	6.79	54.79
4.044	6.80	54.79
4.044	6.78	54.79
4.044	6.75	54.79
4.044	6.75	54.79
4.044	6.73	54.79
4.044	6.74	54.79
4.044	6.74	54.78
4.044	6.72	54.78
4.044	6.71	54.79
4.044	6.69	54.78
4.044	6.68	54.78
4.044	6.67	54.78
4.044	6.67	54.78
4.044	6.65	54.78
4.044	6.64	54.78
4.044	6.64	54.78
4.044	6.63	54.78
4.044	6.62	54.78
4.044	6.61	54.78
4.044	6.60	54.78
4.044	6.60	54.78
4.044	6.58	54.78
4.044	6.58	54.78
4.044	6.58	54.78
4.044	6.57	54.78
4.044	6.56	54.78
4.044	6.55	54.78
4.044	6.55	54.78
4.044	6.54	54.78
4.044	6.55	54.78
4.044	6.55	54.78
4.044	6.53	54.78
4.044	6.52	54.78
4.044	6.52	54.78
4.044	6.50	54.78
4.044	6.49	54.78
4.044	6.49	54.78
4.044	6.49	54.78
4.044	6.47	54.78
4.044	6.47	54.78
4.044	6.46	54.78
4.044	6.44	54.78
4.044	6.43	54.78
4.044	6.39	54.78
4.044	6.39	54.78
4.044	6.37	54.78
4.044	6.36	54.78
4.044	6.36	54.78
4.044	6.36	54.78
4.044	6.36	54.78
4.044	6.36	54.78
4.044	6.36	54.78
4.044	6.37	54.78
4.044	6.37	54.78
4.044	6.36	54.78
4.044	6.37	54.78
4.044	6.29	54.78
4.044	6.27	54.78
4.044	6.28	54.78
4.044	6.28	54.78
4.044	6.28	54.78
4.044	6.27	54.78
4.044	6.28	54.78
4.044	6.28	54.78
4.044	6.28	54.78
4.044	6.27	54.78
4.044	6.27	54.78
4.044	6.27	54.78
4.044	6.28	54.78
4.044	6.27	54.78
4.044	6.28	54.78
4.044	6.28	54.78
4.044	6.28	54.78
4.044	6.27	54.78
4.044	6.28	54.78
4.044	6.28	54.78
4.044	6.28	54.78
4.044	6.28	54.78
4.044	6.28	54.78
4.044	6.28	54.78
4.044	6.28	54.78
4.044	6.28	54.78
4.044	6.28	54.78
4.044	6.28	54.78
4.044	6.28	54.78
4.044	6.28	54.78
4.044	6.28	54.78
4.044	6.28	54.78
4.044	6.28	54.78
4.044	6.28	54.78
4.044	6.28	54.78
4.044	6.28	54.78
4.044	6.28	54.78
4.044	6.28	54.77
4.044	6.28	54.78
4.044	6.28	54.78
4.044	6.28	54.78
4.044	6.28	54.78
4.044	6.28	54.77
4.044	6.28	54.77
4.044	6.28	54.77
4.044	6.28	54.77
4.044	6.28	54.77
4.044	6.28	54.77
4.044	6.28	54.77
4.044	6.27	54.77
4.044	6.28	54.77
4.044	6.28	54.77
4.044	6.28	54.77
4.044	6.28	54.77
4.044	6.28	54.77
4.044	6.27	54.77
4.044	6.27	54.77
4.044	6.28	54.77
4.044	6.27	54.77
4.044	6.28	54.77
4.044	6.27	54.77
4.044	6.27	54.77
4.044	6.28	54.77
4.044	6.27	54.77
4.044	6.28	54.77
4.044	6.28	54.77
4.044	6.27	54.77
4.044	6.28	54.77
4.044	6.28	54.77
4.044	6.28	54.77
4.044	6.28	54.77
4.044	6.28	54.77
4.044	6.27	54.77
4.044	6.27	54.77
4.044	6.27	54.77
4.044	6.28	54.77
4.044	6.28	54.77
4.044	6.28	54.77
4.044	6.27	54.77
4.044	6.28	54.77
4.044	6.28	54.76
4.044	6.28	54.76
4.044	6.28	54.76
4.044	6.28	54.76
4.044	6.28	54.76
4.044	6.27	54.76
4.044	6.28	54.76
4.044	6.27	54.76
4.044	6.28	54.76
4.044	6.28	54.76
4.044	6.28	54.76
4.044	6.27	54.76
4.044	6.28	54.76
4.044	6.29	54.76
4.044	6.28	54.76
4.044	6.28	54.76
4.044	6.28	54.76
4.044	6.28	54.76
4.044	6.28	54.76
4.044	6.28	54.76
4.044	6.28	54.76
4.044	6.29	54.76
4.044	6.30	54.76
4.044	6.31	54.76
4.044	6.30	54.76
4.044	6.29	54.76
4.044	6.30	54.76
4.044	6.31	54.76
4.044	6.31	54.76
4.044	6.30	54.76
4.044	6.30	54.76
4.044	6.30	54.76
4.044	6.30	54.76
4.044	6.30	54.75
4.044	6.30	54.75
4.044	6.30	54.76
4.044	6.30	54.75
4.044	6.31	54.75
4.044	6.31	54.75
4.044	6.31	54.75
4.044	6.30	54.75
4.044	6.30	54.75
4.044	6.29	54.75
4.044	6.28	54.75
4.044	6.29	54.75
4.044	6.31	54.75
4.044	6.31	54.75
4.044	6.29	54.75
4.044	6.29	54.75
4.044	6.28	54.75
4.044	6.28	54.75
4.044	6.28	54.75
4.044	6.29	54.75
4.044	6.28	54.75
4.044	6.28	54.75
4.044	6.28	54.75
4.044	6.28	54.75
4.044	6.28	54.75
4.044	6.28	54.75
4.044	6.29	54.75
4.044	6.29	54.75
4.044	6.29	54.75
4.044	6.29	54.75
4.044	6.29	54.75
4.044	6.29	54.75
4.044	6.29	54.75
4.044	6.29	54.75
4.044	6.29	54.75
4.044	6.29	54.75
4.044	6.29	54.75
4.044	6.29	54.75
4.044	6.29	54.75
4.044	6.29	54.75
4.044	6.29	54.75
4.044	6.29	54.75
4.044	6.29	54.75
4.044	6.29	54.75
4.043	6.29	54.75
4.043	6.28	54.75
4.043	6.29	54.75
4.043	6.29	54.75
4.043	6.29	54.75
4.043	6.29	54.75
4.043	6.29	54.75
4.043	6.29	54.75
4.043	6.29	54.75
4.043	6.29	54.75
4.043	6.29	54.75
4.043	6.29	54.75
4.043	6.29	54.75
4.043	6.29	54.75
4.043	6.29	54.75
4.043	6.29	54.75
4.043	6.29	54.75
4.043	6.29	54.75
4.043	6.29	54.75
4.043	6.29	54.75
4.043	6.29	54.75
4.043	6.30	54.75
4.043	6.29	54.75
4.043	6.29	54.74
4.043	6.30	54.74
4.043	6.30	54.74
4.043	6.33	54.74
4.043	6.34	54.74
4.043	6.30	54.74
4.043	6.28	54.74
4.043	6.28	54.74
4.043	6.28	54.74
4.043	6.28	54.74
4.043	6.28	54.74
4.043	6.29	54.74
4.043	6.29	54.74
4.043	6.28	54.74
4.043	6.29	54.74
4.043	6.28	54.74
4.043	6.29	54.74
4.043	6.28	54.74
4.043	6.28	54.74
4.043	6.28	54.74
4.043	6.28	54.74
4.043	6.28	54.74
4.043	6.28	54.74
4.043	6.28	54.74
4.043	6.28	54.74
4.043	6.29	54.74
4.043	6.28	54.74
4.043	6.29	54.74
4.043	6.28	54.74
4.043	6.28	54.74
4.043	6.28	54.74
4.043	6.28	54.74
4.043	6.28	54.74
4.043	6.28	54.74
4.043	6.31	54.74
4.043	6.29	54.74
4.043	6.28	54.74
4.043	6.28	54.74
4.043	6.28	54.74
4.043	6.28	54.74
4.043	6.28	54.74
4.043	6.28	54.74
4.043	6.28	54.74
4.043	6.28	54.74
4.043	6.27	54.74
4.043	6.28	54.73
4.043	6.28	54.73
4.043	6.28	54.73
4.043	6.28	54.73
4.043	6.28	54.73
4.043	6.28	54.73
4.043	6.29	54.73
4.043	6.28	54.73
4.043	6.29	54.73
4.043	6.28	54.73
4.043	6.28	54.73
4.043	6.28	54.73
4.043	6.28	54.73
4.043	6.28	54.73
4.043	6.28	54.73
4.043	6.27	54.73
4.043	6.28	54.73
4.043	6.28	54.73
4.043	6.28	54.73
4.043	6.28	54.73
4.043	6.28	54.73
4.043	6.28	54.73
4.043	6.28	54.73
4.043	6.28	54.73
4.043	6.28	54.73
4.043	6.28	54.73
4.043	6.28	54.73
4.043	6.28	54.73
4.043	6.28	54.73
4.043	6.27	54.73
4.043	6.28	54.73
4.043	6.27	54.73
4.043	6.28	54.73
4.043	6.28	54.73
4.043	6.28	54.73
4.043	6.28	54.73
4.043	6.38	54.73
4.043	6.37	54.73
4.043	6.37	54.73
4.043	6.37	54.73
4.043	6.36	54.73
4.043	6.35	54.73
4.043	6.36	54.73
4.043	6.36	54.73
4.043	6.35	54.73
4.043	6.35	54.73
4.043	6.35	54.73
4.043	6.35	54.72
4.043	6.36	54.72
4.043	6.38	54.72
4.043	6.41	54.72
4.043	6.42	54.72
4.043	6.41	54.72
4.043	6.42	54.72
4.043	6.45	54.72
4.043	6.46	54.72
4.043	6.49	54.72
4.043	6.51	54.72
4.043	6.50	54.72
4.043	6.51	54.72
4.043	6.53	54.72
4.043	6.55	54.72
4.043	6.54	54.72
4.043	6.55	54.72
4.043	6.56	54.72
4.043	6.56	54.72
4.043	6.58	54.72
4.043	6.59	54.72
4.043	6.58	54.72
4.043	6.57	54.72
4.043	6.57	54.72
4.043	6.58	54.72
4.043	6.60	54.72
4.043	6.61	54.72
4.043	6.63	54.72
4.043	6.63	54.72
4.043	6.65	54.72
4.043	6.68	54.72
4.043	6.71	54.72
4.043	6.71	54.72
4.043	6.74	54.72
4.043	6.73	54.72
4.043	6.73	54.72
4.043	6.75	54.72
4.043	6.75	54.72
4.043	6.79	54.72
4.043	6.78	54.72
4.043	6.79	54.72
4.043	6.80	54.72
4.038	6.79	54.72
4.034	6.82	54.72
4.025	6.84	54.72
4.014	6.85	54.72
4.009	6.88	54.72
4.007	6.89	54.72
4.002	6.93	54.72
3.995	6.94	54.72
3.986	6.93	54.72
3.973	6.94	54.72
3.959	6.96	54.72
3.947	6.96	54.72
3.938	7.02	54.72
3.931	7.02	54.72
3.923	7.02	54.72
3.918	7.02	54.72
3.917	7.02	54.72
3.912	7.04	54.72
3.910	7.06	54.72
3.909	7.06	54.72
3.910	7.05	54.72
3.911	7.05	54.72
3.912	7.05	54.72
3.913	7.05	54.72
3.913	7.04	54.72
3.914	7.04	54.72
3.914	7.05	54.72
3.913	7.10	54.72
3.906	7.14	54.72
3.904	7.12	54.72
3.904	7.11	54.72
3.905	7.06	54.72
3.905	7.02	54.72
3.905	7.11	54.72
3.906	7.11	54.72
3.906	7.11	54.72
3.903	7.14	54.72
3.897	7.12	54.72
3.894	7.11	54.72
3.892	7.12	54.72
3.890	7.12	54.72
3.888	7.12	54.72
3.881	7.14	54.72
3.870	7.16	54.72
3.857	7.22	54.72
3.850	7.22	54.72
3.844	7.22	54.72
3.840	7.22	54.72
3.836	7.22	54.72
3.832	7.25	54.72
3.826	7.27	54.72
3.819	7.27	54.72
3.814	7.27	54.72
3.809	7.30	54.72
3.801	7.32	54.72
3.794	7.33	54.72
3.785	7.39	54.72
3.777	7.38	54.72
3.771	7.38	54.72
3.768	7.39	54.72
3.768	7.38	54.72
3.765	7.39	54.72
3.761	7.41	54.72
3.758	7.42	54.72
3.757	7.43	54.72
3.755	7.43	54.72
3.752	7.42	54.72
3.748	7.42	54.72
3.743	7.43	54.72
3.736	7.47	54.72
3.726	7.48	54.72
3.719	7.48	54.72
3.716	7.48	54.71
3.714	7.48	54.71
3.709	7.51	54.71
3.703	7.57	54.71
3.701	7.56	54.71
3.699	7.55	54.71
3.692	7.55	54.71
3.687	7.56	54.71
3.682	7.56	54.71
3.680	7.55	54.71
3.679	7.56	54.71
3.676	7.58	54.71
3.673	7.56	54.71
3.673	7.55	54.71
3.674	7.54	54.71
3.673	7.58	54.71
3.667	7.62	54.71
3.659	7.61	54.71
3.654	7.64	54.71
3.647	7.67	54.71
3.642	7.66	54.71
3.639	7.70	54.71
3.633	7.70	54.71
3.625	7.72	54.71
3.621	7.74	54.71
3.617	7.73	54.71
3.613	7.72	54.71
3.610	7.73	54.71
3.607	7.73	54.71
3.604	7.74	54.71
3.601	7.75	54.71
3.593	7.78	54.71
3.589	7.78	54.71
3.589	7.78	54.71
3.584	7.81	54.71
3.575	7.84	54.71
3.570	7.82	54.71
3.567	7.83	54.71
3.563	7.86	54.71
3.559	7.86	54.71
3.554	7.86	54.71
3.548	7.87	54.71
3.544	7.88	54.71
3.539	7.90	54.71
3.533	7.93	54.71
3.524	7.94	54.71
3.518	7.94	54.71
3.512	7.98	54.71
3.506	7.99	54.71
3.501	7.98	54.71
3.500	7.98	54.71
3.497	7.99	54.71
3.492	7.99	54.71
3.491	7.99	54.71
3.491	8.00	54.71
3.485	8.03	54.71
3.481	8.02	54.71
3.477	8.04	54.71
3.472	8.07	54.71
3.471	8.07	54.71
3.470	8.08	54.71
3.466	8.11	54.70
3.460	8.11	54.71
3.458	8.13	54.70
3.455	8.16	54.70
3.448	8.15	54.70
3.444	8.14	54.70
3.444	8.14	54.70
3.444	8.14	54.70
3.442	8.15	54.70
3.440	8.15	54.70
3.440	8.15	54.70
3.439	8.18	54.70
3.434	8.20	54.70
3.426	8.22	54.70
3.421	8.21	54.70
3.420	8.21	54.70
3.415	8.25	54.70
3.410	8.26	54.70
3.407	8.27	54.70
3.403	8.27	54.70
3.403	8.27	54.70
3.401	8.27	54.70
3.400	8.27	54.70
3.400	8.27	54.70
3.398	8.28	54.70
3.394	8.29	54.70
3.392	8.27	54.70
3.391	8.28	54.70
3.388	8.31	54.70
3.383	8.34	54.70
3.377	8.35	54.70
3.371	8.36	54.70
3.365	8.38	54.70
3.362	8.38	54.70
3.360	8.39	54.70
3.359	8.39	54.70
3.356	8.38	54.70
3.353	8.38	54.70
3.352	8.39	54.70
3.348	8.42	54.70
3.342	8.43	54.70
3.336	8.44	54.70
3.327	8.46	54.70
3.323	8.46	54.70
3.321	8.46	54.70
3.321	8.46	54.70
3.321	8.46	54.70
3.322	8.46	54.69
3.322	8.46	54.69
3.320	8.50	54.69
3.310	8.59	54.69
3.302	8.61	54.69
3.299	8.61	54.69
3.297	8.60	54.69
3.296	8.61	54.69
3.295	8.61	54.69
3.296	8.62	54.69
3.296	8.61	54.69
3.296	8.61	54.69
3.296	8.63	54.69
3.291	8.61	54.69
3.287	8.61	54.69
3.284	8.59	54.69
3.280	8.60	54.69
3.274	8.65	54.69
3.270	8.63	54.69
3.266	8.64	54.69
3.262	8.64	54.69
3.259	8.66	54.69
3.259	8.65	54.69
3.260	8.65	54.69
3.260	8.64	54.69
3.261	8.64	54.69
3.261	8.64	54.69
3.261	8.65	54.69
3.262	8.64	54.69
3.262	8.65	54.69
3.263	8.64	54.69
3.263	8.64	54.69
3.263	8.64	54.69
3.263	8.64	54.69
3.263	8.64	54.69
3.264	8.64	54.69
3.264	8.65	54.69
3.264	8.64	54.69
3.264	8.64	54.69
3.264	8.64	54.69
3.265	8.64	54.69
3.265	8.64	54.69
3.265	8.64	54.69
3.265	8.63	54.69
3.265	8.64	54.69
3.265	8.63	54.69
3.265	8.64	54.69
3.265	8.63	54.69
3.265	8.63	54.69
3.265	8.63	54.69
3.265	8.64	54.69
3.265	8.64	54.69
3.265	8.63	54.69
3.263	8.68	54.69
3.255	8.68	54.69
3.251	8.67	54.69
3.245	8.69	54.69
3.237	8.72	54.69
3.228	8.76	54.69
3.219	8.77	54.69
3.215	8.77	54.69
3.214	8.79	54.69
3.212	8.79	54.69
3.212	8.79	54.69
3.211	8.80	54.69
3.209	8.81	54.69
3.207	8.80	54.69
3.205	8.80	54.69
3.203	8.81	54.69
3.201	8.81	54.69
3.199	8.82	54.68
3.196	8.83	54.69
3.194	8.84	54.68
3.192	8.84	54.68
3.190	8.84	54.68
3.188	8.85	54.68
3.186	8.85	54.68
3.184	8.87	54.68
3.183	8.88	54.68
3.181	8.88	54.68
3.179	8.88	54.68
3.177	8.89	54.68
3.176	8.89	54.68
3.176	8.89	54.68
3.175	8.89	54.68
3.175	8.91	54.68
3.174	8.91	54.68
3.175	8.90	54.68
3.174	8.92	54.68
3.173	8.93	54.68
3.170	8.92	54.68
3.167	8.91	54.68
3.167	8.91	54.68
3.166	8.91	54.68
3.166	8.91	54.68
3.165	8.92	54.68
3.158	8.97	54.68
3.153	8.97	54.68
3.150	8.99	54.68
3.147	8.98	54.68
3.144	9.01	54.68
3.139	9.02	54.68
3.136	9.03	54.68
3.134	9.05	54.68
3.130	9.10	54.68
3.126	9.09	54.68
3.120	9.09	54.68
3.115	9.12	54.68
3.112	9.13	54.68
3.110	9.14	54.68
3.108	9.16	54.68
3.107	9.16	54.68
3.105	9.17	54.68
3.103	9.17	54.68
3.099	9.17	54.68
3.094	9.18	54.67
3.090	9.19	54.67
3.085	9.22	54.67
3.081	9.23	54.67
3.076	9.22	54.67
3.069	9.27	54.67
3.064	9.25	54.67
3.063	9.25	54.67
3.061	9.27	54.67
3.058	9.28	54.67
3.053	9.29	54.67
3.050	9.30	54.67
3.047	9.30	54.67
3.046	9.30	54.67
3.045	9.30	54.67
3.043	9.34	54.67
3.037	9.37	54.67
3.033	9.37	54.67
3.032	9.37	54.67
3.029	9.39	54.67
3.025	9.40	54.67
3.020	9.43	54.67
3.014	9.41	54.67
3.013	9.41	54.67
3.011	9.42	54.67
3.008	9.44	54.67
3.004	9.47	54.67
3.001	9.46	54.67
3.000	9.47	54.67
2.999	9.49	54.67
2.998	9.49	54.67
2.995	9.49	54.67
2.992	9.49	54.67
2.992	9.49	54.67
2.991	9.50	54.67
2.992	9.50	54.67
2.991	9.51	54.67
2.989	9.52	54.67
2.989	9.52	54.67
2.988	9.52	54.67
2.986	9.53	54.67
2.983	9.56	54.67
2.980	9.58	54.67
2.978	9.56	54.67
2.977	9.56	54.67
2.976	9.57	54.67
2.974	9.59	54.67
2.971	9.58	54.67
2.970	9.58	54.67
2.968	9.58	54.67
2.965	9.62	54.67
2.963	9.62	54.67
2.963	9.61	54.66
2.963	9.61	54.67
2.962	9.61	54.66
2.960	9.60	54.66
2.960	9.61	54.66
2.959	9.61	54.66
2.956	9.64	54.66
2.950	9.64	54.66
2.946	9.63	54.66
2.942	9.65	54.66
2.937	9.69	54.66
2.933	9.68	54.66
2.930	9.69	54.66
2.925	9.71	54.66
2.919	9.77	54.66
2.912	9.79	54.66
2.907	9.79	54.66
2.904	9.81	54.66
2.902	9.82	54.66
2.899	9.81	54.66
2.894	9.81	54.66
2.892	9.81	54.66
2.891	9.81	54.66
2.887	9.84	54.66
2.880	9.87	54.66
2.875	9.89	54.66
2.870	9.90	54.66
2.866	9.92	54.66
2.863	9.92	54.66
2.860	9.92	54.66
2.858	9.93	54.66
2.857	9.93	54.66
2.852	9.98	54.66
2.848	9.97	54.66
2.845	10.00	54.66
2.842	10.01	54.66
2.839	10.01	54.66
2.836	10.02	54.66
2.835	10.02	54.66
2.833	10.03	54.66
2.828	10.05	54.66
2.825	10.05	54.66
2.824	10.05	54.66
2.823	10.08	54.66
2.822	10.09	54.66
2.820	10.11	54.66
2.818	10.12	54.66
2.815	10.12	54.66
2.813	10.13	54.66
2.811	10.13	54.66
2.809	10.14	54.66
2.806	10.17	54.66
2.801	10.19	54.66
2.798	10.19	54.66
2.795	10.20	54.66
2.793	10.22	54.66
2.790	10.22	54.66
2.787	10.23	54.66
2.783	10.23	54.66
2.782	10.23	54.66
2.781	10.23	54.66
2.780	10.23	54.66
2.777	10.24	54.66
2.774	10.25	54.66
2.772	10.24	54.66
2.769	10.25	54.66
2.767	10.27	54.66
2.764	10.29	54.66
2.759	10.28	54.66
2.756	10.29	54.66
2.754	10.29	54.66
2.748	10.31	54.66
2.745	10.34	54.66
2.744	10.35	54.66
2.741	10.36	54.66
2.739	10.37	54.66
2.735	10.38	54.66
2.730	10.38	54.66
2.729	10.38	54.66
2.728	10.40	54.66
2.725	10.40	54.66
2.720	10.42	54.66
2.715	10.47	54.66
2.710	10.48	54.66
2.710	10.47	54.66
2.710	10.47	54.65
2.711	10.47	54.65
2.711	10.47	54.65
2.711	10.47	54.65
2.710	10.48	54.65
2.709	10.48	54.65
2.707	10.49	54.65
2.705	10.49	54.65
2.704	10.48	54.65
2.704	10.48	54.65
2.701	10.50	54.65
2.695	10.52	54.65
2.691	10.55	54.65
2.688	10.56	54.65
2.686	10.59	54.65
2.683	10.61	54.65
2.679	10.65	54.65
2.675	10.67	54.65
2.672	10.68	54.65
2.667	10.68	54.65
2.662	10.68	54.65
2.655	10.70	54.65
2.647	10.70	54.65
2.642	10.70	54.65
2.638	10.73	54.65
2.636	10.73	54.65
2.633	10.73	54.65
2.633	10.74	54.65
2.630	10.78	54.65
2.625	10.79	54.65
2.621	10.81	54.65
2.617	10.87	54.65
2.615	10.90	54.65
2.616	10.90	54.65
2.616	10.90	54.65
2.616	10.90	54.65
2.617	10.90	54.65
2.617	10.90	54.65
2.617	10.90	54.65
2.617	10.90	54.65
2.615	10.91	54.65
2.610	10.93	54.65
2.607	10.95	54.65
2.607	10.95	54.65
2.607	10.95	54.65
2.607	10.96	54.65
2.603	10.97	54.64
2.596	11.01	54.65
2.590	11.03	54.64
2.587	11.04	54.65
2.586	11.06	54.64
2.583	11.08	54.64
2.581	11.08	54.64
2.577	11.10	54.64
2.574	11.11	54.64
2.571	11.12	54.64
2.567	11.14	54.64
2.564	11.15	54.64
2.560	11.17	54.64
2.558	11.18	54.64
2.558	11.19	54.64
2.557	11.20	54.64
2.554	11.21	54.64
2.551	11.22	54.64
2.548	11.23	54.64
2.545	11.26	54.64
2.541	11.27	54.64
2.537	11.29	54.64
2.533	11.31	54.64
2.530	11.32	54.64
2.530	11.33	54.64
2.529	11.34	54.64
2.529	11.35	54.64
2.530	11.35	54.64
2.530	11.35	54.64
2.530	11.35	54.64
2.529	11.36	54.64
2.528	11.36	54.64
2.528	11.36	54.64
2.527	11.36	54.64
2.526	11.37	54.64
2.526	11.38	54.64
2.525	11.38	54.64
2.522	11.39	54.64
2.519	11.40	54.64
2.518	11.40	54.64
2.516	11.41	54.64
2.513	11.42	54.64
2.512	11.42	54.64
2.512	11.43	54.64
2.511	11.44	54.64
2.509	11.45	54.64
2.507	11.46	54.64
2.506	11.47	54.64
2.503	11.48	54.64
2.502	11.49	54.64
2.500	11.50	54.64
2.497	11.50	54.64
2.496	11.51	54.64
2.493	11.52	54.64
2.486	11.55	54.64
2.480	11.57	54.64
2.477	11.58	54.64
2.476	11.59	54.63
2.474	11.59	54.64
2.472	11.60	54.63
2.470	11.61	54.63
2.468	11.63	54.63
2.466	11.64	54.63
2.465	11.65	54.63
2.464	11.65	54.63
2.462	11.66	54.63
2.460	11.68	54.63
2.459	11.70	54.63
2.458	11.70	54.63
2.455	11.72	54.63
2.453	11.73	54.63
2.449	11.74	54.63
2.447	11.75	54.63
2.444	11.77	54.63
2.440	11.78	54.63
2.436	11.81	54.63
2.435	11.82	54.63
2.433	11.83	54.63
2.431	11.84	54.63
2.428	11.85	54.63
2.425	11.86	54.63
2.422	11.87	54.63
2.420	11.89	54.63
2.417	11.90	54.63
2.413	11.91	54.63
2.408	11.94	54.63
2.404	11.97	54.63
2.401	11.98	54.63
2.396	12.00	54.63
2.392	12.01	54.63
2.389	12.03	54.63
2.386	12.04	54.63
2.383	12.05	54.63
2.381	12.06	54.63
2.380	12.06	54.63
2.378	12.08	54.63
2.375	12.10	54.63
2.372	12.12	54.63
2.369	12.14	54.63
2.366	12.15	54.63
2.365	12.15	54.63
2.365	12.16	54.63
2.364	12.17	54.63
2.363	12.18	54.63
2.362	12.19	54.63
2.358	12.20	54.63
2.357	12.21	54.63
2.355	12.22	54.63
2.352	12.25	54.63
2.349	12.26	54.63
2.348	12.27	54.63
2.346	12.28	54.63
2.345	12.28	54.63
2.343	12.29	54.63
2.342	12.30	54.63
2.340	12.31	54.63
2.339	12.31	54.63
2.337	12.33	54.63
2.333	12.35	54.63
2.329	12.37	54.63
2.328	12.37	54.63
2.328	12.38	54.63
2.326	12.39	54.63
2.324	12.40	54.63
2.323	12.40	54.63
2.323	12.41	54.63
2.321	12.42	54.63
2.319	12.43	54.63
2.319	12.43	54.63
2.318	12.43	54.63
2.318	12.44	54.63
2.318	12.44	54.63
2.316	12.45	54.63
2.315	12.45	54.63
2.315	12.45	54.63
2.315	12.45	54.63
2.315	12.45	54.63
2.315	12.45	54.63
2.315	12.45	54.63
2.313	12.46	54.63
2.311	12.47	54.63
2.310	12.48	54.63
2.309	12.48	54.63
2.307	12.50	54.62
2.306	12.51	54.63
2.304	12.52	54.63
2.303	12.52	54.63
2.301	12.52	54.63
2.301	12.52	54.63
2.299	12.54	54.62
2.297	12.55	54.62
2.294	12.56	54.62
2.292	12.57	54.62
2.291	12.57	54.62
2.290	12.57	54.62
2.289	12.59	54.62
2.288	12.61	54.62
2.288	12.61	54.62
2.287	12.61	54.62
2.287	12.62	54.62
2.286	12.62	54.62
2.285	12.63	54.62
2.285	12.63	54.62
2.284	12.64	54.62
2.282	12.65	54.62
2.281	12.65	54.62
2.281	12.65	54.62
2.280	12.66	54.62
2.278	12.66	54.62
2.277	12.68	54.62
2.275	12.68	54.62
2.275	12.68	54.62
2.275	12.69	54.62
2.273	12.70	54.62
2.271	12.70	54.62
2.270	12.72	54.62
2.269	12.73	54.62
2.266	12.74	54.62
2.263	12.76	54.62
2.261	12.77	54.62
2.261	12.77	54.62
2.261	12.77	54.62
2.261	12.77	54.62
2.259	12.78	54.62
2.256	12.80	54.62
2.254	12.81	54.62
2.251	12.82	54.62
2.248	12.84	54.62
2.247	12.86	54.62
2.246	12.86	54.62
2.247	12.86	54.62
2.247	12.86	54.62
2.247	12.86	54.62
2.246	12.86	54.62
2.243	12.87	54.62
2.243	12.87	54.61
2.241	12.88	54.62
2.239	12.89	54.62
2.238	12.89	54.62
2.238	12.89	54.62
2.238	12.90	54.61
2.236	12.91	54.61
2.234	12.92	54.61
2.233	12.93	54.61
2.232	12.94	54.61
2.231	12.94	54.61
2.230	12.94	54.61
2.229	12.95	54.61
2.228	12.96	54.61
2.227	12.96	54.61
2.226	12.97	54.61
2.226	12.97	54.61
2.226	12.97	54.61
2.226	12.97	54.61
2.222	13.00	54.61
2.218	13.01	54.61
2.217	13.02	54.61
2.217	13.03	54.61
2.216	13.04	54.61
2.215	13.04	54.61
2.215	13.04	54.61
2.215	13.04	54.61
2.213	13.06	54.61
2.211	13.07	54.61
2.209	13.07	54.61
2.208	13.08	54.61
2.206	13.09	54.61
2.204	13.11	54.61
2.202	13.12	54.61
2.200	13.13	54.61
2.199	13.13	54.61
2.198	13.14	54.61
2.198	13.14	54.61
2.197	13.15	54.61
2.196	13.16	54.61
2.196	13.16	54.61
2.196	13.16	54.61
2.195	13.16	54.61
2.194	13.18	54.61
2.192	13.19	54.61
2.192	13.19	54.61
2.190	13.20	54.61
2.189	13.22	54.61
2.188	13.22	54.61
2.187	13.22	54.61
2.186	13.23	54.61
2.184	13.25	54.61
2.182	13.25	54.61
2.182	13.25	54.61
2.181	13.26	54.61
2.178	13.28	54.61
2.178	13.28	54.61
2.178	13.28	54.61
2.176	13.30	54.61
2.174	13.32	54.61
2.172	13.33	54.61
2.170	13.34	54.61
2.168	13.34	54.61
2.167	13.34	54.61
2.167	13.35	54.61
2.166	13.36	54.61
2.165	13.37	54.61
2.164	13.37	54.61
2.162	13.38	54.60
2.160	13.39	54.61
2.160	13.39	54.61
2.158	13.41	54.60
2.156	13.43	54.60
2.154	13.43	54.60
2.154	13.43	54.60
2.152	13.44	54.60
2.149	13.45	54.60
2.149	13.46	54.60
2.149	13.47	54.60
2.147	13.48	54.60
2.146	13.49	54.60
2.146	13.49	54.60
2.145	13.50	54.60
2.144	13.50	54.60
2.143	13.51	54.60
2.141	13.52	54.60
2.139	13.53	54.60
2.136	13.55	54.60
2.133	13.56	54.60
2.132	13.57	54.60
2.131	13.58	54.60
2.130	13.58	54.60
2.129	13.59	54.60
2.127	13.60	54.60
2.126	13.62	54.60
2.125	13.62	54.60
2.124	13.63	54.60
2.122	13.64	54.60
2.122	13.65	54.60
2.122	13.65	54.60
2.121	13.66	54.60
2.119	13.67	54.60
2.118	13.67	54.60
2.117	13.67	54.60
2.117	13.68	54.60
2.116	13.69	54.60
2.114	13.71	54.60
2.114	13.72	54.60
2.114	13.72	54.60
2.113	13.72	54.60
2.112	13.72	54.60
2.110	13.73	54.60
2.109	13.75	54.60
2.108	13.75	54.60
2.108	13.75	54.60
2.108	13.75	54.60
2.107	13.75	54.60
2.106	13.76	54.60
2.106	13.77	54.60
2.104	13.78	54.60
2.103	13.78	54.60
2.102	13.78	54.60
2.101	13.80	54.60
2.100	13.81	54.60
2.099	13.81	54.60
2.099	13.82	54.60
2.097	13.82	54.60
2.096	13.83	54.60
2.095	13.83	54.60
2.095	13.84	54.60
2.094	13.85	54.60
2.092	13.85	54.60
2.091	13.85	54.60
2.091	13.85	54.60
2.090	13.87	54.60
2.087	13.89	54.60
2.086	13.90	54.60
2.085	13.90	54.60
2.084	13.90	54.60
2.083	13.91	54.60
2.081	13.92	54.60
2.079	13.94	54.60
2.078	13.95	54.60
2.076	13.96	54.60
2.074	13.97	54.60
2.073	13.97	54.60
2.073	13.98	54.60
2.071	13.99	54.60
2.068	14.02	54.60
2.067	14.03	54.60
2.065	14.04	54.60
2.063	14.05	54.60
2.061	14.07	54.60
2.060	14.08	54.60
2.059	14.09	54.60
2.058	14.10	54.60
2.056	14.12	54.60
2.055	14.13	54.60
2.053	14.13	54.60
2.050	14.15	54.60
2.048	14.17	54.59
2.047	14.18	54.59
2.046	14.18	54.59
2.044	14.19	54.59
2.042	14.20	54.59
2.040	14.23	54.59
2.038	14.24	54.59
2.038	14.24	54.59
2.038	14.24	54.59
2.038	14.24	54.59
2.035	14.28	54.59
2.031	14.29	54.59
2.030	14.30	54.59
2.030	14.30	54.59
2.029	14.30	54.59
2.029	14.30	54.59
2.028	14.30	54.59
2.028	14.32	54.59
2.026	14.34	54.59
2.025	14.34	54.59
2.023	14.36	54.59
2.020	14.38	54.59
2.019	14.38	54.59
2.018	14.39	54.59
2.017	14.40	54.59
2.016	14.40	54.59
2.014	14.42	54.59
2.013	14.43	54.59
2.009	14.45	54.59
2.006	14.47	54.59
2.005	14.48	54.59
2.002	14.50	54.59
1.999	14.52	54.59
1.997	14.54	54.59
1.996	14.54	54.59
1.995	14.55	54.59
1.995	14.56	54.59
1.994	14.56	54.59
1.993	14.57	54.59
1.992	14.58	54.59
1.991	14.58	54.59
1.991	14.59	54.59
1.990	14.60	54.59
1.989	14.62	54.59
1.987	14.62	54.59
1.986	14.62	54.59
1.985	14.64	54.59
1.984	14.65	54.59
1.983	14.66	54.59
1.981	14.67	54.59
1.980	14.68	54.59
1.980	14.68	54.59
1.980	14.68	54.59
1.979	14.69	54.59
1.978	14.69	54.59
1.978	14.70	54.59
1.978	14.70	54.59
1.977	14.70	54.59
1.976	14.70	54.58
1.975	14.71	54.59
1.974	14.72	54.59
1.974	14.73	54.58
1.973	14.74	54.59
1.973	14.74	54.58
1.972	14.75	54.58
1.972	14.75	54.58
1.971	14.75	54.59
1.970	14.76	54.58
1.969	14.77	54.58
1.969	14.77	54.58
1.968	14.77	54.58
1.968	14.78	54.58
1.966	14.79	54.58
1.965	14.80	54.58
1.964	14.81	54.58
1.963	14.81	54.58
1.963	14.81	54.58
1.962	14.82	54.58
1.961	14.83	54.58
1.960	14.83	54.58
1.959	14.83	54.58
1.959	14.84	54.58
1.958	14.85	54.58
1.957	14.86	54.58
1.956	14.87	54.58
1.956	14.87	54.58
1.954	14.88	54.58
1.953	14.89	54.58
1.952	14.90	54.58
1.952	14.91	54.58
1.949	14.93	54.58
1.948	14.93	54.58
1.948	14.93	54.58
1.948	14.94	54.58
1.947	14.95	54.58
1.947	14.95	54.58
1.946	14.95	54.58
1.945	14.96	54.58
1.944	14.97	54.58
1.943	14.98	54.58
1.942	14.98	54.58
1.941	15.00	54.58
1.938	15.00	54.58
1.936	15.02	54.58
1.936	15.02	54.58
1.936	15.02	54.58
1.935	15.03	54.58
1.935	15.04	54.58
1.934	15.04	54.58
1.933	15.05	54.58
1.932	15.06	54.58
1.932	15.06	54.58
1.931	15.08	54.58
1.930	15.09	54.58
1.929	15.09	54.58
1.928	15.09	54.58
1.928	15.10	54.58
1.928	15.10	54.58
1.927	15.10	54.58
1.927	15.10	54.58
1.927	15.11	54.58
1.926	15.12	54.58
1.924	15.13	54.58
1.923	15.13	54.58
1.922	15.14	54.57
1.922	15.14	54.57
1.922	15.14	54.57
1.922	15.14	54.58
1.922	15.14	54.57
1.922	15.15	54.57
1.921	15.15	54.57
1.918	15.17	54.57
1.916	15.19	54.57
1.915	15.21	54.57
1.913	15.22	54.57
1.912	15.22	54.57
1.912	15.22	54.57
1.912	15.23	54.57
1.911	15.23	54.57
1.911	15.23	54.57
1.911	15.23	54.57
1.910	15.23	54.57
1.910	15.23	54.57
1.911	15.23	54.57
1.911	15.23	54.57
1.911	15.23	54.57
1.911	15.23	54.57
1.911	15.23	54.57
1.911	15.23	54.57
1.911	15.23	54.57
1.911	15.23	54.57
1.911	15.23	54.57
1.911	15.24	54.57
1.909	15.26	54.57
1.907	15.27	54.57
1.906	15.27	54.57
1.906	15.28	54.57
1.905	15.29	54.57
1.904	15.30	54.57
1.902	15.30	54.57
1.901	15.31	54.57
1.901	15.32	54.57
1.901	15.32	54.57
1.899	15.34	54.57
1.896	15.36	54.57
1.895	15.36	54.57
1.894	15.38	54.57
1.892	15.40	54.57
1.891	15.40	54.57
1.891	15.40	54.57
1.890	15.41	54.57
1.889	15.42	54.57
1.888	15.42	54.57
1.886	15.44	54.57
1.885	15.45	54.57
1.884	15.46	54.57
1.883	15.48	54.57
1.881	15.49	54.57
1.880	15.50	54.57
1.879	15.50	54.57
1.877	15.51	54.57
1.875	15.53	54.57
1.872	15.55	54.57
1.870	15.57	54.57
1.869	15.58	54.57
1.869	15.59	54.57
1.869	15.59	54.57
1.868	15.59	54.57
1.867	15.61	54.57
1.866	15.61	54.57
1.866	15.61	54.57
1.866	15.61	54.57
1.865	15.61	54.57
1.865	15.62	54.57
1.864	15.63	54.57
1.864	15.63	54.57
1.863	15.63	54.57
1.863	15.64	54.57
1.862	15.65	54.57
1.861	15.65	54.57
1.860	15.67	54.57
1.859	15.67	54.57
1.858	15.69	54.57
1.856	15.69	54.57
1.856	15.70	54.57
1.856	15.71	54.57
1.856	15.71	54.57
1.856	15.71	54.57
1.855	15.72	54.57
1.854	15.73	54.57
1.854	15.73	54.57
1.853	15.73	54.57
1.852	15.75	54.57
1.851	15.75	54.57
1.850	15.76	54.57
1.850	15.76	54.57
1.849	15.78	54.57
1.847	15.79	54.57
1.847	15.80	54.57
1.847	15.80	54.57
1.845	15.81	54.57
1.844	15.82	54.57
1.843	15.82	54.57
1.844	15.82	54.57
1.843	15.83	54.57
1.840	15.84	54.57
1.839	15.84	54.57
1.840	15.84	54.57
1.839	15.85	54.57
1.838	15.87	54.57
1.838	15.88	54.57
1.837	15.88	54.57
1.836	15.89	54.57
1.835	15.90	54.57
1.834	15.90	54.57
1.833	15.90	54.57
1.832	15.92	54.57
1.831	15.92	54.57
1.829	15.94	54.57
1.828	15.95	54.57
1.828	15.96	54.57
1.828	15.96	54.57
1.827	15.96	54.57
1.826	15.98	54.57
1.824	16.00	54.57
1.822	16.01	54.57
1.821	16.02	54.57
1.820	16.02	54.57
1.819	16.03	54.57
1.819	16.03	54.57
1.819	16.04	54.57
1.818	16.05	54.57
1.817	16.06	54.57
1.816	16.06	54.57
1.816	16.06	54.57
1.816	16.07	54.57
1.815	16.07	54.57
1.814	16.08	54.56
1.814	16.08	54.57
1.813	16.10	54.57
1.812	16.10	54.56
1.811	16.10	54.57
1.811	16.12	54.56
1.810	16.12	54.56
1.809	16.13	54.56
1.808	16.14	54.56
1.807	16.15	54.56
1.806	16.16	54.56
1.805	16.17	54.56
1.803	16.19	54.56
1.802	16.20	54.56
1.801	16.20	54.56
1.801	16.21	54.56
1.801	16.21	54.56
1.801	16.21	54.56
1.800	16.22	54.56
1.799	16.22	54.56
1.799	16.23	54.56
1.798	16.23	54.56
1.797	16.25	54.56
1.795	16.27	54.56
1.795	16.27	54.56
1.794	16.27	54.56
1.792	16.29	54.56
1.790	16.30	54.56
1.790	16.31	54.56
1.789	16.32	54.56
1.787	16.34	54.56
1.786	16.34	54.56
1.787	16.34	54.56
1.787	16.34	54.56
1.786	16.35	54.56
1.783	16.37	54.56
1.780	16.39	54.56
1.778	16.42	54.56
1.778	16.42	54.56
1.778	16.42	54.56
1.778	16.42	54.56
1.779	16.42	54.56
1.778	16.43	54.56
1.776	16.44	54.56
1.774	16.46	54.56
1.774	16.46	54.56
1.773	16.47	54.56
1.772	16.48	54.56
1.771	16.49	54.56
1.771	16.50	54.56
1.770	16.50	54.56
1.769	16.51	54.56
1.768	16.52	54.56
1.766	16.53	54.56
1.766	16.54	54.56
1.765	16.54	54.56
1.764	16.56	54.56
1.763	16.56	54.56
1.762	16.58	54.56
1.761	16.59	54.56
1.759	16.62	54.56
1.757	16.63	54.56
1.755	16.64	54.56
1.753	16.66	54.56
1.752	16.67	54.56
1.750	16.69	54.56
1.748	16.72	54.56
1.747	16.73	54.56
1.746	16.74	54.56
1.745	16.75	54.56
1.744	16.75	54.55
1.744	16.75	54.56
1.743	16.77	54.55
1.742	16.78	54.55
1.741	16.79	54.55
1.740	16.79	54.56
1.739	16.81	54.56
1.739	16.81	54.56
1.738	16.82	54.55
1.738	16.83	54.55
1.738	16.83	54.55
1.737	16.83	54.55
1.736	16.84	54.55
1.736	16.85	54.55
1.735	16.86	54.55
1.735	16.86	54.55
1.733	16.87	54.55
1.732	16.88	54.55
1.731	16.88	54.55
1.731	16.89	54.55
1.731	16.89	54.55
1.731	16.90	54.55
1.729	16.91	54.55
1.729	16.91	54.55
1.728	16.92	54.55
1.726	16.94	54.55
1.724	16.95	54.55
1.722	16.97	54.55
1.722	16.98	54.55
1.721	16.99	54.55
1.719	17.01	54.55
1.719	17.02	54.55
1.718	17.02	54.55
1.718	17.02	54.55
1.718	17.04	54.55
1.716	17.05	54.55
1.715	17.06	54.55
1.715	17.07	54.55
1.714	17.09	54.55
1.713	17.09	54.55
1.711	17.11	54.55
1.710	17.11	54.55
1.709	17.13	54.55
1.708	17.14	54.55
1.706	17.14	54.55
1.706	17.15	54.55
1.705	17.16	54.55
1.704	17.18	54.55
1.703	17.20	54.55
1.703	17.20	54.55
1.703	17.20	54.55
1.703	17.20	54.55
1.702	17.20	54.55
1.702	17.21	54.55
1.701	17.22	54.55
1.701	17.23	54.55
1.701	17.23	54.55
1.700	17.23	54.55
1.700	17.24	54.55
1.699	17.24	54.55
1.699	17.24	54.55
1.699	17.24	54.55
1.698	17.24	54.55
1.698	17.25	54.55
1.697	17.26	54.55
1.696	17.27	54.55
1.694	17.28	54.55
1.693	17.29	54.55
1.692	17.30	54.55
1.691	17.32	54.55
1.690	17.33	54.55
1.689	17.34	54.55
1.688	17.34	54.55
1.688	17.35	54.55
1.688	17.35	54.55
1.688	17.35	54.55
1.688	17.35	54.55
1.687	17.36	54.55
1.686	17.37	54.55
1.685	17.38	54.55
1.684	17.39	54.55
1.683	17.40	54.55
1.682	17.41	54.55
1.681	17.42	54.55
1.680	17.43	54.55
1.680	17.44	54.55
1.679	17.45	54.55
1.679	17.46	54.55
1.678	17.47	54.55
1.677	17.48	54.55
1.676	17.49	54.55
1.675	17.49	54.55
1.673	17.50	54.55
1.672	17.53	54.55
1.671	17.54	54.55
1.670	17.55	54.55
1.669	17.56	54.55
1.668	17.58	54.55
1.668	17.58	54.55
1.667	17.58	54.55
1.666	17.59	54.54
1.665	17.60	54.54
1.664	17.61	54.55
1.663	17.63	54.54
1.662	17.64	54.54
1.661	17.65	54.54
1.660	17.67	54.54
1.658	17.68	54.54
1.657	17.69	54.54
1.656	17.70	54.54
1.655	17.71	54.54
1.655	17.71	54.54
1.655	17.72	54.54
1.654	17.73	54.54
1.654	17.73	54.54
1.653	17.74	54.54
1.653	17.75	54.54
1.652	17.75	54.54
1.652	17.76	54.54
1.651	17.77	54.54
1.651	17.77	54.54
1.650	17.78	54.54
1.650	17.78	54.54
1.650	17.78	54.54
1.649	17.79	54.54
1.649	17.79	54.54
1.649	17.79	54.54
1.649	17.80	54.54
1.648	17.80	54.54
1.647	17.81	54.54
1.647	17.81	54.54
1.647	17.81	54.54
1.646	17.82	54.54
1.645	17.83	54.54
1.645	17.83	54.54
1.644	17.84	54.54
1.644	17.85	54.54
1.644	17.85	54.54
1.643	17.86	54.54
1.642	17.87	54.54
1.641	17.88	54.54
1.640	17.89	54.54
1.639	17.90	54.54
1.639	17.91	54.54
1.638	17.91	54.54
1.638	17.92	54.54
1.637	17.92	54.54
1.636	17.93	54.54
1.636	17.93	54.54
1.636	17.94	54.54
1.635	17.95	54.54
1.635	17.96	54.54
1.634	17.97	54.54
1.633	17.98	54.54
1.633	17.98	54.54
1.633	17.98	54.54
1.632	17.98	54.54
1.632	17.99	54.54
1.631	18.00	54.54
1.631	18.00	54.54
1.630	18.00	54.54
1.630	18.01	54.54
1.629	18.02	54.54
1.629	18.03	54.54
1.628	18.04	54.54
1.627	18.05	54.54
1.627	18.05	54.54
1.626	18.06	54.54
1.626	18.07	54.54
1.625	18.07	54.54
1.625	18.08	54.54
1.625	18.08	54.54
1.624	18.09	54.54
1.624	18.10	54.54
1.623	18.10	54.54
1.623	18.11	54.54
1.622	18.11	54.54
1.622	18.12	54.54
1.621	18.12	54.54
1.621	18.13	54.54
1.620	18.13	54.54
1.620	18.14	54.54
1.619	18.15	54.54
1.618	18.15	54.54
1.618	18.16	54.54
1.617	18.17	54.54
1.617	18.17	54.54
1.616	18.18	54.54
1.616	18.18	54.54
1.615	18.19	54.53
1.615	18.20	54.53
1.614	18.21	54.53
1.613	18.21	54.53
1.613	18.21	54.53
1.612	18.22	54.53
1.612	18.23	54.53
1.611	18.23	54.53
1.610	18.24	54.53
1.610	18.25	54.53
1.609	18.25	54.53
1.608	18.26	54.53
1.607	18.27	54.53
1.607	18.28	54.53
1.606	18.29	54.53
1.605	18.30	54.53
1.604	18.30	54.53
1.603	18.31	54.53
1.602	18.32	54.53
1.602	18.33	54.53
1.601	18.34	54.52
1.600	18.35	54.53
1.600	18.36	54.52
1.599	18.37	54.52
1.599	18.38	54.52
1.598	18.38	54.52
1.597	18.39	54.52
1.597	18.40	54.52
1.596	18.40	54.52
1.595	18.41	54.52
1.594	18.42	54.52
1.594	18.43	54.52
1.593	18.43	54.52
1.592	18.44	54.52
1.592	18.45	54.52
1.591	18.47	54.52
1.590	18.48	54.52
1.589	18.49	54.52
1.588	18.50	54.52
1.588	18.51	54.52
1.587	18.52	54.52
1.586	18.53	54.52
1.586	18.54	54.52
1.585	18.55	54.52
1.584	18.56	54.52
1.583	18.57	54.52
1.583	18.58	54.52
1.582	18.60	54.52
1.581	18.61	54.52
1.579	18.62	54.52
1.578	18.63	54.52
1.577	18.64	54.52
1.576	18.65	54.52
1.575	18.65	54.52
1.575	18.66	54.52
1.574	18.66	54.52
1.573	18.67	54.52
1.573	18.67	54.52
1.572	18.68	54.52
1.571	18.69	54.52
1.571	18.69	54.52
1.570	18.70	54.52
1.569	18.71	54.52
1.568	18.72	54.52
1.567	18.73	54.52
1.567	18.74	54.52
1.566	18.74	54.52
1.565	18.75	54.52
1.565	18.76	54.52
1.564	18.77	54.52
1.564	18.78	54.52
1.563	18.79	54.52
1.562	18.80	54.52
1.562	18.82	54.52
1.561	18.83	54.52
1.560	18.83	54.52
1.559	18.83	54.52
1.558	18.84	54.52
1.558	18.85	54.52
1.557	18.86	54.51
1.556	18.89	54.51
1.555	18.92	54.51
1.554	18.98	54.51
1.554	18.99	54.51
1.553	18.98	54.51
1.552	18.99	54.51
1.552	18.99	54.51
1.551	19.01	54.51
1.550	19.03	54.51
1.549	19.04	54.51
1.548	19.04	54.51
1.546	19.04	54.51
1.545	19.05	54.51
1.544	19.05	54.51
1.542	19.06	54.51
1.541	19.12	54.51
1.540	19.18	54.51
1.540	19.19	54.51
1.538	19.18	54.51
1.538	19.21	54.51
1.537	19.22	54.51
1.536	19.23	54.51
1.535	19.22	54.51
1.534	19.24	54.51
1.532	19.27	54.51
1.531	19.28	54.51
1.530	19.32	54.51
1.528	19.34	54.51
1.527	19.37	54.51
1.525	19.38	54.51
1.523	19.40	54.51
1.522	19.42	54.51
1.521	19.43	54.51
1.520	19.43	54.51
1.519	19.43	54.51
1.518	19.42	54.51
1.517	19.43	54.51
1.517	19.45	54.51
1.516	19.43	54.51
1.515	19.46	54.51
1.514	19.48	54.51
1.513	19.48	54.51
1.512	19.50	54.51
1.511	19.50	54.51
1.510	19.53	54.51
1.509	19.53	54.51
1.508	19.53	54.51
1.507	19.57	54.51
1.506	19.60	54.51
1.505	19.63	54.51
1.504	19.63	54.51
1.504	19.64	54.51
1.503	19.65	54.51
1.502	19.67	54.51
1.501	19.68	54.51
1.500	19.69	54.51
1.499	19.69	54.51
1.498	19.73	54.51
1.498	19.74	54.51
1.497	19.73	54.51
1.496	19.74	54.51
1.495	19.74	54.51
1.494	19.78	54.51
1.493	19.79	54.51
1.493	19.79	54.51
1.492	19.80	54.51
1.490	19.83	54.51
1.489	19.84	54.51
1.488	19.84	54.51
1.487	19.82	54.51
1.486	19.84	54.51
1.485	19.84	54.51
1.485	19.87	54.51
1.484	19.88	54.51
1.483	19.85	54.51
1.482	19.85	54.51
1.481	19.89	54.51
1.480	19.89	54.51
1.479	19.92	54.51
1.479	19.94	54.51
1.477	19.95	54.51
1.477	19.95	54.51
1.476	19.95	54.51
1.475	19.95	54.51
1.474	19.98	54.51
1.473	20.00	54.51
1.472	20.01	54.51
1.471	20.07	54.51
1.470	20.07	54.51
1.469	20.07	54.51
1.468	20.07	54.51
1.467	20.07	54.51
1.466	20.08	54.51
1.465	20.14	54.51
1.464	20.14	54.51
1.463	20.14	54.51
1.462	20.14	54.51
1.462	20.20	54.51
1.461	20.21	54.51
1.460	20.21	54.51
1.459	20.21	54.51
1.458	20.21	54.51
1.457	20.21	54.50
1.456	20.21	54.51
1.455	20.26	54.51
1.454	20.28	54.51
1.453	20.28	54.51
1.453	20.28	54.50
1.453	20.31	54.51
1.452	20.30	54.50
1.451	20.31	54.50
1.451	20.31	54.50
1.450	20.33	54.50
1.449	20.31	54.50
1.448	20.33	54.50
1.447	20.35	54.50
1.447	20.36	54.50
1.445	20.42	54.50
1.444	20.42	54.50
1.443	20.42	54.50
1.442	20.48	54.50
1.441	20.49	54.50
1.440	20.49	54.50
1.440	20.49	54.50
1.439	20.55	54.50
1.438	20.54	54.50
1.437	20.55	54.50
1.436	20.55	54.50
1.435	20.60	54.50
1.434	20.61	54.50
1.432	20.61	54.50
1.432	20.67	54.50
1.431	20.68	54.50
1.430	20.68	54.50
1.429	20.68	54.50
1.428	20.68	54.50
1.427	20.68	54.50
1.426	20.71	54.50
1.425	20.73	54.50
1.424	20.74	54.50
1.423	20.74	54.50
1.422	20.74	54.50
1.421	20.75	54.50
1.421	20.76	54.50
1.420	20.80	54.50
1.419	20.80	54.50
1.419	20.80	54.50
1.418	20.84	54.50
1.417	20.87	54.50
1.416	20.87	54.50
1.415	20.87	54.50
1.414	20.89	54.50
1.413	20.93	54.50
1.412	20.93	54.50
1.411	20.93	54.50
1.411	20.98	54.50
1.410	20.99	54.50
1.409	20.99	54.50
1.408	21.00	54.50
1.407	21.01	54.50
1.406	21.05	54.50
1.405	21.05	54.50
1.405	21.05	54.50
1.404	21.05	54.50
1.403	21.11	54.50
1.402	21.11	54.50
1.401	21.11	54.50
1.400	21.13	54.50
1.398	21.17	54.50
1.397	21.17	54.49
1.396	21.17	54.50
1.395	21.18	54.49
1.395	21.23	54.49
1.394	21.21	54.49
1.393	21.22	54.49
1.393	21.23	54.49
1.392	21.23	54.49
1.392	21.24	54.49
1.391	21.24	54.49
1.391	21.24	54.49
1.390	21.23	54.49
1.389	21.24	54.49
1.388	21.29	54.49
1.387	21.30	54.49
1.386	21.29	54.49
1.384	21.35	54.49
1.383	21.35	54.49
1.382	21.38	54.49
1.381	21.41	54.49
1.381	21.41	54.49
1.380	21.42	54.49
1.379	21.42	54.49
1.378	21.45	54.49
1.378	21.47	54.49
1.377	21.47	54.49
1.376	21.50	54.49
1.376	21.54	54.49
1.375	21.54	54.49
1.374	21.54	54.49
1.373	21.54	54.49
1.372	21.60	54.49
1.371	21.60	54.49
1.370	21.60	54.49
1.369	21.60	54.49
1.369	21.60	54.49
1.368	21.61	54.49
1.368	21.67	54.49
1.367	21.67	54.49
1.367	21.67	54.49
1.366	21.67	54.49
1.366	21.67	54.49
1.365	21.67	54.49
1.364	21.67	54.49
1.364	21.72	54.49
1.363	21.73	54.49
1.363	21.73	54.49
1.363	21.73	54.49
1.362	21.73	54.49
1.362	21.73	54.49
1.362	21.73	54.49
1.361	21.73	54.49
1.361	21.73	54.49
1.361	21.74	54.49
1.361	21.77	54.49
1.360	21.77	54.49
1.360	21.77	54.49
1.360	21.80	54.49
1.360	21.80	54.49
1.360	21.80	54.49
1.359	21.80	54.49
1.359	21.80	54.48
1.359	21.80	54.48
1.358	21.81	54.48
1.358	21.82	54.49
1.358	21.83	54.48
1.358	21.86	54.48
1.357	21.86	54.48
1.357	21.86	54.48
1.356	21.86	54.48
1.356	21.86	54.48
1.355	21.87	54.48
1.354	21.92	54.48
1.353	21.93	54.48
1.353	21.93	54.48
1.352	21.93	54.48
1.351	21.94	54.48
1.351	21.97	54.48
1.350	21.98	54.48
1.350	22.00	54.48
1.350	22.00	54.48
1.349	22.00	54.48
1.348	22.00	54.48
1.348	22.00	54.48
1.347	22.04	54.48
1.347	22.03	54.48
1.346	22.06	54.48
1.345	22.06	54.48
1.344	22.11	54.48
1.344	22.13	54.48
1.343	22.13	54.48
1.342	22.13	54.48
1.342	22.13	54.48
1.341	22.13	54.48
1.341	22.13	54.48
1.341	22.13	54.48
1.340	22.14	54.48
1.339	22.17	54.48
1.339	22.18	54.48
1.338	22.19	54.48
1.338	22.19	54.48
1.338	22.19	54.48
1.337	22.18	54.48
1.337	22.19	54.48
1.337	22.19	54.48
1.337	22.19	54.48
1.336	22.19	54.48
1.336	22.19	54.48
1.336	22.16	54.48
1.335	22.21	54.48
1.335	22.26	54.48
1.335	22.26	54.48
1.335	22.26	54.48
1.334	22.26	54.48
1.334	22.26	54.48
1.333	22.28	54.48
1.333	22.32	54.48
1.332	22.32	54.48
1.331	22.32	54.48
1.331	22.32	54.48
1.330	22.32	54.48
1.329	22.34	54.48
1.329	22.38	54.48
1.328	22.38	54.48
1.327	22.41	54.48
1.326	22.40	54.48
1.326	22.39	54.48
1.325	22.44	54.48
1.325	22.44	54.48
1.324	22.44	54.48
1.324	22.44	54.48
1.323	22.45	54.48
1.322	22.49	54.48
1.322	22.50	54.48
1.321	22.50	54.48
1.321	22.50	54.48
1.320	22.52	54.48
1.319	22.53	54.48
1.318	22.56	54.48
1.318	22.57	54.48
1.317	22.56	54.48
1.316	22.56	54.48
1.315	22.56	54.48
1.314	22.62	54.48
1.313	22.57	54.48
1.313	22.61	54.48
1.313	22.62	54.48
1.313	22.62	54.48
1.313	22.62	54.48
1.313	22.62	54.48
1.313	22.62	54.48
1.313	22.62	54.48
1.312	22.62	54.48
1.312	22.62	54.48
1.311	22.68	54.48
1.310	22.68	54.48
1.310	22.68	54.48
1.309	22.68	54.48
1.309	22.68	54.48
1.308	22.74	54.48
1.307	22.74	54.48
1.306	22.75	54.48
1.305	22.80	54.48
1.304	22.80	54.48
1.303	22.84	54.48
1.302	22.86	54.48
1.301	22.86	54.48
1.300	22.86	54.48
1.300	22.86	54.48
1.299	22.91	54.48
1.298	22.91	54.48
1.298	22.91	54.48
1.297	22.91	54.48
1.297	22.92	54.48
1.296	22.93	54.48
1.296	22.97	54.48
1.296	22.97	54.48
1.295	22.98	54.48
1.295	22.98	54.47
1.294	22.99	54.47
1.294	23.02	54.47
1.294	23.03	54.47
1.294	23.03	54.47
1.293	23.03	54.47
1.293	23.03	54.47
1.293	23.03	54.47
1.293	23.05	54.47
1.293	23.06	54.47
1.293	23.07	54.47
1.292	23.07	54.47
1.292	23.05	54.47
1.292	23.09	54.47
1.291	23.09	54.47
1.291	23.09	54.47
1.291	23.10	54.47
1.290	23.09	54.47
1.290	23.10	54.47
1.290	23.12	54.47
1.290	23.10	54.47
1.289	23.14	54.47
1.289	23.14	54.47
1.289	23.14	54.47
1.289	23.14	54.47
1.288	23.14	54.47
1.288	23.14	54.47
1.287	23.14	54.47
1.287	23.14	54.47
1.286	23.14	54.47
1.286	23.14	54.47
1.285	23.14	54.47
1.285	23.17	54.47
1.284	23.20	54.47
1.284	23.20	54.47
1.284	23.20	54.47
1.283	23.20	54.47
1.282	23.20	54.47
1.282	23.24	54.47
1.281	23.26	54.47
1.280	23.26	54.47
1.280	23.26	54.47
1.279	23.27	54.47
1.279	23.29	54.46
1.278	23.35	54.47
1.278	23.35	54.47
1.277	23.35	54.47
1.277	23.35	54.46
1.276	23.35	54.46
1.276	23.38	54.46
1.275	23.43	54.46
1.274	23.44	54.46
1.273	23.44	54.46
1.273	23.44	54.46
1.272	23.46	54.46
1.271	23.44	54.46
1.270	23.47	54.46
1.270	23.53	54.46
1.270	23.46	54.46
1.269	23.54	54.46
1.269	23.54	54.46
1.268	23.54	54.46
1.268	23.54	54.46
1.268	23.59	54.46
1.267	23.54	54.46
1.267	23.56	54.46
1.266	23.63	54.46
1.266	23.62	54.46
1.265	23.59	54.46
1.265	23.58	54.46
1.265	23.58	54.46
1.264	23.54	54.46
1.263	23.54	54.46
1.263	23.54	54.46
1.262	23.51	54.46
1.261	23.54	54.46
1.260	23.54	54.46
1.260	23.54	54.46
1.259	23.63	54.46
1.258	23.64	54.46
1.257	23.64	54.46
1.256	23.65	54.46
1.256	23.64	54.46
1.255	23.64	54.46
1.254	23.65	54.46
1.254	23.66	54.46
1.253	23.72	54.46
1.253	23.73	54.46
1.252	23.73	54.46
1.251	23.73	54.46
1.250	23.73	54.46
1.249	23.73	54.46
1.249	23.73	54.46
1.248	23.73	54.46
1.248	23.73	54.46
1.248	23.73	54.46
1.247	23.73	54.46
1.247	23.73	54.46
1.246	23.73	54.45
1.246	23.73	54.45
1.246	23.73	54.45
1.245	23.73	54.45
1.245	23.73	54.45
1.244	23.73	54.45
1.244	23.73	54.45
1.244	23.73	54.45
1.244	23.73	54.45
1.244	23.73	54.45
1.244	23.73	54.45
1.243	23.73	54.45
1.243	23.73	54.45
1.242	23.73	54.45
1.242	23.73	54.45
1.242	23.73	54.45
1.242	23.73	54.45
1.241	23.73	54.45
1.241	23.73	54.45
1.241	23.73	54.45
1.240	23.73	54.45
1.240	23.73	54.45
1.239	23.73	54.45
1.239	23.73	54.45
1.239	23.73	54.45
1.239	23.73	54.45
1.238	23.73	54.45
1.238	23.73	54.45
1.238	23.73	54.45
1.238	23.73	54.45
1.237	23.73	54.45
1.237	23.73	54.45
1.237	23.73	54.45
1.237	23.73	54.45
1.237	23.73	54.45
1.236	23.73	54.45
1.236	23.73	54.45
1.236	23.73	54.45
1.236	23.73	54.45
1.236	23.73	54.45
1.236	23.73	54.45
1.236	23.73	54.45
1.236	23.73	54.45
1.236	23.73	54.45
1.236	23.73	54.45
1.236	23.73	54.45
1.236	23.73	54.45
1.236	23.73	54.45
1.236	23.73	54.45
1.236	23.73	54.45
1.236	23.73	54.45
1.236	23.73	54.45
1.236	23.73	54.45
1.236	23.73	54.45
1.236	23.73	54.45
1.236	23.73	54.45
1.236	23.73	54.45
1.236	23.73	54.45
1.236	23.73	54.45
1.236	23.73	54.45
1.236	23.73	54.45
1.236	23.73	54.45
1.236	23.73	54.45
1.236	23.73	54.45
1.236	23.73	54.45
1.236	23.73	54.45
1.236	23.73	54.45
1.236	23.73	54.45
1.236	23.73	54.45
1.236	23.73	54.45
1.236	23.73	54.45
1.236	23.73	54.45
1.236	23.73	54.45
1.236	23.73	54.45
1.236	23.73	54.45
1.236	23.73	54.45
1.236	23.73	54.45
1.236	23.73	54.45
1.236	23.73	54.45
1.236	23.73	54.45
1.236	23.73	54.45
1.236	23.73	54.45
1.236	23.73	54.45
1.236	23.73	54.45
1.236	23.73	54.45
1.236	23.73	54.45
1.236	23.73	54.45
1.236	23.73	54.45
1.236	23.73	54.45
1.236	23.73	54.45
1.236	23.73	54.45
1.236	23.73	54.45
1.236	23.73	54.45
1.236	23.73	54.45
1.236	23.73	54.45
1.236	23.73	54.45
1.236	23.73	54.45
1.236	23.73	54.45
1.236	23.73	54.45
1.236	23.73	54.45
1.236	23.73	54.45
1.236	23.73	54.45
1.236	23.73	54.45
1.236	23.73	54.45
1.236	23.73	54.45
