1,038	23,73	0,19
1,038	23,73	0,19
1,038	23,73	0,19
1,038	23,73	0,19
1,038	23,73	0,19
1,038	23,73	0,19
1,038	23,73	0,19
1,038	23,73	0,18
1,038	23,73	0,18
1,038	23,73	0,18
1,038	23,73	0,18
1,038	23,73	0,18
1,038	23,73	0,18
1,038	23,73	0,18
1,038	23,73	0,18
1,038	23,73	0,18
1,038	23,73	0,18
1,038	23,73	0,18
1,038	23,73	0,18
1,038	23,73	0,18
1,038	23,73	0,18
1,038	23,73	0,18
1,038	23,73	0,18
1,038	23,73	0,18
1,038	23,73	0,18
1,038	23,73	0,18
1,038	23,73	0,18
1,038	23,73	0,17
1,038	23,73	0,17
1,038	23,73	0,17
1,038	23,73	0,17
1,038	23,73	0,17
1,038	23,73	0,17
1,038	23,73	0,17
1,038	23,73	0,17
1,038	23,73	0,17
1,038	23,73	0,17
1,038	23,73	0,17
1,038	23,73	0,17
1,038	23,73	0,17
1,038	23,73	0,17
1,038	23,73	0,17
1,038	23,73	0,17
1,038	23,73	0,17
1,038	23,73	0,17
1,038	23,73	0,17
1,038	23,73	0,17
1,038	23,73	0,17
1,038	23,73	0,17
1,038	23,73	0,17
1,038	23,73	0,16
1,038	23,73	0,16
1,038	23,73	0,16
1,038	23,73	0,16
1,038	23,73	0,16
1,038	23,73	0,16
1,038	23,73	0,16
1,038	23,73	0,16
1,038	23,73	0,16
1,038	23,73	0,16
1,038	23,73	0,16
1,038	23,73	0,16
1,038	23,73	0,16
1,038	23,73	0,16
1,038	23,73	0,16
1,038	23,73	0,16
1,038	23,73	0,16
1,038	23,73	0,16
1,038	23,73	0,16
1,038	23,73	0,16
1,038	23,73	0,16
1,038	23,73	0,16
1,038	23,73	0,16
1,038	23,73	0,16
1,038	23,73	0,16
1,038	23,73	0,16
1,038	23,73	0,15
1,038	23,73	0,16
1,038	23,73	0,15
1,038	23,73	0,15
1,038	23,73	0,15
1,038	23,73	0,15
1,038	23,73	0,15
1,038	23,73	0,15
1,038	23,73	0,15
1,038	23,73	0,15
1,038	23,73	0,15
1,038	23,73	0,15
1,038	23,73	0,15
1,038	23,73	0,15
1,038	23,73	0,15
1,038	23,73	0,15
1,038	23,73	0,15
1,038	23,73	0,15
1,038	23,73	0,15
1,038	23,73	0,15
1,038	23,73	0,15
1,038	23,73	0,15
1,038	23,73	0,15
1,038	23,73	0,15
1,038	23,73	0,15
1,038	23,73	0,15
1,038	23,73	0,15
1,038	23,73	0,14
1,038	23,73	0,14
1,038	23,73	0,14
1,038	23,73	0,14
1,038	23,73	0,14
1,038	23,73	0,14
1,038	23,73	0,14
1,038	23,73	0,14
1,038	23,73	0,14
1,038	23,73	0,14
1,038	23,73	0,14
1,038	23,73	0,14
1,038	23,73	0,13
1,038	23,73	0,13
1,038	23,73	0,13
1,038	23,73	0,13
1,038	23,73	0,13
1,038	23,73	0,13
1,038	23,73	0,13
1,038	23,73	0,13
1,038	23,73	0,13
1,038	23,73	0,13
1,038	23,73	0,13
1,038	23,73	0,13
1,038	23,73	0,13
1,038	23,73	0,13
1,038	23,73	0,13
1,038	23,73	0,13
1,038	23,73	0,13
1,038	23,73	0,13
1,038	23,73	0,13
1,038	23,73	0,13
1,038	23,73	0,13
1,038	23,73	0,12
1,038	23,73	0,12
1,038	23,73	0,12
1,038	23,73	0,12
1,038	23,73	0,12
1,038	23,73	0,12
1,038	23,73	0,12
1,038	23,73	0,12
1,038	23,73	0,12
1,038	23,73	0,12
1,038	23,73	0,12
1,038	23,73	0,12
1,038	23,73	0,12
1,038	23,73	0,12
1,038	23,73	0,12
1,038	23,73	0,12
1,039	23,73	0,12
1,039	23,73	0,12
1,040	23,73	0,12
1,040	23,73	0,12
1,041	23,73	0,12
1,041	23,73	0,12
1,042	23,73	0,12
1,043	23,73	0,11
1,043	23,73	0,11
1,044	23,73	0,11
1,044	23,73	0,11
1,045	23,73	0,11
1,046	23,73	0,11
1,046	23,73	0,11
1,047	23,73	0,11
1,048	23,73	0,11
1,048	23,73	0,11
1,049	23,73	0,11
1,050	23,73	0,11
1,051	23,73	0,11
1,051	23,73	0,11
1,052	23,73	0,11
1,052	23,73	0,11
1,053	23,71	0,11
1,054	23,73	0,11
1,054	23,68	0,11
1,055	23,64	0,11
1,056	23,66	0,11
1,057	23,64	0,11
1,057	23,65	0,10
1,058	23,64	0,10
1,059	23,64	0,10
1,060	23,63	0,10
1,061	23,63	0,10
1,061	23,56	0,10
1,062	23,56	0,10
1,062	23,55	0,10
1,063	23,54	0,10
1,064	23,54	0,10
1,065	23,54	0,10
1,066	23,54	0,10
1,067	23,54	0,10
1,067	23,54	0,10
1,068	23,49	0,10
1,069	23,44	0,10
1,070	23,44	0,10
1,070	23,44	0,10
1,071	23,44	0,10
1,072	23,41	0,10
1,072	23,35	0,10
1,073	23,32	0,10
1,074	23,28	0,10
1,075	23,35	0,09
1,076	23,34	0,09
1,077	23,26	0,09
1,077	23,26	0,09
1,078	23,26	0,09
1,079	23,21	0,09
1,080	23,20	0,09
1,080	23,20	0,09
1,081	23,20	0,09
1,081	23,20	0,09
1,082	23,18	0,09
1,083	23,14	0,09
1,084	23,14	0,09
1,085	23,14	0,09
1,085	23,10	0,09
1,086	23,09	0,09
1,087	23,08	0,09
1,088	23,05	0,09
1,088	23,03	0,09
1,089	23,03	0,09
1,090	23,00	0,09
1,090	22,97	0,09
1,091	22,95	0,09
1,092	22,94	0,08
1,093	22,91	0,08
1,093	22,89	0,08
1,095	22,86	0,08
1,096	22,86	0,08
1,096	22,86	0,08
1,097	22,85	0,08
1,098	22,80	0,08
1,099	22,80	0,08
1,100	22,79	0,08
1,100	22,75	0,08
1,101	22,74	0,08
1,101	22,74	0,08
1,102	22,71	0,08
1,103	22,68	0,07
1,103	22,68	0,07
1,103	22,68	0,07
1,104	22,68	0,07
1,105	22,68	0,07
1,106	22,62	0,07
1,106	22,63	0,07
1,107	22,62	0,07
1,108	22,62	0,07
1,108	22,61	0,07
1,109	22,57	0,07
1,110	22,56	0,07
1,111	22,56	0,07
1,111	22,56	0,07
1,112	22,51	0,07
1,113	22,50	0,07
1,113	22,50	0,07
1,114	22,45	0,07
1,115	22,44	0,07
1,116	22,44	0,07
1,116	22,40	0,07
1,117	22,41	0,07
1,118	22,39	0,07
1,119	22,38	0,07
1,120	22,38	0,07
1,121	22,33	0,07
1,122	22,32	0,07
1,122	22,32	0,07
1,123	22,32	0,07
1,124	22,26	0,06
1,124	22,26	0,06
1,125	22,26	0,06
1,126	22,25	0,06
1,127	22,19	0,06
1,128	22,19	0,06
1,128	22,19	0,06
1,129	22,19	0,06
1,130	22,14	0,06
1,131	22,13	0,06
1,132	22,13	0,06
1,132	22,12	0,06
1,133	22,07	0,06
1,134	22,06	0,06
1,135	22,06	0,06
1,135	22,06	0,06
1,135	22,00	0,06
1,137	22,00	0,06
1,138	22,00	0,06
1,139	21,97	0,06
1,140	21,93	0,06
1,141	21,93	0,06
1,141	21,93	0,06
1,142	21,88	0,06
1,143	21,86	0,06
1,144	21,86	0,06
1,144	21,86	0,06
1,144	21,86	0,06
1,145	21,86	0,06
1,145	21,81	0,06
1,146	21,80	0,06
1,147	21,80	0,05
1,148	21,80	0,05
1,149	21,74	0,05
1,149	21,73	0,05
1,150	21,73	0,05
1,150	21,73	0,05
1,151	21,72	0,05
1,152	21,68	0,05
1,153	21,67	0,05
1,154	21,67	0,05
1,155	21,62	0,05
1,156	21,60	0,05
1,156	21,60	0,05
1,157	21,60	0,05
1,158	21,60	0,05
1,159	21,55	0,05
1,160	21,54	0,05
1,161	21,54	0,05
1,162	21,51	0,05
1,162	21,47	0,05
1,163	21,42	0,05
1,164	21,41	0,05
1,165	21,41	0,05
1,166	21,41	0,05
1,167	21,39	0,05
1,168	21,39	0,05
1,169	21,35	0,05
1,169	21,35	0,05
1,169	21,35	0,05
1,170	21,35	0,05
1,170	21,35	0,04
1,170	21,35	0,04
1,171	21,35	0,04
1,172	21,31	0,04
1,172	21,29	0,04
1,173	21,29	0,04
1,174	21,29	0,04
1,175	21,27	0,04
1,176	21,23	0,04
1,177	21,23	0,04
1,178	21,23	0,04
1,178	21,20	0,04
1,179	21,17	0,04
1,180	21,17	0,04
1,181	21,17	0,04
1,182	21,17	0,04
1,182	21,17	0,04
1,183	21,16	0,04
1,184	21,13	0,04
1,184	21,11	0,04
1,185	21,10	0,04
1,186	21,05	0,04
1,187	21,05	0,04
1,188	21,04	0,04
1,189	21,00	0,04
1,190	20,99	0,04
1,192	20,97	0,04
1,193	20,93	0,04
1,194	20,93	0,04
1,195	20,88	0,04
1,196	20,87	0,04
1,197	20,87	0,04
1,198	20,87	0,04
1,199	20,86	0,04
1,199	20,80	0,04
1,200	20,80	0,04
1,200	20,80	0,04
1,201	20,80	0,04
1,202	20,74	0,04
1,203	20,74	0,04
1,204	20,74	0,04
1,205	20,74	0,04
1,205	20,73	0,04
1,206	20,69	0,04
1,207	20,68	0,04
1,207	20,68	0,03
1,208	20,68	0,03
1,209	20,63	0,03
1,210	20,63	0,03
1,211	20,61	0,03
1,212	20,61	0,03
1,213	20,57	0,03
1,214	20,55	0,03
1,215	20,55	0,03
1,216	20,55	0,03
1,216	20,51	0,03
1,218	20,49	0,03
1,218	20,49	0,03
1,219	20,49	0,03
1,220	20,43	0,03
1,221	20,42	0,03
1,221	20,42	0,03
1,222	20,42	0,03
1,223	20,42	0,03
1,223	20,41	0,03
1,224	20,36	0,03
1,225	20,35	0,03
1,226	20,35	0,03
1,227	20,35	0,03
1,228	20,31	0,03
1,228	20,31	0,03
1,229	20,28	0,03
1,231	20,28	0,03
1,232	20,26	0,03
1,233	20,21	0,03
1,234	20,21	0,03
1,235	20,21	0,03
1,236	20,16	0,03
1,237	20,14	0,03
1,238	20,12	0,03
1,240	20,07	0,03
1,241	20,07	0,03
1,243	20,07	0,03
1,244	20,07	0,03
1,245	20,01	0,03
1,246	20,00	0,03
1,247	19,99	0,03
1,248	19,96	0,03
1,250	19,95	0,03
1,251	19,95	0,03
1,252	19,95	0,03
1,253	19,93	0,03
1,254	19,90	0,03
1,256	19,89	0,03
1,257	19,89	0,03
1,258	19,86	0,03
1,259	19,84	0,03
1,261	19,83	0,03
1,262	19,79	0,03
1,264	19,79	0,03
1,264	19,79	0,03
1,266	19,76	0,03
1,267	19,74	0,03
1,268	19,69	0,03
1,269	19,69	0,03
1,270	19,69	0,03
1,271	19,69	0,03
1,272	19,64	0,03
1,273	19,63	0,04
1,274	19,63	0,04
1,275	19,63	0,04
1,276	19,59	0,04
1,277	19,53	0,04
1,278	19,53	0,04
1,280	19,51	0,04
1,280	19,51	0,04
1,281	19,50	0,04
1,282	19,48	0,04
1,283	19,47	0,04
1,284	19,46	0,04
1,285	19,45	0,05
1,286	19,44	0,05
1,287	19,45	0,05
1,288	19,43	0,05
1,289	19,43	0,05
1,289	19,43	0,05
1,290	19,40	0,06
1,291	19,40	0,06
1,292	19,38	0,06
1,293	19,37	0,06
1,294	19,34	0,06
1,295	19,32	0,06
1,296	19,29	0,06
1,298	19,25	0,07
1,299	19,23	0,07
1,300	19,22	0,07
1,301	19,22	0,07
1,301	19,22	0,07
1,302	19,16	0,07
1,303	19,16	0,07
1,304	19,08	0,07
1,305	19,09	0,07
1,306	19,06	0,07
1,307	19,06	0,07
1,308	19,07	0,08
1,309	19,06	0,08
1,310	19,06	0,08
1,311	19,04	0,08
1,312	19,02	0,08
1,313	19,01	0,08
1,314	18,98	0,08
1,315	18,94	0,08
1,316	18,92	0,08
1,317	18,90	0,08
1,319	18,87	0,08
1,320	18,84	0,09
1,322	18,83	0,09
1,323	18,81	0,09
1,324	18,79	0,09
1,324	18,78	0,09
1,325	18,77	0,09
1,326	18,77	0,09
1,327	18,75	0,09
1,328	18,73	0,09
1,329	18,72	0,09
1,331	18,71	0,09
1,332	18,69	0,09
1,333	18,67	0,09
1,334	18,66	0,09
1,335	18,65	0,09
1,336	18,65	0,09
1,336	18,64	0,09
1,338	18,63	0,09
1,339	18,61	0,09
1,340	18,60	0,09
1,341	18,59	0,09
1,342	18,57	0,09
1,342	18,57	0,09
1,343	18,54	0,09
1,345	18,53	0,09
1,346	18,51	0,09
1,348	18,48	0,09
1,350	18,46	0,09
1,352	18,43	0,09
1,354	18,40	0,09
1,355	18,37	0,09
1,357	18,36	0,09
1,358	18,35	0,09
1,359	18,33	0,09
1,359	18,32	0,09
1,360	18,31	0,09
1,361	18,30	0,09
1,361	18,29	0,09
1,362	18,28	0,09
1,363	18,26	0,09
1,364	18,25	0,09
1,366	18,24	0,09
1,367	18,22	0,09
1,368	18,21	0,09
1,369	18,20	0,09
1,369	18,19	0,09
1,370	18,17	0,09
1,371	18,17	0,09
1,371	18,16	0,09
1,372	18,15	0,09
1,374	18,13	0,09
1,375	18,11	0,09
1,377	18,11	0,09
1,378	18,08	0,09
1,380	18,05	0,09
1,382	18,03	0,09
1,383	18,01	0,09
1,385	17,98	0,09
1,386	17,96	0,09
1,388	17,94	0,09
1,389	17,92	0,09
1,391	17,91	0,08
1,392	17,89	0,08
1,393	17,88	0,08
1,394	17,87	0,08
1,395	17,84	0,08
1,397	17,81	0,08
1,398	17,80	0,08
1,399	17,79	0,08
1,400	17,78	0,08
1,401	17,76	0,08
1,402	17,75	0,08
1,403	17,74	0,08
1,404	17,73	0,08
1,405	17,72	0,08
1,406	17,71	0,08
1,407	17,69	0,08
1,408	17,68	0,08
1,410	17,66	0,08
1,412	17,64	0,08
1,413	17,62	0,08
1,415	17,59	0,08
1,416	17,58	0,07
1,418	17,56	0,07
1,420	17,53	0,07
1,421	17,52	0,07
1,422	17,51	0,07
1,422	17,50	0,07
1,423	17,49	0,07
1,424	17,48	0,07
1,425	17,46	0,07
1,427	17,44	0,07
1,427	17,43	0,07
1,429	17,42	0,07
1,430	17,39	0,07
1,432	17,37	0,07
1,433	17,36	0,07
1,435	17,34	0,07
1,436	17,32	0,07
1,437	17,31	0,07
1,439	17,29	0,07
1,440	17,27	0,07
1,442	17,25	0,07
1,444	17,24	0,07
1,445	17,23	0,07
1,447	17,20	0,07
1,449	17,19	0,07
1,449	17,17	0,07
1,451	17,14	0,07
1,454	17,12	0,07
1,456	17,10	0,07
1,458	17,07	0,07
1,460	17,05	0,07
1,462	17,02	0,07
1,464	16,99	0,07
1,467	16,96	0,07
1,470	16,92	0,07
1,472	16,90	0,07
1,473	16,89	0,07
1,475	16,86	0,07
1,477	16,84	0,07
1,479	16,83	0,07
1,480	16,81	0,07
1,482	16,79	0,07
1,484	16,77	0,06
1,485	16,75	0,06
1,486	16,74	0,06
1,488	16,72	0,06
1,488	16,71	0,06
1,490	16,69	0,06
1,493	16,66	0,06
1,496	16,63	0,06
1,498	16,60	0,06
1,501	16,57	0,06
1,504	16,54	0,06
1,505	16,52	0,06
1,507	16,50	0,06
1,509	16,48	0,06
1,511	16,46	0,06
1,513	16,44	0,06
1,514	16,42	0,06
1,517	16,39	0,06
1,519	16,37	0,06
1,521	16,36	0,06
1,522	16,33	0,06
1,524	16,32	0,06
1,525	16,31	0,06
1,526	16,29	0,06
1,528	16,28	0,06
1,530	16,25	0,06
1,532	16,23	0,06
1,534	16,21	0,06
1,537	16,17	0,06
1,540	16,14	0,06
1,543	16,11	0,06
1,546	16,08	0,06
1,548	16,06	0,06
1,550	16,04	0,06
1,552	16,02	0,06
1,554	16,00	0,06
1,556	15,98	0,06
1,559	15,94	0,05
1,562	15,91	0,05
1,565	15,90	0,05
1,567	15,88	0,05
1,569	15,85	0,05
1,570	15,84	0,05
1,572	15,82	0,05
1,575	15,79	0,05
1,578	15,76	0,05
1,581	15,73	0,05
1,585	15,68	0,05
1,588	15,65	0,05
1,591	15,62	0,05
1,593	15,60	0,05
1,595	15,58	0,05
1,596	15,57	0,05
1,597	15,56	0,05
1,598	15,55	0,05
1,599	15,54	0,05
1,600	15,53	0,05
1,601	15,51	0,05
1,602	15,50	0,05
1,605	15,48	0,05
1,607	15,46	0,05
1,610	15,44	0,05
1,612	15,41	0,05
1,615	15,39	0,05
1,616	15,37	0,05
1,617	15,36	0,05
1,618	15,35	0,05
1,620	15,33	0,05
1,623	15,30	0,05
1,626	15,27	0,05
1,630	15,24	0,04
1,634	15,21	0,04
1,637	15,18	0,04
1,641	15,15	0,04
1,643	15,13	0,04
1,646	15,10	0,04
1,649	15,08	0,04
1,653	15,04	0,04
1,656	15,01	0,04
1,658	14,99	0,04
1,661	14,96	0,04
1,663	14,95	0,04
1,666	14,93	0,04
1,668	14,91	0,04
1,670	14,88	0,04
1,672	14,85	0,04
1,675	14,83	0,04
1,680	14,80	0,04
1,684	14,76	0,04
1,688	14,73	0,04
1,691	14,70	0,04
1,692	14,69	0,04
1,694	14,68	0,04
1,696	14,65	0,04
1,698	14,64	0,04
1,699	14,62	0,04
1,702	14,59	0,04
1,704	14,57	0,04
1,707	14,56	0,04
1,709	14,54	0,04
1,713	14,51	0,04
1,716	14,48	0,04
1,719	14,46	0,04
1,721	14,44	0,04
1,722	14,43	0,04
1,724	14,41	0,04
1,726	14,39	0,04
1,729	14,37	0,04
1,731	14,35	0,04
1,732	14,34	0,04
1,735	14,31	0,04
1,737	14,30	0,04
1,739	14,28	0,04
1,741	14,26	0,04
1,744	14,24	0,04
1,746	14,22	0,04
1,748	14,20	0,04
1,750	14,19	0,04
1,752	14,18	0,04
1,754	14,15	0,04
1,756	14,13	0,04
1,759	14,11	0,04
1,762	14,08	0,04
1,765	14,06	0,04
1,766	14,05	0,03
1,768	14,03	0,03
1,770	14,02	0,03
1,772	13,99	0,03
1,774	13,98	0,03
1,776	13,97	0,03
1,777	13,95	0,03
1,778	13,95	0,03
1,778	13,94	0,03
1,779	13,93	0,03
1,783	13,90	0,03
1,787	13,87	0,03
1,787	13,86	0,03
1,789	13,85	0,03
1,790	13,84	0,03
1,791	13,84	0,03
1,792	13,83	0,03
1,793	13,82	0,03
1,794	13,82	0,03
1,795	13,81	0,03
1,796	13,80	0,03
1,798	13,78	0,03
1,800	13,77	0,03
1,801	13,76	0,03
1,803	13,75	0,03
1,804	13,73	0,03
1,806	13,72	0,03
1,808	13,71	0,03
1,810	13,69	0,03
1,813	13,67	0,03
1,814	13,66	0,03
1,817	13,64	0,03
1,820	13,61	0,03
1,824	13,59	0,03
1,826	13,57	0,03
1,828	13,56	0,03
1,831	13,54	0,03
1,831	13,53	0,03
1,831	13,53	0,03
1,830	13,53	0,03
1,830	13,53	0,03
1,830	13,53	0,03
1,832	13,52	0,03
1,836	13,50	0,03
1,843	13,45	0,03
1,846	13,43	0,02
1,846	13,42	0,02
1,846	13,41	0,02
1,846	13,41	0,02
1,846	13,41	0,02
1,846	13,41	0,02
1,847	13,40	0,02
1,849	13,39	0,02
1,852	13,37	0,02
1,854	13,35	0,02
1,856	13,34	0,02
1,857	13,34	0,02
1,859	13,32	0,02
1,860	13,32	0,02
1,862	13,31	0,02
1,865	13,29	0,02
1,867	13,26	0,02
1,868	13,26	0,02
1,870	13,24	0,02
1,872	13,23	0,02
1,873	13,22	0,02
1,875	13,21	0,02
1,877	13,19	0,02
1,881	13,16	0,01
1,884	13,14	0,01
1,886	13,13	0,01
1,889	13,11	0,01
1,891	13,09	0,01
1,893	13,08	0,01
1,895	13,07	0,01
1,897	13,05	0,01
1,899	13,04	0,01
1,900	13,03	0,01
1,902	13,01	0,01
1,906	12,99	0,01
1,908	12,97	0,01
1,910	12,96	0,01
1,911	12,95	0,01
1,913	12,93	0,01
1,916	12,91	0,01
1,919	12,89	0,01
1,921	12,88	0,01
1,923	12,87	0,01
1,925	12,86	0,01
1,928	12,85	0,01
1,930	12,83	0,01
1,933	12,81	0,01
1,935	12,79	0,01
1,937	12,78	0,01
1,939	12,77	0,01
1,940	12,76	0,01
1,943	12,75	0,01
1,945	12,73	0,01
1,948	12,71	0,01
1,950	12,69	0,01
1,953	12,68	0,01
1,955	12,66	0,01
1,958	12,65	0,01
1,960	12,64	0,01
1,962	12,62	0,01
1,965	12,59	0,01
1,967	12,58	0,01
1,969	12,57	0,01
1,970	12,56	0,01
1,972	12,55	0,01
1,974	12,53	0,01
1,976	12,52	0,01
1,978	12,51	0,01
1,981	12,49	0,01
1,984	12,47	0,00
1,986	12,45	0,00
1,989	12,44	0,00
1,992	12,43	0,00
1,995	12,41	0,00
1,998	12,39	0,00
2,001	12,37	0,00
2,004	12,35	0,00
2,007	12,34	0,00
2,009	12,32	0,00
2,011	12,31	0,00
2,013	12,29	0,00
2,015	12,28	0,00
2,017	12,27	0,00
2,020	12,26	0,00
2,023	12,24	0,00
2,027	12,21	0,00
2,032	12,19	0,00
2,036	12,16	0,00
2,039	12,15	0,00
2,041	12,14	0,00
2,044	12,12	0,00
2,047	12,10	-0,00
2,050	12,07	-0,00
2,053	12,05	0,00
2,056	12,04	-0,00
2,060	12,02	-0,00
2,065	11,99	-0,00
2,069	11,98	-0,00
2,073	11,95	-0,00
2,078	11,92	-0,00
2,082	11,90	-0,00
2,084	11,88	-0,00
2,086	11,87	-0,00
2,087	11,86	-0,00
2,089	11,86	-0,00
2,091	11,85	-0,00
2,093	11,83	-0,00
2,095	11,82	-0,00
2,098	11,80	-0,00
2,101	11,79	-0,00
2,105	11,77	-0,00
2,109	11,75	-0,00
2,113	11,73	-0,00
2,118	11,70	-0,00
2,122	11,67	-0,00
2,125	11,64	-0,00
2,128	11,63	-0,00
2,132	11,60	-0,00
2,136	11,58	-0,00
2,140	11,57	-0,00
2,142	11,55	-0,00
2,145	11,53	-0,00
2,149	11,51	-0,00
2,153	11,50	-0,00
2,157	11,48	-0,00
2,160	11,46	-0,01
2,164	11,43	-0,01
2,168	11,41	-0,01
2,172	11,39	-0,01
2,176	11,38	-0,01
2,179	11,37	-0,01
2,182	11,35	-0,01
2,185	11,32	-0,01
2,189	11,29	-0,01
2,194	11,27	-0,01
2,198	11,25	-0,01
2,202	11,22	-0,01
2,207	11,20	-0,01
2,212	11,17	-0,01
2,216	11,16	-0,01
2,219	11,14	-0,01
2,221	11,12	-0,01
2,223	11,11	-0,01
2,225	11,10	-0,01
2,229	11,08	-0,01
2,233	11,05	-0,01
2,235	11,03	-0,01
2,238	11,02	-0,01
2,242	11,01	-0,01
2,244	10,98	-0,01
2,247	10,97	-0,01
2,250	10,95	-0,01
2,252	10,93	-0,01
2,254	10,92	-0,01
2,256	10,91	-0,01
2,259	10,88	-0,01
2,261	10,86	-0,01
2,263	10,83	-0,01
2,265	10,80	-0,01
2,267	10,79	-0,01
2,270	10,78	-0,01
2,273	10,76	-0,01
2,277	10,74	-0,01
2,280	10,72	-0,01
2,284	10,71	-0,01
2,287	10,70	-0,01
2,291	10,70	-0,01
2,295	10,70	-0,01
2,299	10,69	-0,01
2,303	10,69	-0,01
2,308	10,68	-0,01
2,312	10,67	-0,01
2,316	10,64	-0,01
2,320	10,60	-0,01
2,325	10,56	-0,01
2,331	10,51	-0,01
2,334	10,51	-0,01
2,337	10,50	-0,01
2,339	10,48	-0,01
2,341	10,48	-0,01
2,344	10,48	-0,01
2,346	10,48	-0,01
2,347	10,48	-0,01
2,348	10,46	-0,01
2,350	10,45	-0,01
2,352	10,43	-0,01
2,355	10,40	-0,01
2,356	10,39	-0,01
2,358	10,38	-0,01
2,360	10,38	-0,01
2,361	10,38	-0,01
2,363	10,38	-0,01
2,365	10,39	-0,01
2,367	10,38	-0,01
2,369	10,36	-0,01
2,371	10,35	-0,01
2,373	10,32	-0,01
2,376	10,31	-0,01
2,379	10,30	-0,01
2,383	10,29	-0,01
2,387	10,29	-0,01
2,390	10,27	-0,01
2,394	10,25	-0,01
2,396	10,25	-0,01
2,397	10,24	-0,01
2,399	10,24	-0,01
2,402	10,23	-0,01
2,404	10,23	-0,01
2,407	10,23	-0,01
2,410	10,23	-0,01
2,413	10,22	-0,02
2,418	10,21	-0,02
2,424	10,20	-0,01
2,430	10,16	-0,01
2,435	10,13	-0,01
2,440	10,13	-0,02
2,443	10,09	-0,02
2,447	10,07	-0,02
2,450	10,06	-0,02
2,453	10,04	-0,02
2,457	10,04	-0,02
2,460	10,02	-0,02
2,464	10,00	-0,02
2,468	9,99	-0,02
2,471	9,97	-0,02
2,473	9,97	-0,02
2,476	9,96	-0,02
2,480	9,96	-0,02
2,484	9,92	-0,02
2,486	9,92	-0,02
2,489	9,92	-0,02
2,492	9,88	-0,02
2,497	9,89	-0,02
2,502	9,86	-0,02
2,505	9,82	-0,02
2,510	9,81	-0,02
2,514	9,82	-0,02
2,518	9,82	-0,02
2,523	9,78	-0,02
2,527	9,78	-0,02
2,531	9,76	-0,02
2,537	9,72	-0,02
2,543	9,70	-0,02
2,547	9,68	-0,02
2,551	9,65	-0,02
2,556	9,63	-0,02
2,562	9,63	-0,02
2,568	9,62	-0,02
2,572	9,59	-0,02
2,576	9,60	-0,02
2,578	9,59	-0,02
2,580	9,58	-0,02
2,584	9,59	-0,02
2,587	9,57	-0,02
2,590	9,54	-0,02
2,597	9,53	-0,02
2,603	9,51	-0,02
2,608	9,47	-0,02
2,610	9,44	-0,02
2,613	9,44	-0,02
2,618	9,43	-0,02
2,621	9,42	-0,02
2,626	9,41	-0,02
2,630	9,40	-0,02
2,635	9,38	-0,02
2,639	9,36	-0,02
2,643	9,34	-0,02
2,647	9,33	-0,02
2,652	9,31	-0,02
2,656	9,29	-0,02
2,659	9,28	-0,02
2,662	9,28	-0,02
2,666	9,25	-0,02
2,673	9,22	-0,02
2,679	9,21	-0,02
2,685	9,19	-0,02
2,690	9,18	-0,02
2,693	9,17	-0,02
2,698	9,17	-0,02
2,704	9,15	-0,02
2,709	9,11	-0,02
2,713	9,07	-0,02
2,714	9,07	-0,02
2,717	9,08	-0,02
2,722	9,09	-0,02
2,728	9,06	-0,02
2,734	9,00	-0,02
2,740	9,00	-0,02
2,746	8,97	-0,02
2,753	8,94	-0,02
2,759	8,92	-0,02
2,764	8,91	-0,02
2,770	8,89	-0,02
2,778	8,86	-0,02
2,787	8,85	-0,02
2,798	8,83	-0,02
2,806	8,77	-0,02
2,813	8,77	-0,02
2,818	8,72	-0,02
2,821	8,69	-0,02
2,827	8,68	-0,02
2,835	8,68	-0,02
2,840	8,68	-0,02
2,847	8,65	-0,02
2,854	8,63	-0,02
2,859	8,61	-0,02
2,864	8,61	-0,02
2,868	8,63	-0,02
2,872	8,63	-0,02
2,877	8,63	-0,02
2,883	8,63	-0,02
2,889	8,57	-0,02
2,896	8,50	-0,02
2,900	8,49	-0,02
2,903	8,48	-0,02
2,907	8,46	-0,02
2,912	8,45	-0,02
2,914	8,43	-0,02
2,915	8,43	-0,02
2,918	8,42	-0,02
2,923	8,41	-0,02
2,925	8,41	-0,02
2,930	8,39	-0,02
2,935	8,38	-0,02
2,938	8,36	-0,02
2,939	8,34	-0,02
2,942	8,35	-0,02
2,952	8,32	-0,02
2,956	8,28	-0,02
2,960	8,27	-0,02
2,968	8,27	-0,02
2,981	8,25	-0,02
2,996	8,21	-0,02
3,006	8,17	-0,02
3,013	8,15	-0,02
3,021	8,16	-0,02
3,029	8,14	-0,02
3,037	8,11	-0,02
3,050	8,06	-0,02
3,060	8,03	-0,02
3,067	8,01	-0,02
3,074	8,01	-0,02
3,081	7,97	-0,02
3,088	7,97	-0,02
3,094	7,94	-0,02
3,102	7,94	-0,02
3,111	7,90	-0,02
3,120	7,87	-0,02
3,129	7,85	-0,02
3,138	7,82	-0,02
3,148	7,79	-0,02
3,155	7,75	-0,02
3,164	7,74	-0,02
3,173	7,74	-0,02
3,181	7,70	-0,02
3,190	7,70	-0,02
3,198	7,68	-0,02
3,204	7,63	-0,02
3,210	7,62	-0,02
3,214	7,60	-0,02
3,222	7,61	-0,02
3,234	7,59	-0,02
3,246	7,57	-0,02
3,257	7,51	-0,02
3,268	7,50	-0,02
3,278	7,49	-0,02
3,292	7,44	-0,02
3,306	7,46	-0,02
3,315	7,40	-0,02
3,318	7,37	-0,02
3,320	7,36	-0,02
3,331	7,38	-0,02
3,343	7,32	-0,02
3,350	7,27	-0,02
3,359	7,27	-0,02
3,369	7,22	-0,02
3,377	7,21	-0,02
3,388	7,20	-0,02
3,398	7,16	-0,02
3,403	7,16	-0,02
3,408	7,14	-0,02
3,412	7,15	-0,02
3,415	7,15	-0,02
3,423	7,17	-0,02
3,431	7,13	-0,02
3,442	7,09	-0,02
3,453	7,04	-0,02
3,463	7,07	-0,02
3,476	7,04	-0,02
3,490	6,97	-0,02
3,501	6,95	-0,02
3,511	6,95	-0,02
3,521	7,00	-0,02
3,531	6,91	-0,02
3,536	6,85	-0,02
3,539	6,86	-0,02
3,545	6,84	-0,02
3,552	6,83	-0,02
3,559	6,80	-0,02
3,570	6,79	-0,02
3,583	6,82	-0,02
3,595	6,76	-0,02
3,606	6,77	-0,02
3,611	6,74	-0,02
3,616	6,73	-0,02
3,625	6,70	-0,02
3,632	6,67	-0,02
3,639	6,65	-0,02
3,648	6,64	-0,02
3,660	6,62	-0,02
3,670	6,61	-0,02
3,680	6,59	-0,02
3,693	6,59	-0,02
3,709	6,58	-0,02
3,724	6,55	-0,02
3,736	6,52	-0,02
3,747	6,52	-0,02
3,760	6,50	-0,02
3,773	6,47	-0,02
3,785	6,45	-0,02
3,793	6,39	-0,02
3,803	6,40	-0,02
3,819	6,39	-0,02
3,832	6,39	-0,02
3,845	6,38	-0,02
3,855	6,39	-0,02
3,863	6,39	-0,02
3,868	6,38	-0,03
3,871	6,33	-0,02
3,875	6,28	-0,02
3,880	6,27	-0,02
3,887	6,27	-0,03
3,896	6,28	-0,02
3,909	6,28	-0,02
3,924	6,28	-0,02
3,932	6,28	-0,03
3,942	6,28	-0,02
3,956	6,28	-0,02
3,971	6,29	-0,03
3,991	6,28	-0,03
4,008	6,28	-0,03
4,024	6,28	-0,03
4,038	6,28	-0,02
4,043	6,28	-0,03
4,043	6,29	-0,03
4,043	6,29	-0,03
4,043	6,28	-0,03
4,043	6,29	-0,03
4,043	6,29	-0,03
4,043	6,28	-0,03
4,043	6,29	-0,03
4,043	6,30	-0,03
4,043	6,29	-0,02
4,043	6,29	-0,03
4,043	6,28	-0,03
4,043	6,27	-0,03
4,043	6,28	-0,02
4,043	6,28	-0,03
4,043	6,28	-0,03
4,043	6,28	-0,03
4,043	6,30	-0,03
4,043	6,30	-0,03
4,043	6,30	-0,03
4,043	6,34	-0,03
4,043	6,35	-0,03
4,043	6,35	-0,03
4,043	6,32	-0,03
4,043	6,30	-0,03
4,043	6,35	-0,03
4,043	6,32	-0,03
4,043	6,30	-0,03
4,043	6,30	-0,03
4,043	6,29	-0,03
4,043	6,29	-0,03
4,043	6,29	-0,03
4,043	6,29	-0,03
4,043	6,29	-0,03
4,043	6,30	-0,03
4,043	6,30	-0,03
4,043	6,31	-0,03
4,043	6,31	-0,03
4,043	6,30	-0,03
4,043	6,30	-0,03
4,043	6,30	-0,03
4,043	6,30	-0,03
4,043	6,31	-0,03
4,043	6,32	-0,03
4,043	6,33	-0,03
4,043	6,34	-0,03
4,043	6,32	-0,03
4,043	6,32	-0,03
4,043	6,32	-0,03
4,043	6,32	-0,03
4,043	6,32	-0,03
4,043	6,32	-0,03
4,043	6,31	-0,03
4,043	6,31	-0,03
4,043	6,30	-0,03
4,043	6,30	-0,03
4,043	6,30	-0,03
4,043	6,30	-0,03
4,043	6,30	-0,03
4,043	6,30	-0,03
4,043	6,30	-0,03
4,043	6,30	-0,03
4,043	6,30	-0,03
4,043	6,30	-0,03
4,043	6,30	-0,03
4,043	6,30	-0,03
4,043	6,30	-0,03
4,043	6,30	-0,03
4,043	6,30	-0,03
4,043	6,30	-0,03
4,043	6,30	-0,03
4,043	6,31	-0,03
4,043	6,31	-0,03
4,043	6,30	-0,03
4,043	6,30	-0,03
4,043	6,30	-0,03
4,043	6,31	-0,03
4,043	6,32	-0,03
4,043	6,46	-0,03
4,043	6,42	-0,03
4,043	6,32	-0,03
4,043	6,32	-0,03
4,043	6,31	-0,03
4,043	6,29	-0,03
4,043	6,29	-0,04
4,043	6,32	-0,04
4,043	6,31	-0,04
4,043	6,28	-0,04
4,043	6,28	-0,04
4,043	6,29	-0,04
4,043	6,29	-0,04
4,043	6,28	-0,04
4,043	6,28	-0,04
4,043	6,28	-0,04
4,043	6,28	-0,04
4,043	6,30	-0,04
4,043	6,30	-0,04
4,043	6,29	-0,04
4,043	6,28	-0,04
4,043	6,29	-0,04
4,033	6,28	-0,05
4,018	6,29	-0,04
3,998	6,29	-0,05
3,984	6,28	-0,05
3,970	6,28	-0,05
3,954	6,28	-0,05
3,943	6,28	-0,05
3,932	6,29	-0,05
3,922	6,29	-0,05
3,910	6,28	-0,05
3,898	6,31	-0,05
3,887	6,28	-0,05
3,877	6,28	-0,05
3,866	6,28	-0,05
3,855	6,27	-0,05
3,849	6,28	-0,05
3,841	6,28	-0,05
3,829	6,28	-0,05
3,815	6,27	-0,05
3,800	6,41	-0,05
3,781	6,42	-0,05
3,760	6,40	-0,05
3,740	6,40	-0,05
3,719	6,45	-0,05
3,702	6,45	-0,05
3,689	6,49	-0,05
3,679	6,51	-0,05
3,667	6,52	-0,05
3,654	6,56	-0,05
3,640	6,57	-0,05
3,626	6,58	-0,05
3,616	6,59	-0,05
3,606	6,59	-0,05
3,595	6,62	-0,05
3,581	6,67	-0,05
3,569	6,69	-0,05
3,559	6,73	-0,05
3,550	6,75	-0,05
3,539	6,76	-0,05
3,530	6,76	-0,05
3,521	6,80	-0,05
3,506	6,84	-0,05
3,491	6,84	-0,05
3,479	6,85	-0,05
3,468	6,92	-0,05
3,457	6,97	-0,05
3,443	6,96	-0,05
3,425	6,97	-0,05
3,408	7,02	-0,05
3,394	7,05	-0,06
3,383	7,03	-0,06
3,372	7,12	-0,06
3,359	7,17	-0,06
3,349	7,16	-0,06
3,338	7,17	-0,06
3,325	7,22	-0,06
3,311	7,25	-0,06
3,300	7,28	-0,06
3,292	7,27	-0,06
3,280	7,32	-0,06
3,269	7,36	-0,06
3,259	7,37	-0,06
3,251	7,40	-0,06
3,243	7,40	-0,06
3,236	7,43	-0,06
3,232	7,41	-0,06
3,229	7,41	-0,06
3,226	7,43	-0,06
3,223	7,44	-0,06
3,218	7,47	-0,06
3,211	7,48	-0,06
3,203	7,48	-0,06
3,195	7,55	-0,06
3,186	7,58	-0,06
3,178	7,54	-0,06
3,171	7,55	-0,06
3,164	7,59	-0,06
3,155	7,63	-0,06
3,148	7,63	-0,06
3,144	7,64	-0,06
3,141	7,67	-0,06
3,136	7,68	-0,06
3,130	7,69	-0,06
3,123	7,72	-0,06
3,116	7,74	-0,06
3,108	7,74	-0,06
3,098	7,79	-0,06
3,090	7,79	-0,06
3,081	7,84	-0,06
3,071	7,88	-0,06
3,060	7,88	-0,06
3,051	7,90	-0,06
3,043	7,92	-0,06
3,033	7,97	-0,06
3,020	7,98	-0,06
3,011	7,99	-0,06
3,002	8,02	-0,06
2,991	8,02	-0,06
2,982	8,09	-0,06
2,974	8,11	-0,06
2,968	8,17	-0,06
2,961	8,17	-0,06
2,956	8,18	-0,06
2,950	8,21	-0,06
2,944	8,23	-0,06
2,940	8,23	-0,06
2,937	8,23	-0,06
2,935	8,23	-0,06
2,933	8,27	-0,06
2,929	8,27	-0,06
2,922	8,29	-0,06
2,909	8,37	-0,06
2,897	8,36	-0,06
2,890	8,38	-0,06
2,888	8,36	-0,06
2,888	8,37	-0,06
2,885	8,42	-0,06
2,878	8,41	-0,06
2,872	8,44	-0,06
2,863	8,48	-0,06
2,854	8,47	-0,06
2,844	8,50	-0,06
2,835	8,61	-0,06
2,828	8,61	-0,06
2,821	8,64	-0,06
2,812	8,61	-0,06
2,804	8,65	-0,06
2,797	8,66	-0,06
2,792	8,68	-0,06
2,787	8,80	-0,06
2,781	8,75	-0,06
2,772	8,77	-0,06
2,762	8,81	-0,06
2,752	8,83	-0,06
2,744	8,84	-0,06
2,736	8,84	-0,06
2,727	8,87	-0,06
2,717	8,92	-0,06
2,711	8,90	-0,06
2,702	8,95	-0,06
2,697	8,98	-0,06
2,690	9,01	-0,06
2,682	9,08	-0,06
2,677	9,10	-0,06
2,673	9,09	-0,06
2,672	9,08	-0,06
2,669	9,08	-0,06
2,664	9,10	-0,06
2,658	9,17	-0,06
2,655	9,17	-0,06
2,652	9,17	-0,06
2,647	9,17	-0,06
2,640	9,24	-0,06
2,631	9,26	-0,06
2,619	9,29	-0,06
2,611	9,30	-0,06
2,604	9,32	-0,06
2,599	9,35	-0,06
2,594	9,38	-0,06
2,589	9,39	-0,06
2,584	9,38	-0,06
2,579	9,42	-0,06
2,573	9,43	-0,06
2,568	9,45	-0,06
2,562	9,49	-0,06
2,555	9,54	-0,06
2,549	9,57	-0,06
2,543	9,63	-0,06
2,538	9,59	-0,06
2,533	9,63	-0,06
2,527	9,65	-0,06
2,519	9,66	-0,06
2,512	9,70	-0,06
2,502	9,77	-0,06
2,494	9,78	-0,06
2,486	9,81	-0,06
2,480	9,80	-0,06
2,475	9,85	-0,06
2,472	9,81	-0,06
2,468	9,82	-0,06
2,465	9,83	-0,06
2,461	9,89	-0,06
2,458	9,88	-0,06
2,455	9,89	-0,06
2,451	9,90	-0,06
2,448	9,92	-0,06
2,444	9,93	-0,06
2,441	9,93	-0,06
2,438	9,97	-0,06
2,434	9,99	-0,06
2,430	10,03	-0,06
2,426	10,02	-0,06
2,420	10,06	-0,06
2,414	10,12	-0,06
2,411	10,10	-0,06
2,408	10,11	-0,06
2,406	10,12	-0,06
2,402	10,14	-0,06
2,396	10,19	-0,06
2,388	10,22	-0,06
2,380	10,23	-0,06
2,375	10,24	-0,06
2,370	10,25	-0,06
2,365	10,25	-0,06
2,360	10,26	-0,06
2,356	10,27	-0,06
2,352	10,29	-0,06
2,347	10,30	-0,06
2,341	10,30	-0,06
2,337	10,37	-0,06
2,333	10,39	-0,06
2,329	10,40	-0,06
2,325	10,42	-0,06
2,320	10,45	-0,06
2,315	10,46	-0,06
2,311	10,52	-0,06
2,308	10,51	-0,06
2,306	10,50	-0,06
2,305	10,50	-0,06
2,302	10,53	-0,06
2,298	10,56	-0,06
2,294	10,62	-0,06
2,289	10,67	-0,06
2,283	10,67	-0,06
2,278	10,67	-0,06
2,273	10,69	-0,06
2,267	10,69	-0,06
2,261	10,70	-0,06
2,256	10,70	-0,06
2,252	10,70	-0,06
2,248	10,72	-0,06
2,242	10,74	-0,06
2,238	10,78	-0,06
2,233	10,82	-0,06
2,230	10,88	-0,06
2,226	10,92	-0,06
2,222	10,93	-0,06
2,218	10,96	-0,06
2,213	10,97	-0,06
2,209	10,99	-0,06
2,206	11,04	-0,06
2,202	11,05	-0,06
2,197	11,06	-0,06
2,192	11,10	-0,06
2,188	11,13	-0,06
2,183	11,15	-0,06
2,178	11,18	-0,06
2,173	11,19	-0,06
2,170	11,21	-0,06
2,166	11,24	-0,06
2,161	11,27	-0,06
2,156	11,29	-0,06
2,151	11,32	-0,06
2,147	11,36	-0,06
2,143	11,36	-0,06
2,139	11,39	-0,06
2,135	11,42	-0,06
2,131	11,43	-0,06
2,128	11,45	-0,06
2,123	11,48	-0,06
2,120	11,50	-0,06
2,118	11,52	-0,06
2,116	11,53	-0,06
2,111	11,55	-0,06
2,107	11,79	-0,06
2,103	11,73	-0,06
2,099	11,63	-0,06
2,096	11,65	-0,06
2,091	11,68	-0,06
2,087	11,70	-0,06
2,082	11,72	-0,06
2,079	11,74	-0,06
2,075	11,76	-0,06
2,072	11,77	-0,06
2,070	11,79	-0,06
2,067	11,82	-0,06
2,063	11,83	-0,06
2,059	11,86	-0,06
2,055	11,87	-0,06
2,051	11,88	-0,06
2,048	11,91	-0,06
2,044	11,94	-0,06
2,041	11,96	-0,06
2,037	11,97	-0,06
2,032	12,00	-0,06
2,028	12,03	-0,06
2,023	12,05	-0,06
2,019	12,08	-0,06
2,016	12,10	-0,06
2,012	12,12	-0,06
2,008	12,15	-0,06
2,005	12,17	-0,06
2,003	12,18	-0,06
2,001	12,19	-0,06
1,998	12,22	-0,06
1,995	12,23	-0,06
1,992	12,24	-0,06
1,990	12,27	-0,06
1,987	12,28	-0,06
1,983	12,32	-0,06
1,980	12,34	-0,06
1,977	12,36	-0,06
1,973	12,37	-0,06
1,969	12,40	-0,06
1,965	12,43	-0,06
1,962	12,45	-0,06
1,959	12,47	-0,06
1,954	12,49	-0,06
1,950	12,52	-0,06
1,948	12,53	-0,06
1,945	12,54	-0,06
1,944	12,56	-0,06
1,941	12,57	-0,06
1,938	12,59	-0,06
1,935	12,61	-0,06
1,932	12,63	-0,06
1,929	12,66	-0,06
1,927	12,67	-0,06
1,924	12,69	-0,06
1,921	12,71	-0,06
1,919	12,73	-0,06
1,917	12,75	-0,06
1,914	12,76	-0,06
1,912	12,78	-0,06
1,909	12,80	-0,06
1,905	12,82	-0,06
1,901	12,85	-0,06
1,898	12,87	-0,06
1,895	12,89	-0,06
1,892	12,90	-0,06
1,889	12,93	-0,06
1,887	12,94	-0,06
1,885	12,96	-0,06
1,882	12,98	-0,06
1,878	13,00	-0,06
1,874	13,03	-0,06
1,870	13,06	-0,06
1,866	13,08	-0,06
1,862	13,10	-0,06
1,859	13,14	-0,06
1,855	13,15	-0,06
1,853	13,17	-0,06
1,850	13,20	-0,06
1,846	13,23	-0,06
1,843	13,25	-0,06
1,840	13,28	-0,06
1,837	13,30	-0,06
1,835	13,32	-0,06
1,833	13,33	-0,06
1,831	13,36	-0,06
1,828	13,37	-0,06
1,825	13,40	-0,06
1,821	13,43	-0,06
1,818	13,45	-0,06
1,815	13,47	-0,06
1,812	13,49	-0,06
1,809	13,51	-0,06
1,806	13,53	-0,06
1,803	13,55	-0,06
1,802	13,58	-0,06
1,801	13,58	-0,06
1,798	13,60	-0,06
1,795	13,62	-0,06
1,791	13,64	-0,06
1,788	13,67	-0,06
1,785	13,70	-0,06
1,782	13,72	-0,06
1,779	13,75	-0,06
1,776	13,77	-0,06
1,773	13,79	-0,06
1,770	13,81	-0,06
1,766	13,84	-0,06
1,762	13,87	-0,06
1,757	13,91	-0,06
1,753	13,94	-0,06
1,749	13,97	-0,06
1,746	14,00	-0,06
1,743	14,02	-0,06
1,741	14,04	-0,06
1,738	14,07	-0,06
1,736	14,09	-0,06
1,733	14,11	-0,06
1,731	14,13	-0,06
1,729	14,14	-0,06
1,727	14,16	-0,06
1,725	14,19	-0,06
1,723	14,20	-0,06
1,721	14,22	-0,06
1,719	14,23	-0,06
1,717	14,26	-0,06
1,715	14,28	-0,06
1,713	14,29	-0,06
1,711	14,30	-0,06
1,708	14,34	-0,06
1,705	14,36	-0,06
1,702	14,38	-0,06
1,700	14,42	-0,06
1,698	14,43	-0,06
1,695	14,45	-0,06
1,692	14,48	-0,05
1,689	14,49	-0,06
1,687	14,51	-0,06
1,685	14,53	-0,05
1,682	14,55	-0,06
1,679	14,58	-0,05
1,677	14,60	-0,05
1,674	14,62	-0,06
1,671	14,64	-0,05
1,669	14,66	-0,05
1,667	14,68	-0,05
1,666	14,69	-0,05
1,664	14,71	-0,05
1,662	14,72	-0,05
1,661	14,75	-0,05
1,658	14,77	-0,05
1,656	14,79	-0,05
1,654	14,81	-0,05
1,652	14,82	-0,05
1,649	14,85	-0,05
1,647	14,86	-0,05
1,645	14,89	-0,05
1,642	14,92	-0,05
1,639	14,95	-0,05
1,636	14,96	-0,05
1,633	14,99	-0,05
1,630	15,02	-0,05
1,628	15,03	-0,05
1,625	15,07	-0,05
1,622	15,09	-0,05
1,620	15,11	-0,05
1,617	15,13	-0,05
1,614	15,17	-0,05
1,611	15,19	-0,05
1,608	15,22	-0,05
1,605	15,25	-0,05
1,601	15,29	-0,05
1,598	15,33	-0,05
1,596	15,34	-0,05
1,593	15,36	-0,05
1,591	15,39	-0,05
1,589	15,41	-0,05
1,586	15,43	-0,05
1,584	15,46	-0,05
1,581	15,48	-0,05
1,579	15,50	-0,05
1,577	15,52	-0,05
1,575	15,54	-0,05
1,573	15,56	-0,05
1,571	15,59	-0,05
1,569	15,60	-0,05
1,567	15,63	-0,05
1,564	15,65	-0,05
1,562	15,67	-0,05
1,559	15,70	-0,05
1,557	15,73	-0,05
1,554	15,77	-0,05
1,551	15,80	-0,05
1,549	15,81	-0,05
1,547	15,83	-0,05
1,544	15,86	-0,05
1,542	15,89	-0,05
1,539	15,91	-0,05
1,537	15,93	-0,05
1,535	15,96	-0,05
1,533	15,97	-0,05
1,532	16,00	-0,05
1,530	16,01	-0,05
1,528	16,03	-0,05
1,526	16,06	-0,05
1,525	16,08	-0,05
1,523	16,09	-0,05
1,521	16,11	-0,05
1,518	16,14	-0,05
1,515	16,18	-0,05
1,512	16,21	-0,05
1,510	16,23	-0,05
1,508	16,25	-0,05
1,506	16,27	-0,05
1,504	16,29	-0,05
1,502	16,32	-0,05
1,500	16,34	-0,05
1,499	16,36	-0,05
1,498	16,37	-0,05
1,496	16,38	-0,05
1,494	16,41	-0,05
1,492	16,44	-0,05
1,490	16,45	-0,05
1,489	16,46	-0,05
1,488	16,47	-0,05
1,487	16,49	-0,05
1,486	16,50	-0,05
1,485	16,52	-0,05
1,484	16,53	-0,05
1,483	16,54	-0,05
1,483	16,55	-0,05
1,482	16,56	-0,05
1,481	16,57	-0,05
1,479	16,60	-0,05
1,478	16,62	-0,05
1,477	16,62	-0,05
1,476	16,63	-0,05
1,475	16,64	-0,05
1,475	16,64	-0,05
1,474	16,65	-0,05
1,474	16,66	-0,05
1,473	16,66	-0,05
1,472	16,68	-0,05
1,470	16,70	-0,05
1,468	16,73	-0,05
1,466	16,75	-0,05
1,464	16,76	-0,05
1,462	16,79	-0,05
1,460	16,81	-0,05
1,457	16,84	-0,05
1,455	16,86	-0,05
1,453	16,89	-0,05
1,451	16,91	-0,05
1,449	16,93	-0,05
1,448	16,94	-0,05
1,446	16,96	-0,05
1,444	16,99	-0,05
1,442	17,03	-0,05
1,440	17,06	-0,05
1,437	17,09	-0,05
1,435	17,11	-0,05
1,432	17,14	-0,05
1,430	17,17	-0,05
1,428	17,20	-0,05
1,426	17,22	-0,05
1,425	17,23	-0,05
1,423	17,25	-0,05
1,421	17,27	-0,05
1,419	17,29	-0,05
1,417	17,32	-0,05
1,415	17,35	-0,05
1,413	17,37	-0,05
1,411	17,39	-0,05
1,410	17,41	-0,05
1,409	17,42	-0,05
1,407	17,45	-0,05
1,406	17,48	-0,05
1,404	17,49	-0,05
1,403	17,51	-0,05
1,401	17,53	-0,05
1,400	17,56	-0,05
1,398	17,58	-0,05
1,396	17,59	-0,05
1,394	17,62	-0,05
1,393	17,64	-0,05
1,392	17,66	-0,05
1,391	17,68	-0,05
1,389	17,69	-0,05
1,388	17,71	-0,05
1,387	17,73	-0,05
1,386	17,74	-0,05
1,384	17,75	-0,05
1,383	17,77	-0,05
1,382	17,78	-0,05
1,380	17,80	-0,05
1,379	17,81	-0,05
1,377	17,83	-0,05
1,376	17,85	-0,05
1,375	17,87	-0,05
1,375	17,88	-0,05
1,374	17,89	-0,05
1,373	17,91	-0,05
1,372	17,93	-0,05
1,370	17,94	-0,05
1,369	17,96	-0,05
1,368	17,98	-0,05
1,366	17,99	-0,05
1,364	18,02	-0,05
1,363	18,04	-0,05
1,362	18,06	-0,05
1,361	18,10	-0,05
1,360	18,11	-0,05
1,358	18,12	-0,05
1,356	18,14	-0,05
1,355	18,15	-0,05
1,353	18,17	-0,05
1,352	18,19	-0,05
1,350	18,21	-0,05
1,348	18,23	-0,05
1,347	18,25	-0,05
1,345	18,26	-0,05
1,344	18,29	-0,05
1,343	18,30	-0,05
1,341	18,32	-0,05
1,340	18,35	-0,05
1,338	18,38	-0,05
1,337	18,39	-0,05
1,335	18,41	-0,05
1,333	18,43	-0,05
1,331	18,46	-0,05
1,330	18,48	-0,05
1,328	18,52	-0,05
1,326	18,54	-0,05
1,325	18,57	-0,05
1,323	18,60	-0,05
1,322	18,62	-0,05
1,320	18,63	-0,05
1,319	18,64	-0,05
1,318	18,65	-0,05
1,317	18,67	-0,05
1,315	18,69	-0,05
1,313	18,71	-0,05
1,312	18,72	-0,05
1,310	18,74	-0,05
1,309	18,76	-0,05
1,308	18,78	-0,05
1,307	18,81	-0,05
1,305	18,83	-0,05
1,304	18,84	-0,05
1,303	18,86	-0,05
1,301	18,91	-0,05
1,299	18,99	-0,05
1,297	19,00	-0,05
1,294	19,03	-0,05
1,292	19,05	-0,05
1,291	19,06	-0,05
1,290	19,06	-0,05
1,289	19,10	-0,05
1,288	19,15	-0,05
1,286	19,14	-0,05
1,286	19,19	-0,05
1,284	19,21	-0,05
1,283	19,22	-0,05
1,282	19,25	-0,05
1,281	19,26	-0,05
1,280	19,28	-0,05
1,279	19,32	-0,05
1,278	19,34	-0,05
1,276	19,37	-0,05
1,275	19,37	-0,05
1,274	19,40	-0,05
1,272	19,43	-0,05
1,270	19,41	-0,05
1,268	19,41	-0,05
1,266	19,46	-0,05
1,265	19,48	-0,05
1,263	19,50	-0,05
1,262	19,53	-0,05
1,261	19,53	-0,05
1,261	19,53	-0,05
1,259	19,58	-0,05
1,258	19,63	-0,05
1,257	19,63	-0,05
1,255	19,65	-0,05
1,253	19,66	-0,05
1,251	19,69	-0,05
1,250	19,74	-0,05
1,249	19,74	-0,05
1,248	19,79	-0,05
1,247	19,79	-0,05
1,246	19,80	-0,05
1,245	19,84	-0,05
1,244	19,83	-0,05
1,243	19,82	-0,05
1,242	19,84	-0,05
1,240	19,84	-0,05
1,238	19,89	-0,05
1,237	19,89	-0,05
1,235	19,94	-0,05
1,234	19,95	-0,05
1,233	19,95	-0,05
1,231	20,00	-0,05
1,230	20,00	-0,05
1,228	20,04	-0,05
1,227	20,06	-0,05
1,225	20,07	-0,05
1,223	20,08	-0,05
1,222	20,11	-0,05
1,220	20,16	-0,05
1,219	20,21	-0,05
1,217	20,21	-0,05
1,216	20,21	-0,05
1,215	20,23	-0,05
1,213	20,23	-0,05
1,211	20,28	-0,05
1,209	20,30	-0,05
1,207	20,37	-0,05
1,204	20,42	-0,05
1,203	20,47	-0,05
1,201	20,49	-0,05
1,199	20,51	-0,05
1,198	20,55	-0,05
1,197	20,55	-0,05
1,197	20,59	-0,05
1,196	20,61	-0,05
1,195	20,61	-0,05
1,195	20,63	-0,05
1,193	20,68	-0,05
1,192	20,68	-0,05
1,191	20,68	-0,05
1,190	20,70	-0,05
1,189	20,74	-0,05
1,188	20,74	-0,05
1,187	20,74	-0,05
1,185	20,65	-0,05
1,183	20,80	-0,05
1,182	20,82	-0,05
1,181	20,87	-0,05
1,179	20,91	-0,05
1,178	20,93	-0,05
1,176	20,97	-0,05
1,175	20,99	-0,05
1,173	21,03	-0,05
1,172	21,04	-0,05
1,171	21,06	-0,05
1,170	21,11	-0,05
1,168	21,11	-0,05
1,167	21,12	-0,05
1,166	21,17	-0,05
1,164	21,17	-0,05
1,163	21,18	-0,04
1,162	21,17	-0,04
1,160	21,22	-0,05
1,158	21,23	-0,04
1,157	21,29	-0,04
1,155	21,30	-0,05
1,153	21,35	-0,05
1,152	21,41	-0,04
1,150	21,41	-0,04
1,149	21,41	-0,04
1,147	21,47	-0,04
1,147	21,49	-0,04
1,146	21,52	-0,04
1,145	21,54	-0,04
1,144	21,55	-0,04
1,143	21,60	-0,04
1,142	21,60	-0,04
1,140	21,60	-0,04
1,139	21,67	-0,04
1,137	21,67	-0,04
1,136	21,66	-0,04
1,134	21,71	-0,04
1,132	21,75	-0,04
1,130	21,80	-0,04
1,129	21,86	-0,04
1,128	21,87	-0,04
1,126	21,93	-0,04
1,125	21,93	-0,04
1,123	21,99	-0,04
1,123	22,00	-0,04
1,122	22,00	-0,04
1,122	22,01	-0,04
1,121	22,06	-0,04
1,120	22,06	-0,04
1,118	22,11	-0,04
1,117	22,12	-0,04
1,116	22,13	-0,04
1,114	22,15	-0,04
1,113	22,13	-0,04
1,111	22,09	-0,04
1,109	22,26	-0,04
1,108	22,32	-0,04
1,107	22,32	-0,04
1,106	22,34	-0,04
1,105	22,38	-0,04
1,104	22,39	-0,04
1,102	22,44	-0,04
1,101	22,45	-0,04
1,099	22,47	-0,04
1,099	22,50	-0,04
1,097	22,53	-0,04
1,097	22,56	-0,04
1,096	22,56	-0,04
1,095	22,57	-0,04
1,094	22,59	-0,04
1,093	22,61	-0,04
1,092	22,62	-0,04
1,091	22,62	-0,04
1,089	22,60	-0,04
1,088	22,72	-0,04
1,086	22,74	-0,04
1,086	22,78	-0,04
1,085	22,80	-0,04
1,084	22,85	-0,04
1,083	22,86	-0,04
1,082	22,86	-0,04
1,080	22,86	-0,04
1,079	22,91	-0,04
1,078	22,93	-0,04
1,077	22,96	-0,04
1,076	23,01	-0,04
1,075	23,03	-0,04
1,075	23,03	-0,04
1,074	23,03	-0,04
1,073	23,09	-0,04
1,072	23,09	-0,04
1,071	23,09	-0,04
1,070	23,06	-0,04
1,069	23,06	-0,04
1,067	23,16	-0,04
1,066	23,19	-0,04
1,065	23,20	-0,04
1,064	23,22	-0,04
1,063	23,27	-0,04
1,062	23,35	-0,04
1,060	23,35	-0,04
1,059	23,38	-0,04
1,058	23,44	-0,04
1,057	23,44	-0,04
1,056	23,43	-0,04
1,055	23,54	-0,04
1,054	23,54	-0,04
1,053	23,54	-0,04
1,052	23,53	-0,04
1,051	23,54	-0,04
1,050	23,51	-0,04
1,049	23,47	-0,04
1,047	23,45	-0,04
1,046	23,59	-0,04
1,045	23,64	-0,04
1,044	23,64	-0,04
1,042	23,64	-0,04
1,041	23,65	-0,04
1,040	23,72	-0,04
1,039	23,73	-0,04
1,038	23,73	-0,04
1,037	23,73	-0,04
1,036	23,73	-0,04
1,036	23,73	-0,04
1,035	23,73	-0,04
1,033	23,73	-0,04
1,032	23,73	-0,04
1,031	23,73	-0,04
1,029	23,73	-0,04
1,028	23,73	-0,03
1,027	23,71	-0,03
1,026	23,73	-0,04
1,027	23,73	-0,03
1,027	23,73	-0,04
1,027	23,73	-0,04
1,027	23,73	-0,04
1,027	23,73	-0,04
1,027	23,73	-0,04
1,027	23,73	-0,04
1,027	23,73	-0,04
1,027	23,73	-0,03
1,027	23,73	-0,03
1,027	23,73	-0,04
1,027	23,73	-0,03
1,028	23,73	-0,03
1,028	23,73	-0,04
1,028	23,73	-0,03
1,028	23,73	-0,03
1,028	23,73	-0,03
1,028	23,73	-0,03
1,028	23,73	-0,03
1,028	23,73	-0,03
1,028	23,73	-0,03
1,028	23,73	-0,03
1,028	23,73	-0,03
1,028	23,73	-0,03
1,028	23,73	-0,03
1,028	23,73	-0,03
1,028	23,73	-0,03
1,028	23,73	-0,03
1,028	23,73	-0,03
1,028	23,73	-0,03
1,028	23,73	-0,03
1,028	23,73	-0,03
1,028	23,73	-0,03
