0.247341   6.5  35.05
0.247341   6.5  35.05
0.247463   6.51  35.05
0.247831   6.53  35.05
0.248262   6.55  35.05
0.248509   6.53  35.05
0.248694   6.53  35.05
0.249004   6.54  35.05
0.249128   6.54  35.05
0.249377   6.56  35.05
0.249688   6.56  35.05
0.249813   6.55  35.05
0.25   6.57  35.05
0.250376   6.58  35.05
0.250564   6.59  35.05
0.250752   6.58  35.05
0.251004   6.57  35.05
0.251319   6.57  35.05
0.251572   6.58  35.05
0.251699   6.59  35.05
0.251889   6.6  35.05
0.25208   6.6  35.05
0.252461   6.62  35.05
0.252717   6.63  35.05
0.252845   6.63  35.05
0.253036   6.64  35.05
0.253293   6.64  35.05
0.25355   6.65  35.05
0.253743   6.66  35.05
0.254065   6.68  35.05
0.254259   6.69  35.05
0.254388   6.69  35.05
0.254582   6.71  35.05
0.254842   6.72  35.05
0.255037   6.72  35.05
0.255232   6.74  35.05
0.255428   6.73  35.05
0.255624   6.74  35.05
0.255951   6.74  35.05
0.256213   6.74  35.05
0.256542   6.76  35.05
0.256805   6.79  35.05
0.257069   6.79  35.05
0.257334   6.8  35.05
0.257467   6.79  35.05
0.257533   6.78  35.05
0.257599   6.79  35.05
0.257732   6.78  35.05
0.257865   6.78  35.05
0.257931   6.77  35.05
0.258065   6.77  35.05
0.258131   6.78  35.05
0.258331   6.79  35.05
0.258532   6.79  35.05
0.258598   6.8  35.05
0.258866   6.81  35.05
0.259067   6.81  35.05
0.259202   6.82  35.05
0.259336   6.83  35.05
0.25974   6.83  35.05
0.26001   6.84  35.04
0.260281   6.84  35.04
0.260552   6.85  35.04
0.26096   6.89  35.04
0.261301   6.92  35.04
0.261506   6.93  35.04
0.26178   6.93  35.04
0.262123   6.92  35.04
0.262467   6.92  35.04
0.262812   6.93  35.04
0.263227   6.93  35.04
0.263505   6.93  35.04
0.263644   6.92  35.04
0.263783   6.92  35.04
0.263922   6.92  35.04
0.264131   6.94  35.04
0.26441   6.95  35.04
0.26455   6.95  35.04
0.264901   6.96  35.04
0.265182   6.97  35.04
0.265393   7.01  35.04
0.265675   7.01  35.04
0.266028   7.02  35.04
0.266454   7.03  35.04
0.266951   7.03  35.04
0.26738   7.03  35.04
0.267666   7.03  35.04
0.267738   7.04  35.04
0.267881   7.06  35.04
0.268097   7.09  35.04
0.268312   7.11  35.04
0.268456   7.13  35.04
0.268673   7.13  35.04
0.269034   7.14  35.04
0.269324   7.14  35.04
0.269542   7.13  35.04
0.269687   7.13  35.04
0.270051   7.12  35.04
0.270343   7.14  35.04
0.270563   7.14  35.04
0.271003   7.15  35.04
0.271297   7.15  35.04
0.271592   7.18  35.04
0.271961   7.23  35.04
0.272257   7.23  35.04
0.272554   7.21  35.04
0.272702   7.21  35.04
0.273075   7.24  35.04
0.273373   7.24  35.04
0.273598   7.26  35.04
0.273973   7.27  35.04
0.274273   7.27  35.04
0.274499   7.27  35.04
0.274876   7.28  35.04
0.274952   7.26  35.04
0.275179   7.28  35.04
0.275558   7.32  35.04
0.275862   7.34  35.04
0.276319   7.36  35.04
0.276625   7.37  35.04
0.276855   7.38  35.04
0.277162   7.35  35.04
0.277316   7.35  35.04
0.277546   7.35  35.04
0.277778   7.36  35.04
0.278009   7.38  35.04
0.278242   7.39  35.04
0.278552   7.4  35.04
0.278862   7.4  35.04
0.279018   7.41  35.04
0.27933   7.41  35.04
0.27972   7.41  35.04
0.280034   7.43  35.04
0.280348   7.43  35.04
0.280505   7.43  35.04
0.280584   7.44  35.04
0.280662   7.45  35.04
0.28082   7.45  35.04
0.280899   7.45  35.04
0.281057   7.46  35.04
0.281294   7.47  35.04
0.281611   7.48  35.04
0.281849   7.48  35.04
0.281849   7.47  35.04
0.282008   7.48  35.04
0.282167   7.48  35.04
0.282486   7.51  35.04
0.282885   7.54  35.04
0.283126   7.55  35.04
0.283447   7.55  35.04
0.283849   7.55  35.04
0.284172   7.55  35.04
0.284495   7.54  35.04
0.284738   7.55  35.04
0.284981   7.55  35.04
0.285225   7.56  35.04
0.285388   7.57  35.04
0.285633   7.58  35.04
0.285878   7.6  35.04
0.286123   7.62  35.04
0.286533   7.61  35.04
0.286862   7.63  35.04
0.287191   7.63  35.04
0.287439   7.64  35.04
0.287687   7.65  35.04
0.288018   7.67  35.04
0.288351   7.7  35.04
0.288684   7.7  35.04
0.289017   7.7  35.04
0.289268   7.72  35.04
0.289436   7.74  35.04
0.289771   7.76  35.04
0.290107   7.75  35.04
0.29036   7.74  35.04
0.290529   7.74  35.04
0.290698   7.74  35.04
0.290951   7.77  35.04
0.291121   7.78  35.04
0.29146   7.76  35.03
0.2918   7.78  35.04
0.292056   7.78  35.03
0.292312   7.79  35.03
0.292569   7.79  35.03
0.292826   7.8  35.04
0.293169   7.84  35.04
0.2936   7.85  35.03
0.294031   7.84  35.03
0.294377   7.86  35.03
0.294638   7.86  35.03
0.294898   7.86  35.03
0.295072   7.86  35.03
0.295334   7.87  35.03
0.295596   7.88  35.03
0.29577   7.89  35.03
0.295858   7.9  35.03
0.296033   7.9  35.03
0.296472   7.92  35.03
0.296824   7.92  35.03
0.297089   7.94  35.03
0.297265   7.94  35.03
0.297442   7.95  35.03
0.297619   7.95  35.03
0.297974   7.96  35.03
0.29824   7.95  35.03
0.298597   7.99  35.03
0.298954   7.99  35.03
0.299401   7.99  35.03
0.29976   7.98  35.03
0.30003   7.99  35.03
0.300571   8.01  35.03
0.301114   8.02  35.03
0.301386   8.02  35.03
0.301568   8.02  35.03
0.301841   8.03  35.03
0.302024   8.04  35.03
0.302297   8.06  35.03
0.30248   8.08  35.03
0.302663   8.1  35.03
0.302847   8.1  35.03
0.303122   8.1  35.03
0.303398   8.11  35.03
0.303674   8.12  35.03
0.303951   8.14  35.03
0.304044   8.14  35.03
0.304321   8.14  35.03
0.304599   8.15  35.03
0.304878   8.18  35.03
0.30525   8.19  35.03
0.305437   8.19  35.03
0.30553   8.19  35.03
0.305717   8.21  35.03
0.305904   8.23  35.03
0.306091   8.24  35.03
0.306373   8.23  35.03
0.306654   8.24  35.03
0.306748   8.24  35.03
0.307031   8.24  35.03
0.307125   8.25  35.03
0.307409   8.26  35.03
0.307503   8.27  35.03
0.307787   8.28  35.03
0.307977   8.28  35.03
0.308261   8.29  35.03
0.308547   8.27  35.03
0.308737   8.27  35.03
0.308928   8.27  35.03
0.309023   8.27  35.03
0.309215   8.28  35.03
0.309502   8.29  35.03
0.309885   8.31  35.03
0.31027   8.33  35.03
0.310655   8.35  35.03
0.310945   8.35  35.03
0.311236   8.35  35.03
0.311526   8.36  35.03
0.311721   8.36  35.03
0.311818   8.37  35.03
0.311915   8.36  35.03
0.31211   8.38  35.03
0.312402   8.4  35.03
0.312793   8.41  35.03
0.313087   8.39  35.03
0.313381   8.39  35.03
0.313676   8.4  35.03
0.313775   8.41  35.03
0.313972   8.43  35.03
0.314169   8.43  35.03
0.314367   8.43  35.03
0.314465   8.43  35.03
0.314663   8.44  35.03
0.314861   8.43  35.03
0.314861   8.43  35.03
0.314961   8.43  35.03
0.315159   8.45  35.03
0.315259   8.44  35.03
0.315457   8.45  35.03
0.315756   8.46  35.03
0.316156   8.47  35.03
0.316556   8.48  35.03
0.316857   8.51  35.03
0.317158   8.55  35.03
0.31746   8.6  35.03
0.317662   8.61  35.03
0.317763   8.6  35.03
0.317965   8.61  35.03
0.318167   8.6  35.03
0.318269   8.59  35.03
0.31837   8.59  35.03
0.318471   8.59  35.03
0.318573   8.6  35.03
0.318878   8.64  35.03
0.319081   8.63  35.03
0.319285   8.6  35.03
0.319387   8.6  35.03
0.319591   8.59  35.03
0.319795   8.59  35.03
0.320102   8.59  35.03
0.320205   8.59  35.03
0.32041   8.61  35.03
0.320513   8.62  35.03
0.320718   8.63  35.03
0.320821   8.64  35.03
0.320924   8.63  35.03
0.32113   8.63  35.03
0.32144   8.64  35.03
0.321647   8.65  35.03
0.321854   8.65  35.03
0.322165   8.66  35.03
0.322477   8.67  35.03
0.322789   8.67  35.03
0.322997   8.69  35.03
0.323206   8.7  35.03
0.323415   8.71  35.03
0.323625   8.71  35.03
0.323834   8.71  35.03
0.324044   8.71  35.03
0.324044   8.7  35.03
0.324149   8.72  35.03
0.324359   8.72  35.03
0.324465   8.72  35.03
0.32457   8.73  35.03
0.324675   8.73  35.03
0.324781   8.73  35.03
0.324992   8.73  35.03
0.325203   8.75  35.03
0.325309   8.75  35.03
0.325309   8.75  35.03
0.325415   8.76  35.03
0.325627   8.77  35.03
0.325945   8.78  35.03
0.326264   8.77  35.03
0.326477   8.78  35.03
0.326691   8.8  35.03
0.327011   8.8  35.03
0.327332   8.81  35.03
0.327547   8.82  35.03
0.327761   8.81  35.03
0.328084   8.81  35.03
0.328192   8.81  35.03
0.328299   8.82  35.03
0.328515   8.83  35.03
0.328731   8.84  35.02
0.328839   8.84  35.03
0.329164   8.85  35.03
0.329381   8.85  35.03
0.329707   8.85  35.02
0.329924   8.85  35.03
0.330142   8.87  35.03
0.33036   8.88  35.02
0.330579   8.89  35.03
0.330907   8.89  35.03
0.331016   8.89  35.02
0.331345   8.89  35.02
0.331455   8.89  35.02
0.331455   8.89  35.02
0.331455   8.9  35.02
0.331675   8.94  35.02
0.331895   8.94  35.02
0.331895   8.93  35.03
0.332005   8.93  35.02
0.332226   8.94  35.02
0.332336   8.94  35.03
0.332779   8.96  35.02
0.333111   8.96  35.02
0.333222   8.97  35.02
0.333667   8.97  35.02
0.33389   8.97  35.02
0.334113   8.98  35.02
0.334448   8.99  35.02
0.334784   9.01  35.03
0.335233   9.02  35.02
0.33557   9.06  35.02
0.335909   9.07  35.02
0.336134   9.07  35.02
0.336361   9.07  35.02
0.3367   9.09  35.03
0.337154   9.08  35.03
0.337496   9.07  35.03
0.33761   9.09  35.02
0.337724   9.11  35.02
0.337838   9.13  35.02
0.337952   9.13  35.02
0.338181   9.14  35.02
0.338524   9.14  35.02
0.338753   9.14  35.02
0.338983   9.14  35.02
0.339213   9.15  35.03
0.339559   9.16  35.02
0.339789   9.18  35.02
0.340136   9.19  35.02
0.340252   9.19  35.02
0.340368   9.22  35.02
0.340716   9.22  35.02
0.340832   9.21  35.02
0.34118   9.21  35.02
0.341297   9.21  35.02
0.341413   9.21  35.02
0.34153   9.21  35.02
0.341763   9.22  35.02
0.341997   9.22  35.02
0.342114   9.22  35.02
0.342349   9.25  35.02
0.3427   9.26  35.02
0.342936   9.26  35.02
0.343053   9.27  35.02
0.343407   9.28  35.02
0.343643   9.28  35.02
0.343879   9.29  35.02
0.344116   9.3  35.02
0.344471   9.31  35.02
0.34459   9.33  35.02
0.344828   9.33  35.02
0.345066   9.32  35.02
0.345304   9.33  35.02
0.345543   9.35  35.02
0.345901   9.37  35.02
0.346141   9.37  35.02
0.34638   9.37  35.02
0.3465   9.38  35.02
0.346741   9.39  35.02
0.346981   9.39  35.02
0.347222   9.39  35.02
0.347464   9.39  35.02
0.347705   9.39  35.02
0.347947   9.38  35.02
0.347947   9.4  35.02
0.348189   9.41  35.02
0.348432   9.42  35.02
0.348554   9.43  35.02
0.348918   9.41  35.02
0.349162   9.41  35.02
0.349284   9.43  35.02
0.349773   9.43  35.02
0.350018   9.45  35.02
0.350385   9.47  35.02
0.350754   9.49  35.02
0.351   9.48  35.02
0.351   9.47  35.02
0.351247   9.49  35.02
0.351617   9.5  35.02
0.351989   9.52  35.02
0.352237   9.53  35.02
0.352609   9.53  35.02
0.352858   9.54  35.02
0.353232   9.58  35.02
0.353482   9.57  35.02
0.353732   9.57  35.02
0.353982   9.59  35.02
0.354233   9.6  35.02
0.354484   9.59  35.02
0.354736   9.6  35.02
0.354988   9.61  35.02
0.35524   9.62  35.02
0.355619   9.63  35.02
0.355872   9.62  35.02
0.355999   9.64  35.02
0.356125   9.63  35.02
0.356379   9.64  35.02
0.356633   9.62  35.02
0.356888   9.64  35.02
0.357015   9.64  35.02
0.35727   9.64  35.02
0.357398   9.65  35.02
0.357654   9.65  35.02
0.357782   9.65  35.02
0.358038   9.68  35.02
0.358423   9.7  35.02
0.35868   9.7  35.02
0.358809   9.69  35.02
0.359066   9.71  35.02
0.359454   9.71  35.02
0.359842   9.73  35.02
0.36036   9.76  35.02
0.36062   9.76  35.02
0.360881   9.78  35.02
0.361141   9.79  35.02
0.361402   9.78  35.02
0.361664   9.77  35.02
0.361925   9.78  35.02
0.362056   9.8  35.02
0.362319   9.81  35.02
0.36245   9.82  35.02
0.362845   9.81  35.02
0.363108   9.81  35.01
0.363504   9.82  35.01
0.363901   9.83  35.01
0.364166   9.83  35.01
0.364564   9.87  35.01
0.36483   9.86  35.01
0.365097   9.87  35.01
0.365364   9.86  35.01
0.365631   9.89  35.01
0.366032   9.89  35.01
0.366166   9.89  35.01
0.3663   9.9  35.01
0.366703   9.9  35.01
0.366972   9.91  35.01
0.367242   9.92  35.01
0.367512   9.93  35.01
0.367918   9.93  35.01
0.368324   9.94  35.01
0.36846   9.94  35.01
0.368732   9.96  35.01
0.36914   9.97  35.01
0.369413   9.97  35.01
0.369822   9.99  35.01
0.370096   10.02  35.01
0.370233   10  35.01
0.370508   10  35.01
0.370782   10.03  35.01
0.371058   10.04  35.01
0.371333   10.03  35.01
0.371747   10.04  35.01
0.372162   10.05  35.01
0.372439   10.06  35.01
0.372578   10.07  35.01
0.372856   10.09  35.01
0.373134   10.11  35.01
0.373274   10.11  35.01
0.373552   10.14  35.01
0.373692   10.13  35.01
0.374111   10.14  35.01
0.374392   10.14  35.01
0.374532   10.14  35.01
0.374813   10.15  35.01
0.375094   10.16  35.01
0.375375   10.19  35.01
0.375657   10.18  35.01
0.37594   10.19  35.01
0.376364   10.19  35.01
0.376648   10.2  35.01
0.377074   10.21  35.01
0.377216   10.22  35.01
0.377501   10.22  35.01
0.377786   10.22  35.01
0.378072   10.23  35.01
0.378215   10.23  35.01
0.378501   10.24  35.01
0.378788   10.24  35.01
0.378931   10.23  35.01
0.379075   10.24  35.01
0.379363   10.25  35.01
0.379651   10.26  35.01
0.380084   10.25  35.01
0.380373   10.25  35.01
0.380662   10.26  35.01
0.380952   10.29  35.01
0.381243   10.28  35.01
0.381243   10.27  35.01
0.381388   10.27  35.01
0.381534   10.27  35.01
0.381825   10.29  35.01
0.381971   10.29  35.01
0.382409   10.29  35.01
0.382848   10.3  35.01
0.383289   10.31  35.01
0.38373   10.35  35.01
0.384172   10.36  35.01
0.384468   10.37  35.01
0.384763   10.38  35.01
0.38506   10.38  35.01
0.385356   10.38  35.01
0.385654   10.39  35.01
0.3861   10.4  35.01
0.386399   10.4  35.01
0.386847   10.4  35.01
0.386997   10.42  35.01
0.387447   10.43  35.01
0.387747   10.44  35.01
0.388048   10.46  35.01
0.388199   10.46  35.01
0.3885   10.48  35.01
0.388802   10.48  35.01
0.388954   10.48  35.01
0.389408   10.49  35.01
0.389712   10.5  35.01
0.390016   10.5  35.01
0.39032   10.5  35.01
0.390625   10.51  35.01
0.39093   10.52  35.01
0.391083   10.53  35.01
0.391543   10.55  35.01
0.391696   10.56  35.01
0.39185   10.57  35.01
0.392003   10.59  35.01
0.392311   10.6  35.01
0.392619   10.6  35.01
0.392927   10.61  35.01
0.393236   10.63  35.01
0.393546   10.66  35.01
0.394011   10.67  35.01
0.394166   10.67  35.01
0.394322   10.67  35.01
0.394477   10.68  35.01
0.394633   10.68  35.01
0.394945   10.68  35.01
0.395257   10.68  35.01
0.39557   10.68  35.01
0.395726   10.68  35.01
0.39604   10.68  35.01
0.396197   10.69  35.01
0.396197   10.69  35.01
0.396354   10.69  35.01
0.396354   10.69  35.01
0.396668   10.7  35.01
0.396983   10.7  35.01
0.397141   10.7  35.01
0.397298   10.7  35.01
0.397772   10.7  35.01
0.398248   10.7  35.01
0.398565   10.72  35.01
0.398883   10.72  35.01
0.399361   10.73  35.01
0.4   10.75  35.01
0.400481   10.78  35.01
0.400802   10.79  35.01
0.400962   10.79  35.01
0.401284   10.79  35.01
0.401606   10.8  35.01
0.401929   10.82  35.01
0.402253   10.85  35.01
0.402414   10.86  35.01
0.402576   10.88  35.01
0.402901   10.9  35.01
0.403226   10.91  35.01
0.403551   10.92  35.01
0.403877   10.93  35.01
0.404367   10.95  35.01
0.404694   10.96  35.01
0.404858   10.97  35.01
0.405186   10.98  35.01
0.405515   10.99  35.01
0.40568   11  35.01
0.406009   11.01  35.01
0.406174   11.02  35.01
0.406669   11.03  35.01
0.407   11.04  35.01
0.407332   11.05  35.01
0.407498   11.06  35.01
0.407664   11.07  35.01
0.408163   11.08  35.01
0.40833   11.08  35.01
0.408497   11.08  35.01
0.408831   11.1  35.01
0.409165   11.11  35.01
0.4095   11.12  35.01
0.409836   11.12  35.01
0.410004   11.13  35.01
0.410172   11.13  35.01
0.410172   11.14  35.01
0.410341   11.15  35.01
0.410509   11.16  35.01
0.410846   11.16  35.01
0.411184   11.16  35.01
0.411184   11.16  35.01
0.411523   11.17  35.01
0.411692   11.18  35.01
0.411862   11.19  35.01
0.412031   11.19  35.01
0.412201   11.2  35.01
0.412371   11.2  35.01
0.412541   11.2  35.01
0.412712   11.21  35.01
0.413052   11.22  35.01
0.413223   11.23  35.01
0.413565   11.23  35.01
0.413736   11.24  35.01
0.413907   11.25  35.01
0.413907   11.25  35.01
0.414079   11.26  35.01
0.41425   11.26  35.01
0.41425   11.27  35.01
0.414422   11.27  35.01
0.414594   11.27  35.01
0.414938   11.28  35.01
0.41511   11.29  35.01
0.415282   11.29  35.01
0.415455   11.3  35.01
0.4158   11.31  35.01
0.416146   11.32  35.01
0.41632   11.32  35.01
0.416667   11.35  35.01
0.417014   11.36  35.01
0.417362   11.37  35.01
0.417537   11.37  35.01
0.417711   11.38  35.01
0.41806   11.38  35.01
0.41841   11.39  35.01
0.41876   11.4  35.01
0.419111   11.41  35.01
0.419463   11.41  35.01
0.419815   11.42  35.01
0.419992   11.43  35.01
0.420345   11.43  35.01
0.420521   11.44  35.01
0.420698   11.46  35.01
0.421053   11.46  35.01
0.42123   11.48  35.01
0.421408   11.49  35.01
0.421585   11.49  35.01
0.421941   11.5  35.01
0.422119   11.5  35.01
0.422297   11.5  35.01
0.422476   11.51  35.01
0.422833   11.52  35.01
0.423012   11.53  35.01
0.423191   11.54  35.01
0.423549   11.54  35.01
0.423729   11.54  35.01
0.423908   11.55  35.01
0.424088   11.55  35.01
0.424088   11.55  35.01
0.424268   11.56  35.01
0.424628   11.57  35.01
0.424809   11.57  35.01
0.424989   11.57  35.01
0.424989   11.57  35.01
0.42517   11.58  35.01
0.425532   11.59  35.01
0.425894   11.59  35.01
0.426076   11.6  35.01
0.426439   11.6  35.01
0.426621   11.61  35.01
0.426985   11.62  35.01
0.427168   11.63  35.01
0.427533   11.64  35.01
0.427899   11.65  35.01
0.428082   11.66  35.01
0.428266   11.66  35.01
0.428449   11.68  35.01
0.428816   11.69  35.01
0.429   11.7  35.01
0.429369   11.71  35.01
0.429738   11.72  35.01
0.430108   11.73  35.01
0.430293   11.74  35.01
0.430663   11.74  35.01
0.431034   11.75  35.01
0.43122   11.76  35.01
0.431779   11.77  35.01
0.432152   11.78  35.01
0.432339   11.78  35.01
0.432339   11.79  35.01
0.432713   11.8  35.01
0.4329   11.81  35.01
0.433276   11.82  35.01
0.433651   11.83  35.01
0.433839   11.84  35.01
0.434216   11.85  35.01
0.434783   11.86  35.01
0.435161   11.86  35.01
0.43554   11.87  35.01
0.43573   11.87  35.01
0.43611   11.89  35.01
0.436491   11.9  35.01
0.436681   11.9  35.01
0.436872   11.91  35
0.437063   11.92  35
0.437254   11.93  35
0.437637   11.94  35
0.43802   11.95  35
0.438212   11.96  35
0.438596   11.96  35
0.438982   11.97  35
0.439174   11.98  35
0.43956   11.99  35
0.439754   12  35
0.439947   12  35
0.440141   12.01  35
0.440335   12.01  35
0.440723   12.02  35
0.440917   12.03  35
0.441112   12.03  35
0.441501   12.04  35
0.441696   12.05  35
0.442087   12.05  35
0.442478   12.05  35
0.44287   12.06  35
0.443459   12.08  35
0.443656   12.1  35
0.44405   12.1  35
0.444247   12.11  35
0.444444   12.12  35
0.444444   12.13  35
0.444642   12.13  35
0.44484   12.13  35
0.445038   12.14  35
0.445434   12.14  35
0.445633   12.15  35
0.445831   12.15  35
0.44603   12.17  35
0.446229   12.17  35
0.446628   12.18  35
0.446828   12.19  35
0.447227   12.2  35
0.447628   12.21  35
0.447828   12.21  35
0.448029   12.22  35
0.44843   12.24  35
0.448632   12.25  35
0.448833   12.25  35
0.449236   12.26  35
0.44964   12.27  35
0.44964   12.27  35
0.450248   12.28  35
0.450653   12.29  35
0.45106   12.31  35
0.45106   12.31  35
0.451264   12.32  35
0.451467   12.33  35
0.451875   12.34  35
0.45208   12.34  35
0.452284   12.35  35
0.452489   12.36  35
0.452694   12.36  35
0.452899   12.37  35
0.453309   12.39  35
0.453515   12.39  35
0.453926   12.41  35
0.454339   12.41  35
0.454752   12.42  35
0.455166   12.44  35
0.455373   12.44  35
0.455581   12.45  35
0.455996   12.45  35
0.456204   12.45  35
0.456413   12.46  35
0.456621   12.46  35
0.45683   12.47  35
0.45683   12.48  35
0.457038   12.48  35
0.457247   12.49  35
0.457247   12.49  35
0.457457   12.49  35
0.457666   12.51  35
0.458085   12.52  35
0.458295   12.52  35
0.458505   12.52  35
0.458926   12.52  35
0.459137   12.54  35
0.459559   12.54  35
0.45977   12.55  35
0.459982   12.55  35
0.460193   12.56  35
0.460617   12.57  35
0.460829   12.57  35
0.461042   12.57  35
0.461255   12.59  35
0.461255   12.6  35
0.461467   12.6  35
0.461467   12.61  35
0.461894   12.62  35
0.461894   12.62  35
0.462321   12.63  35
0.462321   12.64  35
0.462535   12.64  35
0.462963   12.64  35
0.463177   12.65  35
0.463392   12.65  35
0.463607   12.66  35
0.463607   12.66  35
0.464037   12.68  35
0.464253   12.68  35
0.464684   12.7  35
0.465333   12.72  35
0.4662   12.74  35
0.466636   12.75  35
0.467071   12.76  35
0.46729   12.77  35
0.467727   12.78  35
0.467946   12.78  35
0.468165   12.79  35
0.468165   12.8  35
0.468384   12.8  35
0.468604   12.81  35
0.468823   12.81  35
0.469043   12.82  35
0.469043   12.82  35
0.469263   12.82  35
0.469263   12.82  35
0.469484   12.83  35
0.469484   12.83  35
0.469484   12.83  35
0.469704   12.83  35
0.469704   12.84  35
0.469704   12.84  35
0.469704   12.84  35
0.469925   12.84  35
0.469925   12.85  35
0.469925   12.85  35
0.469925   12.86  35
0.470146   12.86  35
0.470367   12.86  35
0.470367   12.87  35
0.470588   12.87  35
0.470588   12.88  35
0.47081   12.88  35
0.471032   12.89  35
0.471254   12.89  35
0.471476   12.89  35
0.471698   12.9  35
0.471921   12.9  35
0.472144   12.91  35
0.472367   12.92  35
0.472813   12.92  35
0.472813   12.93  35
0.473037   12.94  35
0.473485   12.94  35
0.473709   12.95  35
0.473934   12.96  35
0.474158   12.96  35
0.474158   12.97  35
0.474608   12.97  34.99
0.474834   12.98  35
0.475285   12.99  35
0.475285   13  34.99
0.475511   13  34.99
0.475511   13  34.99
0.475964   13.01  34.99
0.47619   13.02  34.99
0.476417   13.03  34.99
0.476644   13.04  34.99
0.476872   13.04  34.99
0.477099   13.04  34.99
0.477327   13.05  34.99
0.477555   13.06  34.99
0.477783   13.07  34.99
0.478011   13.07  34.99
0.47824   13.07  34.99
0.47824   13.07  34.99
0.478698   13.08  34.99
0.478927   13.1  34.99
0.479157   13.11  34.99
0.479616   13.12  34.99
0.479846   13.12  34.99
0.479846   13.13  34.99
0.480077   13.13  34.99
0.480307   13.13  34.99
0.480538   13.14  34.99
0.480769   13.14  34.99
0.481   13.14  34.99
0.481   13.15  34.99
0.481232   13.16  34.99
0.481464   13.17  34.99
0.481696   13.18  34.99
0.48216   13.19  34.99
0.482393   13.2  34.99
0.482625   13.2  34.99
0.482625   13.21  34.99
0.482625   13.22  34.99
0.483092   13.22  34.99
0.483325   13.23  34.99
0.483559   13.23  34.99
0.483559   13.24  34.99
0.483793   13.24  34.99
0.484027   13.25  34.99
0.484262   13.26  34.99
0.484262   13.26  34.99
0.484496   13.26  34.99
0.484966   13.28  34.99
0.485201   13.29  34.99
0.485437   13.29  34.99
0.485437   13.3  34.99
0.485673   13.31  34.99
0.485909   13.32  34.99
0.486145   13.32  34.99
0.486618   13.33  34.99
0.486855   13.34  34.99
0.487092   13.34  34.99
0.487567   13.34  34.99
0.487567   13.36  34.99
0.488043   13.37  34.99
0.488043   13.37  34.99
0.48852   13.37  34.99
0.48852   13.37  34.99
0.488998   13.38  34.99
0.489476   13.4  34.99
0.489476   13.4  34.99
0.489476   13.4  34.99
0.489956   13.42  34.99
0.490436   13.43  34.99
0.490918   13.44  34.99
0.490918   13.44  34.99
0.490918   13.44  34.99
0.490918   13.44  34.99
0.4914   13.46  34.99
0.491884   13.47  34.99
0.492368   13.48  34.99
0.492368   13.49  34.99
0.492611   13.5  34.99
0.492854   13.5  34.99
0.493097   13.5  34.99
0.49334   13.51  34.99
0.49334   13.52  34.99
0.49334   13.52  34.99
0.493583   13.52  34.99
0.493827   13.52  34.99
0.493827   13.52  34.99
0.494071   13.53  34.99
0.494071   13.53  34.99
0.494315   13.54  34.99
0.494315   13.54  34.99
0.494315   13.54  34.99
0.49456   13.55  34.99
0.494805   13.55  34.99
0.494805   13.55  34.99
0.49505   13.56  34.99
0.495295   13.57  34.99
0.49554   13.57  34.99
0.495786   13.58  34.99
0.495786   13.58  34.99
0.496032   13.58  34.99
0.496032   13.58  34.99
0.496032   13.58  34.99
0.496278   13.6  34.99
0.496524   13.6  34.99
0.496524   13.61  34.99
0.496771   13.61  34.99
0.496771   13.62  34.99
0.497018   13.62  34.99
0.497265   13.62  34.99
0.497512   13.63  34.99
0.498008   13.65  34.99
0.498008   13.65  34.99
0.498008   13.65  34.99
0.498256   13.65  34.99
0.498256   13.66  34.99
0.498504   13.67  34.99
0.498753   13.67  34.99
0.499002   13.67  34.99
0.499002   13.67  34.99
0.499002   13.67  34.99
0.499002   13.67  34.99
0.499002   13.68  34.99
0.499002   13.68  34.99
0.499251   13.68  34.99
0.499251   13.68  34.99
0.499251   13.69  34.99
0.4995   13.7  34.99
0.4995   13.71  34.99
0.4995   13.71  34.99
0.49975   13.72  34.99
0.49975   13.72  34.99
0.5   13.72  34.99
0.50025   13.72  34.99
0.50025   13.73  34.99
0.500501   13.73  34.99
0.500751   13.73  34.99
0.500751   13.74  34.99
0.500751   13.74  34.99
0.501002   13.74  34.99
0.501253   13.75  34.99
0.501253   13.75  34.99
0.501505   13.75  34.99
0.501756   13.75  34.99
0.501756   13.76  34.99
0.502008   13.76  34.99
0.502008   13.77  34.99
0.50226   13.78  34.99
0.502513   13.78  34.99
0.502765   13.78  34.99
0.502765   13.79  34.99
0.503271   13.8  34.99
0.503525   13.81  34.99
0.503525   13.82  34.99
0.503778   13.82  34.99
0.503778   13.82  34.99
0.504032   13.83  34.99
0.504286   13.83  34.99
0.504541   13.83  34.99
0.504796   13.85  34.99
0.504796   13.85  34.99
0.505051   13.85  34.99
0.505306   13.85  34.99
0.505306   13.86  34.98
0.505561   13.87  34.99
0.505817   13.87  34.98
0.506073   13.88  34.99
0.506073   13.88  34.98
0.506329   13.9  34.98
0.506586   13.9  34.98
0.506842   13.91  34.98
0.507099   13.91  34.98
0.507614   13.92  34.98
0.50813   13.93  34.98
0.508388   13.94  34.98
0.508647   13.95  34.98
0.508906   13.95  34.98
0.508906   13.96  34.98
0.509165   13.97  34.98
0.509684   13.97  34.98
0.509684   13.97  34.98
0.509944   13.98  34.98
0.510465   14  34.98
0.510725   14.01  34.98
0.510986   14.02  34.98
0.511247   14.02  34.98
0.511247   14.03  34.98
0.511509   14.03  34.98
0.511771   14.03  34.98
0.512033   14.05  34.98
0.512295   14.05  34.98
0.512558   14.07  34.98
0.513084   14.07  34.98
0.513084   14.08  34.98
0.513084   14.08  34.98
0.513347   14.09  34.98
0.513611   14.09  34.98
0.513611   14.1  34.98
0.513875   14.11  34.98
0.514139   14.12  34.98
0.514403   14.12  34.98
0.514403   14.13  34.98
0.514668   14.13  34.98
0.514933   14.13  34.98
0.515198   14.14  34.98
0.515198   14.14  34.98
0.515464   14.15  34.98
0.51573   14.16  34.98
0.515996   14.17  34.98
0.516262   14.17  34.98
0.516262   14.18  34.98
0.516262   14.18  34.98
0.516529   14.18  34.98
0.516529   14.19  34.98
0.516796   14.2  34.98
0.517063   14.2  34.98
0.517331   14.2  34.98
0.517598   14.21  34.98
0.517866   14.22  34.98
0.517866   14.22  34.98
0.517866   14.22  34.98
0.518135   14.23  34.98
0.518403   14.24  34.98
0.518672   14.25  34.98
0.518941   14.26  34.98
0.519211   14.26  34.98
0.519211   14.26  34.98
0.519211   14.26  34.98
0.519211   14.27  34.98
0.519481   14.27  34.98
0.519751   14.28  34.98
0.520021   14.28  34.98
0.520021   14.29  34.98
0.520291   14.3  34.98
0.520562   14.3  34.98
0.520833   14.3  34.98
0.520833   14.3  34.98
0.520833   14.3  34.98
0.521105   14.32  34.98
0.521376   14.32  34.98
0.521376   14.33  34.98
0.521648   14.34  34.98
0.521648   14.34  34.98
0.521921   14.34  34.98
0.521921   14.35  34.98
0.522193   14.35  34.98
0.522193   14.36  34.98
0.522466   14.36  34.98
0.522739   14.36  34.98
0.523013   14.38  34.98
0.523286   14.39  34.98
0.52356   14.39  34.98
0.523834   14.4  34.98
0.524384   14.4  34.98
0.524384   14.4  34.98
0.524659   14.42  34.98
0.524934   14.42  34.98
0.524934   14.42  34.98
0.525486   14.43  34.98
0.525762   14.44  34.98
0.526039   14.44  34.98
0.526039   14.45  34.98
0.526316   14.46  34.98
0.52687   14.47  34.98
0.52687   14.48  34.98
0.527148   14.48  34.98
0.527426   14.49  34.98
0.527983   14.5  34.98
0.528262   14.51  34.98
0.528541   14.52  34.98
0.528541   14.52  34.98
0.528821   14.52  34.98
0.528821   14.53  34.98
0.529101   14.54  34.98
0.529381   14.54  34.98
0.529381   14.54  34.98
0.529661   14.54  34.98
0.529661   14.56  34.98
0.529942   14.56  34.98
0.529942   14.56  34.98
0.530223   14.56  34.98
0.530504   14.58  34.98
0.530786   14.58  34.98
0.531067   14.58  34.98
0.531067   14.58  34.98
0.531067   14.59  34.98
0.53135   14.6  34.98
0.531632   14.61  34.98
0.531915   14.62  34.98
0.532198   14.62  34.98
0.532198   14.63  34.98
0.532481   14.64  34.98
0.532481   14.64  34.98
0.532765   14.65  34.98
0.532765   14.66  34.98
0.533049   14.66  34.98
0.533049   14.66  34.98
0.533333   14.66  34.98
0.533618   14.66  34.98
0.533618   14.67  34.98
0.533903   14.68  34.98
0.533903   14.68  34.98
0.534188   14.69  34.98
0.534474   14.69  34.98
0.534759   14.7  34.98
0.534759   14.7  34.98
0.535045   14.71  34.98
0.535332   14.71  34.98
0.535619   14.72  34.98
0.535619   14.72  34.98
0.535906   14.73  34.98
0.536193   14.74  34.98
0.536481   14.75  34.98
0.536481   14.75  34.98
0.536769   14.75  34.98
0.536769   14.76  34.98
0.537057   14.77  34.98
0.537057   14.77  34.98
0.537057   14.77  34.98
0.537346   14.78  34.98
0.537634   14.79  34.98
0.537634   14.79  34.98
0.537634   14.79  34.98
0.537634   14.79  34.98
0.537924   14.79  34.98
0.538213   14.81  34.98
0.538503   14.81  34.98
0.538793   14.81  34.98
0.538793   14.82  34.98
0.538793   14.83  34.98
0.539084   14.83  34.98
0.539374   14.83  34.98
0.539957   14.84  34.98
0.540249   14.85  34.97
0.540541   14.86  34.97
0.540833   14.87  34.97
0.541126   14.88  34.97
0.541419   14.89  34.97
0.541712   14.9  34.97
0.542005   14.91  34.97
0.542299   14.91  34.97
0.542299   14.91  34.97
0.542299   14.91  34.97
0.542594   14.92  34.97
0.542594   14.93  34.97
0.542888   14.93  34.97
0.543183   14.94  34.97
0.543478   14.95  34.97
0.543774   14.95  34.97
0.543774   14.95  34.97
0.54407   14.96  34.97
0.54407   14.96  34.97
0.544366   14.97  34.97
0.544662   14.98  34.97
0.545256   15  34.97
0.545554   15  34.97
0.545852   15  34.97
0.545852   15.01  34.97
0.54615   15.02  34.97
0.546448   15.02  34.97
0.546747   15.02  34.97
0.547046   15.04  34.97
0.547046   15.04  34.97
0.547345   15.05  34.97
0.547345   15.05  34.97
0.547645   15.06  34.97
0.547945   15.08  34.97
0.548246   15.08  34.97
0.548546   15.09  34.97
0.548847   15.1  34.97
0.548847   15.1  34.97
0.549149   15.1  34.97
0.549149   15.11  34.97
0.549451   15.11  34.97
0.549753   15.12  34.97
0.549753   15.12  34.97
0.549753   15.12  34.97
0.550055   15.12  34.97
0.550358   15.13  34.97
0.550358   15.13  34.97
0.550358   15.14  34.97
0.550661   15.15  34.97
0.550661   15.15  34.97
0.550964   15.15  34.97
0.550964   15.16  34.97
0.550964   15.17  34.97
0.551268   15.17  34.97
0.551572   15.17  34.97
0.551572   15.17  34.97
0.551572   15.18  34.97
0.551876   15.18  34.97
0.551876   15.19  34.97
0.552181   15.19  34.97
0.552181   15.2  34.97
0.552486   15.21  34.97
0.552486   15.21  34.97
0.552792   15.21  34.97
0.553097   15.22  34.97
0.553097   15.23  34.97
0.553403   15.23  34.97
0.553403   15.23  34.97
0.553403   15.23  34.97
0.553403   15.23  34.97
0.55371   15.24  34.97
0.55371   15.25  34.97
0.55371   15.25  34.97
0.55371   15.25  34.97
0.554017   15.25  34.97
0.554017   15.25  34.97
0.554017   15.25  34.97
0.554324   15.25  34.97
0.554324   15.26  34.97
0.554631   15.26  34.97
0.554631   15.27  34.97
0.554631   15.27  34.97
0.554939   15.27  34.97
0.554939   15.27  34.97
0.554939   15.27  34.97
0.555247   15.29  34.97
0.555247   15.29  34.97
0.555556   15.3  34.97
0.555556   15.3  34.97
0.555556   15.3  34.97
0.555864   15.3  34.97
0.555864   15.3  34.97
0.555864   15.3  34.97
0.555864   15.3  34.97
0.556174   15.31  34.97
0.556174   15.32  34.97
0.556483   15.32  34.97
0.556793   15.33  34.97
0.557103   15.34  34.97
0.557414   15.34  34.97
0.557724   15.35  34.97
0.558036   15.36  34.97
0.558347   15.36  34.97
0.558659   15.37  34.97
0.558971   15.38  34.97
0.558971   15.39  34.97
0.559284   15.39  34.97
0.559284   15.4  34.97
0.559597   15.4  34.97
0.559597   15.4  34.97
0.55991   15.4  34.97
0.55991   15.42  34.97
0.560224   15.42  34.97
0.560224   15.42  34.97
0.560538   15.42  34.97
0.560852   15.44  34.97
0.561167   15.44  34.97
0.561482   15.44  34.97
0.561798   15.46  34.97
0.561798   15.47  34.97
0.562114   15.48  34.97
0.56243   15.48  34.97
0.562746   15.49  34.97
0.562746   15.49  34.97
0.562746   15.5  34.97
0.563063   15.5  34.97
0.563063   15.5  34.97
0.56338   15.5  34.97
0.563698   15.5  34.97
0.563698   15.51  34.97
0.564016   15.52  34.97
0.564016   15.53  34.97
0.564334   15.53  34.97
0.564653   15.53  34.97
0.564653   15.54  34.97
0.564972   15.55  34.97
0.564972   15.55  34.97
0.564972   15.56  34.97
0.565291   15.57  34.97
0.565291   15.57  34.97
0.565611   15.58  34.97
0.565931   15.59  34.97
0.565931   15.59  34.97
0.566251   15.59  34.97
0.566572   15.59  34.97
0.566572   15.6  34.97
0.566893   15.61  34.97
0.567215   15.61  34.97
0.567215   15.63  34.97
0.567537   15.63  34.97
0.567859   15.63  34.97
0.567859   15.63  34.96
0.568182   15.64  34.97
0.568182   15.65  34.97
0.568182   15.65  34.97
0.568505   15.65  34.97
0.568828   15.67  34.97
0.568828   15.67  34.97
0.569152   15.67  34.97
0.569476   15.68  34.96
0.569801   15.69  34.97
0.569801   15.69  34.97
0.569801   15.7  34.97
0.570451   15.71  34.97
0.570776   15.73  34.97
0.571102   15.74  34.96
0.571755   15.75  34.97
0.57241   15.77  34.96
0.57241   15.77  34.96
0.572738   15.78  34.96
0.572738   15.78  34.96
0.573066   15.79  34.96
0.573394   15.8  34.96
0.573394   15.8  34.96
0.573723   15.81  34.97
0.574053   15.82  34.97
0.574053   15.82  34.96
0.574053   15.82  34.96
0.574383   15.82  34.96
0.574383   15.83  34.96
0.574713   15.84  34.96
0.575043   15.84  34.96
0.575374   15.84  34.96
0.575705   15.86  34.96
0.576037   15.87  34.96
0.576369   15.88  34.96
0.576701   15.88  34.97
0.577034   15.89  34.97
0.577034   15.9  34.97
0.577367   15.9  34.97
0.577701   15.9  34.96
0.578035   15.92  34.96
0.578369   15.93  34.97
0.578704   15.94  34.96
0.579039   15.94  34.96
0.579374   15.96  34.96
0.57971   15.97  34.96
0.580046   15.98  34.96
0.580383   15.98  34.96
0.580383   15.99  34.96
0.58072   16  34.96
0.58072   16  34.96
0.581058   16.01  34.96
0.581395   16.02  34.96
0.581734   16.02  34.96
0.581734   16.03  34.96
0.582072   16.04  34.96
0.582411   16.05  34.96
0.582411   16.06  34.96
0.582751   16.06  34.96
0.582751   16.06  34.96
0.582751   16.06  34.96
0.58309   16.07  34.96
0.58309   16.08  34.96
0.58309   16.08  34.96
0.583431   16.08  34.96
0.583431   16.08  34.96
0.583771   16.09  34.96
0.584112   16.1  34.96
0.584112   16.1  34.96
0.584112   16.1  34.96
0.584454   16.1  34.96
0.584795   16.12  34.96
0.584795   16.12  34.96
0.584795   16.12  34.96
0.585138   16.13  34.96
0.58548   16.14  34.96
0.58548   16.14  34.96
0.585823   16.14  34.96
0.585823   16.15  34.96
0.586166   16.16  34.96
0.586166   16.16  34.96
0.58651   16.17  34.96
0.586854   16.18  34.96
0.586854   16.18  34.96
0.586854   16.2  34.96
0.587199   16.2  34.96
0.587544   16.2  34.96
0.587544   16.2  34.96
0.587889   16.21  34.96
0.587889   16.21  34.96
0.588235   16.22  34.96
0.588235   16.22  34.96
0.588582   16.23  34.96
0.588928   16.24  34.96
0.588928   16.24  34.96
0.589275   16.25  34.96
0.589623   16.25  34.96
0.589623   16.26  34.96
0.589971   16.27  34.96
0.590319   16.28  34.96
0.590319   16.29  34.96
0.590319   16.29  34.96
0.590667   16.29  34.96
0.590667   16.29  34.96
0.590667   16.29  34.96
0.590667   16.29  34.96
0.591017   16.29  34.96
0.591017   16.3  34.96
0.591366   16.3  34.96
0.591366   16.3  34.96
0.591366   16.31  34.96
0.591366   16.32  34.96
0.591716   16.32  34.96
0.591716   16.32  34.96
0.591716   16.32  34.96
0.591716   16.32  34.96
0.591716   16.32  34.96
0.591716   16.32  34.96
0.592066   16.33  34.96
0.592066   16.33  34.96
0.592417   16.33  34.96
0.592417   16.34  34.96
0.592768   16.35  34.96
0.59312   16.36  34.96
0.59312   16.36  34.96
0.593472   16.37  34.96
0.593472   16.37  34.96
0.593824   16.37  34.96
0.593824   16.38  34.96
0.594177   16.38  34.96
0.594177   16.38  34.96
0.594177   16.38  34.96
0.59453   16.38  34.96
0.59453   16.39  34.96
0.59453   16.39  34.96
0.59453   16.4  34.96
0.594884   16.4  34.96
0.595238   16.42  34.96
0.595238   16.42  34.96
0.595593   16.42  34.96
0.595593   16.43  34.96
0.595593   16.43  34.96
0.595948   16.44  34.96
0.595948   16.44  34.96
0.595948   16.44  34.96
0.596303   16.44  34.96
0.596303   16.45  34.96
0.596659   16.46  34.96
0.596659   16.46  34.96
0.597015   16.46  34.96
0.597015   16.47  34.96
0.597372   16.47  34.96
0.597372   16.48  34.96
0.597729   16.48  34.96
0.597729   16.5  34.96
0.598086   16.5  34.96
0.598086   16.5  34.96
0.598086   16.5  34.96
0.598086   16.5  34.96
0.598444   16.51  34.96
0.598444   16.51  34.96
0.598444   16.51  34.96
0.598444   16.51  34.96
0.598802   16.52  34.96
0.598802   16.52  34.96
0.599161   16.52  34.96
0.599161   16.53  34.96
0.59952   16.54  34.96
0.59952   16.54  34.96
0.59988   16.55  34.96
0.59988   16.56  34.96
0.60024   16.56  34.95
0.60024   16.56  34.95
0.600601   16.56  34.95
0.600601   16.57  34.95
0.600601   16.58  34.95
0.600601   16.58  34.95
0.600601   16.58  34.95
0.600962   16.58  34.95
0.600962   16.59  34.95
0.600962   16.6  34.95
0.601323   16.6  34.95
0.601323   16.6  34.95
0.601323   16.6  34.95
0.601685   16.62  34.95
0.601685   16.62  34.95
0.601685   16.62  34.95
0.602047   16.62  34.95
0.602047   16.63  34.95
0.60241   16.64  34.95
0.602773   16.64  34.95
0.603136   16.64  34.95
0.603136   16.66  34.95
0.6035   16.66  34.95
0.603865   16.67  34.95
0.60423   16.68  34.95
0.60423   16.68  34.95
0.604595   16.68  34.95
0.604595   16.69  34.95
0.604595   16.7  34.95
0.604961   16.7  34.95
0.604961   16.7  34.95
0.604961   16.71  34.95
0.605327   16.72  34.95
0.605327   16.72  34.95
0.605694   16.73  34.95
0.605694   16.73  34.95
0.606061   16.74  34.95
0.606061   16.74  34.95
0.606061   16.74  34.95
0.606428   16.74  34.95
0.606428   16.74  34.95
0.606796   16.75  34.95
0.606796   16.75  34.95
0.606796   16.75  34.95
0.607165   16.76  34.95
0.607165   16.76  34.95
0.607165   16.77  34.95
0.607165   16.77  34.95
0.607165   16.77  34.95
0.607165   16.77  34.95
0.607533   16.77  34.95
0.607533   16.77  34.95
0.607533   16.78  34.95
0.607903   16.79  34.95
0.607903   16.79  34.95
0.608273   16.79  34.95
0.608273   16.79  34.95
0.608643   16.8  34.95
0.608643   16.81  34.95
0.609013   16.81  34.95
0.609385   16.82  34.95
0.609385   16.83  34.95
0.609756   16.83  34.95
0.610128   16.83  34.95
0.610128   16.84  34.95
0.610501   16.84  34.95
0.610501   16.84  34.95
0.610874   16.85  34.95
0.610874   16.86  34.95
0.611247   16.86  34.95
0.611247   16.87  34.95
0.611621   16.88  34.95
0.611995   16.9  34.95
0.61237   16.9  34.95
0.612745   16.91  34.95
0.612745   16.91  34.95
0.613121   16.91  34.95
0.613121   16.91  34.95
0.613121   16.92  34.95
0.613121   16.93  34.95
0.613121   16.93  34.95
0.613497   16.93  34.95
0.613497   16.93  34.95
0.613874   16.95  34.95
0.613874   16.95  34.95
0.614251   16.95  34.95
0.614251   16.96  34.95
0.614628   16.96  34.95
0.614628   16.97  34.95
0.614628   16.97  34.95
0.615006   16.97  34.95
0.615006   16.98  34.95
0.615006   16.99  34.95
0.615385   17  34.95
0.615385   17  34.95
0.615764   17.01  34.95
0.616143   17.02  34.95
0.616143   17.02  34.95
0.616143   17.03  34.95
0.616523   17.04  34.95
0.616903   17.04  34.95
0.616903   17.04  34.95
0.616903   17.05  34.95
0.617284   17.06  34.95
0.617284   17.06  34.95
0.617665   17.07  34.95
0.617665   17.07  34.95
0.618047   17.08  34.95
0.618047   17.09  34.95
0.618047   17.09  34.95
0.618047   17.09  34.95
0.618429   17.09  34.95
0.618429   17.09  34.95
0.618429   17.11  34.95
0.618812   17.11  34.95
0.619195   17.12  34.95
0.619195   17.12  34.95
0.619579   17.13  34.95
0.619579   17.13  34.95
0.619963   17.13  34.95
0.620347   17.14  34.95
0.620347   17.14  34.95
0.620732   17.15  34.95
0.621118   17.16  34.95
0.621118   17.17  34.95
0.621504   17.18  34.95
0.621891   17.19  34.95
0.621891   17.2  34.95
0.622278   17.2  34.95
0.622278   17.2  34.95
0.622665   17.21  34.95
0.622665   17.22  34.95
0.623053   17.23  34.95
0.623053   17.23  34.95
0.623053   17.23  34.95
0.623053   17.23  34.95
0.623441   17.23  34.95
0.623441   17.23  34.95
0.623441   17.24  34.95
0.623441   17.24  34.95
0.623441   17.24  34.95
0.623441   17.24  34.95
0.62383   17.24  34.95
0.62383   17.24  34.95
0.62383   17.25  34.95
0.62422   17.26  34.95
0.62422   17.26  34.95
0.62422   17.26  34.95
0.62422   17.26  34.95
0.62461   17.27  34.95
0.62461   17.27  34.95
0.62461   17.27  34.95
0.62461   17.27  34.95
0.625   17.27  34.95
0.625   17.27  34.95
0.625391   17.28  34.95
0.625391   17.29  34.95
0.625391   17.29  34.95
0.625391   17.29  34.95
0.625782   17.29  34.95
0.625782   17.29  34.95
0.626174   17.3  34.95
0.626174   17.3  34.95
0.626566   17.3  34.95
0.626566   17.3  34.95
0.626566   17.31  34.95
0.626566   17.31  34.95
0.626959   17.31  34.94
0.626959   17.32  34.95
0.627353   17.33  34.94
0.627353   17.33  34.95
0.627353   17.33  34.94
0.627353   17.33  34.94
0.627746   17.34  34.94
0.627746   17.34  34.94
0.628141   17.34  34.94
0.628141   17.36  34.94
0.628536   17.36  34.94
0.628536   17.37  34.94
0.628931   17.38  34.94
0.628931   17.39  34.94
0.629327   17.39  34.94
0.629723   17.4  34.94
0.629723   17.4  34.94
0.63012   17.42  34.94
0.63012   17.42  34.94
0.630517   17.42  34.94
0.630517   17.43  34.94
0.630517   17.44  34.94
0.630915   17.45  34.94
0.630915   17.45  34.94
0.631313   17.46  34.94
0.631313   17.47  34.94
0.631313   17.48  34.94
0.631712   17.48  34.94
0.631712   17.48  34.94
0.632111   17.49  34.94
0.632111   17.49  34.94
0.632511   17.49  34.94
0.632511   17.49  34.94
0.632511   17.49  34.94
0.632911   17.49  34.94
0.632911   17.5  34.94
0.632911   17.51  34.94
0.633312   17.52  34.94
0.633312   17.52  34.94
0.633312   17.52  34.94
0.633714   17.53  34.94
0.633714   17.53  34.94
0.634115   17.54  34.94
0.634115   17.55  34.94
0.634115   17.55  34.94
0.634115   17.56  34.94
0.634518   17.56  34.94
0.634921   17.57  34.94
0.634921   17.58  34.94
0.635324   17.58  34.94
0.635728   17.59  34.94
0.636132   17.6  34.94
0.636537   17.61  34.94
0.636537   17.62  34.94
0.636943   17.62  34.94
0.636943   17.63  34.94
0.637349   17.64  34.94
0.637349   17.64  34.94
0.637349   17.64  34.94
0.637349   17.64  34.94
0.637349   17.64  34.94
0.637755   17.64  34.94
0.637755   17.65  34.94
0.637755   17.65  34.94
0.637755   17.65  34.94
0.638162   17.66  34.94
0.638162   17.66  34.94
0.638162   17.67  34.94
0.63857   17.68  34.94
0.63857   17.68  34.94
0.638978   17.68  34.94
0.638978   17.69  34.94
0.639386   17.69  34.94
0.639386   17.7  34.94
0.639386   17.7  34.94
0.639795   17.71  34.94
0.639795   17.71  34.94
0.640205   17.72  34.94
0.640205   17.72  34.94
0.640615   17.73  34.94
0.640615   17.74  34.94
0.640615   17.74  34.94
0.641026   17.74  34.94
0.641437   17.75  34.94
0.641437   17.75  34.94
0.641849   17.75  34.94
0.641849   17.75  34.94
0.641849   17.76  34.94
0.642261   17.76  34.94
0.642674   17.77  34.94
0.642674   17.77  34.94
0.643087   17.78  34.94
0.643087   17.79  34.94
0.643501   17.79  34.94
0.643501   17.79  34.94
0.643915   17.79  34.94
0.643915   17.79  34.94
0.643915   17.8  34.94
0.643915   17.8  34.94
0.64433   17.81  34.94
0.64433   17.81  34.94
0.64433   17.81  34.94
0.64433   17.82  34.94
0.644745   17.82  34.94
0.644745   17.83  34.94
0.644745   17.83  34.94
0.645161   17.84  34.94
0.645161   17.84  34.94
0.645161   17.85  34.94
0.645578   17.85  34.94
0.645578   17.86  34.94
0.645578   17.86  34.94
0.645578   17.87  34.94
0.645995   17.87  34.94
0.645995   17.88  34.94
0.645995   17.88  34.94
0.646412   17.89  34.94
0.646412   17.89  34.94
0.646412   17.9  34.94
0.646831   17.9  34.94
0.646831   17.91  34.94
0.646831   17.92  34.94
0.647249   17.92  34.94
0.647249   17.93  34.94
0.647249   17.93  34.94
0.647668   17.93  34.94
0.647668   17.93  34.94
0.648088   17.93  34.94
0.648088   17.93  34.94
0.648088   17.94  34.94
0.648508   17.94  34.94
0.648508   17.95  34.94
0.648508   17.95  34.94
0.648508   17.96  34.94
0.648929   17.96  34.94
0.648929   17.97  34.94
0.648929   17.97  34.94
0.649351   17.98  34.94
0.649351   17.98  34.94
0.649351   17.98  34.94
0.649351   17.98  34.94
0.649773   17.98  34.94
0.649773   17.98  34.94
0.649773   17.99  34.94
0.649773   17.99  34.94
0.650195   17.99  34.94
0.650195   18  34.94
0.650195   18  34.94
0.650618   18.01  34.94
0.650618   18.02  34.94
0.651042   18.03  34.94
0.651042   18.03  34.94
0.651042   18.04  34.94
0.651042   18.04  34.94
0.651466   18.04  34.94
0.651466   18.05  34.94
0.65189   18.05  34.94
0.65189   18.05  34.94
0.65189   18.06  34.94
0.652316   18.07  34.94
0.652316   18.08  34.94
0.652742   18.09  34.94
0.652742   18.1  34.94
0.653168   18.11  34.94
0.653168   18.11  34.94
0.653168   18.11  34.94
0.653168   18.11  34.94
0.653595   18.11  34.94
0.653595   18.11  34.94
0.653595   18.11  34.94
0.654022   18.12  34.94
0.654022   18.12  34.94
0.654022   18.12  34.94
0.654022   18.12  34.94
0.65445   18.13  34.94
0.65445   18.13  34.94
0.65445   18.14  34.94
0.654879   18.14  34.94
0.654879   18.15  34.94
0.654879   18.15  34.94
0.655308   18.15  34.94
0.655308   18.15  34.94
0.655308   18.16  34.94
0.655308   18.16  34.94
0.655738   18.17  34.94
0.655738   18.17  34.94
0.655738   18.17  34.94
0.656168   18.17  34.94
0.656168   18.17  34.94
0.656168   18.18  34.94
0.656599   18.19  34.94
0.656599   18.19  34.94
0.656599   18.2  34.94
0.65703   18.2  34.94
0.65703   18.2  34.94
0.657462   18.21  34.94
0.657462   18.21  34.94
0.657462   18.21  34.94
0.657895   18.21  34.94
0.657895   18.22  34.94
0.657895   18.22  34.93
0.658328   18.22  34.94
0.658328   18.23  34.94
0.658328   18.23  34.94
0.658762   18.23  34.93
0.658762   18.23  34.93
0.658762   18.23  34.93
0.658762   18.23  34.93
0.659196   18.24  34.93
0.659196   18.24  34.93
0.659196   18.24  34.93
0.659196   18.24  34.93
0.659631   18.24  34.93
0.659631   18.25  34.93
0.659631   18.25  34.93
0.659631   18.25  34.93
0.659631   18.25  34.93
0.660066   18.26  34.93
0.660066   18.27  34.93
0.660066   18.27  34.93
0.660502   18.28  34.93
0.660502   18.28  34.93
0.660502   18.29  34.93
0.660939   18.3  34.93
0.660939   18.3  34.93
0.660939   18.3  34.93
0.661376   18.3  34.93
0.661376   18.31  34.93
0.661376   18.31  34.93
0.661813   18.32  34.93
0.661813   18.32  34.93
0.661813   18.32  34.93
0.662252   18.33  34.93
0.662252   18.33  34.93
0.662252   18.34  34.93
0.662252   18.35  34.93
0.662252   18.35  34.93
0.662691   18.36  34.93
0.662691   18.36  34.93
0.66313   18.37  34.93
0.66313   18.38  34.93
0.66313   18.38  34.93
0.66357   18.38  34.93
0.66357   18.39  34.93
0.66357   18.39  34.93
0.66357   18.39  34.93
0.664011   18.39  34.93
0.664011   18.4  34.93
0.664452   18.4  34.93
0.664452   18.4  34.93
0.664452   18.41  34.93
0.664452   18.41  34.93
0.664894   18.41  34.93
0.664894   18.42  34.93
0.665336   18.42  34.93
0.665779   18.43  34.93
0.665779   18.44  34.93
0.666223   18.45  34.93
0.666223   18.46  34.93
0.666667   18.47  34.93
0.666667   18.47  34.93
0.667111   18.48  34.93
0.667557   18.49  34.93
0.667557   18.51  34.93
0.668003   18.52  34.93
0.668449   18.53  34.93
0.668896   18.53  34.93
0.668896   18.54  34.93
0.669344   18.55  34.93
0.669344   18.56  34.93
0.669792   18.57  34.93
0.669792   18.57  34.93
0.669792   18.57  34.93
0.670241   18.58  34.93
0.670241   18.59  34.93
0.670241   18.6  34.93
0.670691   18.6  34.93
0.671141   18.61  34.93
0.671141   18.61  34.93
0.671592   18.62  34.93
0.671592   18.62  34.93
0.672043   18.63  34.93
0.672043   18.63  34.93
0.672495   18.64  34.93
0.672495   18.64  34.93
0.672495   18.65  34.93
0.672948   18.65  34.93
0.672948   18.65  34.93
0.672948   18.65  34.93
0.673401   18.65  34.93
0.673401   18.65  34.93
0.673401   18.66  34.93
0.673854   18.66  34.93
0.673854   18.66  34.93
0.674309   18.67  34.93
0.674309   18.67  34.93
0.674309   18.67  34.93
0.674764   18.68  34.93
0.674764   18.68  34.93
0.675219   18.69  34.93
0.675219   18.69  34.93
0.675219   18.69  34.93
0.675676   18.7  34.93
0.675676   18.7  34.93
0.675676   18.7  34.93
0.676133   18.71  34.93
0.67659   18.71  34.93
0.67659   18.72  34.93
0.67659   18.72  34.93
0.67659   18.73  34.93
0.677048   18.74  34.93
0.677048   18.74  34.93
0.677048   18.74  34.93
0.677507   18.74  34.93
0.677507   18.75  34.93
0.677966   18.76  34.93
0.677966   18.76  34.93
0.678426   18.77  34.93
0.678426   18.77  34.93
0.678426   18.77  34.93
0.678426   18.78  34.93
0.678887   18.79  34.93
0.678887   18.8  34.93
0.678887   18.81  34.93
0.679348   18.81  34.93
0.679348   18.82  34.93
0.679348   18.82  34.93
0.67981   18.83  34.93
0.67981   18.83  34.93
0.67981   18.83  34.93
0.67981   18.83  34.93
0.67981   18.83  34.92
0.680272   18.83  34.93
0.680272   18.84  34.92
0.680272   18.84  34.92
0.680735   18.84  34.92
0.680735   18.85  34.92
0.681199   18.86  34.92
0.681199   18.87  34.92
0.681663   18.87  34.92
0.681663   18.88  34.92
0.681663   18.89  34.92
0.682128   18.94  34.92
0.682594   18.98  34.92
0.682594   18.99  34.92
0.68306   18.99  34.92
0.68306   18.98  34.92
0.683527   18.95  34.92
0.683527   18.96  34.92
0.683995   18.99  34.92
0.683995   19.01  34.92
0.684463   19.03  34.92
0.684463   19.03  34.92
0.684932   19.04  34.92
0.684932   19.04  34.92
0.684932   19.04  34.92
0.685401   19.03  34.92
0.685401   19.04  34.92
0.685401   19.04  34.92
0.685871   19.04  34.92
0.685871   19.04  34.92
0.685871   19.05  34.92
0.685871   19.05  34.92
0.686342   19.05  34.92
0.686342   19.06  34.92
0.686342   19.06  34.92
0.686813   19.07  34.92
0.686813   19.06  34.92
0.686813   19.06  34.92
0.686813   19.06  34.92
0.687285   19.06  34.92
0.687285   19.06  34.92
0.687285   19.06  34.92
0.687285   19.06  34.92
0.687758   19.06  34.92
0.687758   19.07  34.92
0.687758   19.09  34.92
0.688231   19.1  34.92
0.688231   19.13  34.92
0.688705   19.15  34.92
0.688705   19.19  34.92
0.68918   19.19  34.92
0.68918   19.19  34.92
0.689655   19.19  34.92
0.689655   19.19  34.92
0.689655   19.2  34.92
0.690131   19.22  34.92
0.690131   19.22  34.92
0.690131   19.22  34.92
0.690608   19.22  34.92
0.690608   19.23  34.92
0.690608   19.23  34.92
0.691085   19.25  34.92
0.691085   19.25  34.92
0.691563   19.22  34.92
0.691563   19.24  34.92
0.691563   19.24  34.92
0.692042   19.25  34.92
0.692042   19.27  34.92
0.692521   19.27  34.92
0.692521   19.28  34.92
0.693001   19.27  34.92
0.693001   19.3  34.92
0.693481   19.3  34.92
0.693481   19.31  34.92
0.693963   19.34  34.92
0.693963   19.35  34.92
0.694444   19.37  34.92
0.694444   19.37  34.92
0.694444   19.37  34.92
0.694927   19.37  34.92
0.694927   19.37  34.92
0.694927   19.38  34.92
0.69541   19.39  34.92
0.69541   19.4  34.92
0.695894   19.4  34.92
0.695894   19.4  34.92
0.696379   19.4  34.92
0.696379   19.42  34.92
0.696864   19.43  34.92
0.69735   19.43  34.92
0.69735   19.43  34.92
0.69735   19.43  34.92
0.697837   19.43  34.92
0.697837   19.43  34.92
0.698324   19.43  34.92
0.698324   19.43  34.92
0.698812   19.42  34.92
0.698812   19.41  34.92
0.698812   19.42  34.92
0.698812   19.4  34.92
0.699301   19.43  34.92
0.699301   19.45  34.92
0.69979   19.42  34.92
0.69979   19.44  34.92
0.70028   19.45  34.92
0.70028   19.45  34.92
0.700771   19.48  34.92
0.700771   19.48  34.92
0.701262   19.48  34.92
0.701262   19.5  34.92
0.701754   19.5  34.92
0.701754   19.5  34.92
0.702247   19.51  34.92
0.702247   19.53  34.92
0.702247   19.53  34.92
0.702741   19.53  34.92
0.703235   19.53  34.92
0.703235   19.53  34.92
0.70373   19.53  34.92
0.70373   19.57  34.92
0.704225   19.58  34.92
0.704225   19.59  34.92
0.704722   19.62  34.92
0.705219   19.63  34.92
0.705219   19.63  34.92
0.705716   19.63  34.92
0.706215   19.65  34.92
0.706215   19.64  34.92
0.706714   19.65  34.92
0.707214   19.68  34.92
0.707214   19.69  34.92
0.707714   19.69  34.92
0.707714   19.69  34.92
0.708215   19.69  34.92
0.708215   19.71  34.92
0.708717   19.74  34.92
0.70922   19.74  34.92
0.70922   19.74  34.92
0.709723   19.74  34.92
0.709723   19.74  34.92
0.709723   19.74  34.92
0.710227   19.76  34.92
0.710227   19.79  34.92
0.710227   19.79  34.92
0.710732   19.79  34.92
0.710732   19.79  34.92
0.711238   19.81  34.92
0.711238   19.81  34.92
0.711744   19.8  34.92
0.711744   19.8  34.92
0.712251   19.83  34.92
0.712251   19.84  34.92
0.712251   19.84  34.92
0.712758   19.84  34.92
0.712758   19.82  34.92
0.712758   19.83  34.92
0.713267   19.79  34.92
0.713267   19.79  34.92
0.713776   19.84  34.92
0.713776   19.84  34.92
0.714286   19.84  34.92
0.714286   19.84  34.92
0.714796   19.89  34.92
0.715308   19.86  34.92
0.715308   19.85  34.92
0.71582   19.84  34.92
0.71582   19.84  34.92
0.716332   19.89  34.92
0.716846   19.89  34.92
0.716846   19.83  34.92
0.71736   19.9  34.92
0.717875   19.92  34.92
0.718391   19.95  34.92
0.718391   19.95  34.92
0.718907   19.95  34.92
0.718907   19.95  34.92
0.718907   19.95  34.92
0.719424   19.95  34.92
0.719942   19.95  34.92
0.719942   19.97  34.92
0.719942   20  34.92
0.720461   20  34.92
0.720461   20  34.92
0.720461   20  34.92
0.720981   20  34.92
0.720981   20.03  34.92
0.720981   20.07  34.92
0.721501   20.07  34.92
0.722022   20.07  34.92
0.722022   20.07  34.92
0.722543   20.07  34.92
0.723066   20.07  34.92
0.723066   20.07  34.92
0.723589   20.07  34.92
0.724113   20.07  34.92
0.724113   20.07  34.92
0.724638   20.11  34.92
0.725163   20.14  34.92
0.725163   20.14  34.92
0.725163   20.14  34.92
0.725689   20.14  34.92
0.725689   20.14  34.92
0.725689   20.15  34.92
0.726216   20.19  34.92
0.726216   20.21  34.92
0.726744   20.21  34.92
0.726744   20.21  34.92
0.727273   20.21  34.92
0.727273   20.21  34.92
0.727802   20.21  34.92
0.727802   20.21  34.92
0.728332   20.21  34.92
0.728332   20.21  34.92
0.728863   20.21  34.92
0.728863   20.21  34.92
0.728863   20.23  34.92
0.729395   20.26  34.92
0.729395   20.28  34.92
0.729395   20.26  34.91
0.729927   20.27  34.91
0.729927   20.28  34.91
0.73046   20.28  34.91
0.73046   20.28  34.91
0.730994   20.28  34.91
0.730994   20.28  34.91
0.731529   20.28  34.91
0.732064   20.29  34.91
0.732064   20.28  34.91
0.732601   20.31  34.91
0.733138   20.32  34.91
0.733138   20.34  34.91
0.733676   20.35  34.91
0.733676   20.38  34.91
0.734214   20.41  34.91
0.734214   20.42  34.91
0.734214   20.42  34.91
0.734214   20.42  34.91
0.734754   20.42  34.91
0.734754   20.42  34.91
0.735294   20.42  34.91
0.735294   20.42  34.91
0.735835   20.44  34.91
0.735835   20.48  34.91
0.735835   20.49  34.91
0.736377   20.49  34.91
0.73692   20.49  34.91
0.73692   20.49  34.91
0.73692   20.49  34.91
0.737463   20.49  34.91
0.737463   20.49  34.91
0.737463   20.51  34.91
0.738007   20.54  34.91
0.738007   20.54  34.91
0.738552   20.5  34.91
0.738552   20.55  34.91
0.739098   20.55  34.91
0.739098   20.55  34.91
0.739098   20.55  34.91
0.739645   20.55  34.91
0.739645   20.55  34.91
0.740192   20.57  34.91
0.740192   20.59  34.91
0.740741   20.61  34.91
0.740741   20.61  34.91
0.74129   20.61  34.91
0.74129   20.64  34.91
0.74184   20.65  34.91
0.74184   20.68  34.91
0.74239   20.68  34.91
0.74239   20.68  34.91
0.74239   20.68  34.91
0.742942   20.68  34.91
0.742942   20.68  34.91
0.742942   20.68  34.91
0.743494   20.68  34.91
0.743494   20.68  34.91
0.744048   20.68  34.91
0.744048   20.68  34.91
0.744048   20.68  34.91
0.744602   20.7  34.91
0.744602   20.69  34.91
0.744602   20.7  34.91
0.745156   20.73  34.91
0.745156   20.74  34.91
0.745156   20.74  34.91
0.745712   20.74  34.91
0.745712   20.74  34.91
0.745712   20.74  34.91
0.746269   20.74  34.91
0.746269   20.74  34.91
0.746826   20.76  34.91
0.746826   20.77  34.91
0.747384   20.73  34.91
0.747384   20.75  34.91
0.747943   20.79  34.91
0.747943   20.8  34.91
0.747943   20.8  34.91
0.748503   20.8  34.91
0.748503   20.81  34.91
0.748503   20.87  34.91
0.749064   20.87  34.91
0.749064   20.87  34.91
0.749625   20.87  34.91
0.749625   20.87  34.91
0.750188   20.87  34.91
0.750188   20.87  34.91
0.750188   20.87  34.91
0.750751   20.87  34.91
0.750751   20.89  34.91
0.750751   20.9  34.91
0.751315   20.93  34.91
0.751315   20.93  34.91
0.75188   20.93  34.91
0.75188   20.93  34.91
0.75188   20.94  34.91
0.752445   20.96  34.91
0.752445   20.97  34.91
0.752445   20.99  34.91
0.752445   20.99  34.91
0.753012   20.99  34.91
0.753012   20.99  34.91
0.753012   20.99  34.91
0.75358   20.99  34.91
0.75358   20.99  34.91
0.754148   21  34.91
0.754148   21  34.91
0.754148   21.01  34.91
0.754717   21.01  34.91
0.754717   21.05  34.91
0.755287   21.04  34.91
0.755287   21.04  34.91
0.755858   21.05  34.91
0.75643   21.05  34.91
0.75643   21.06  34.91
0.757002   21.11  34.91
0.757002   21.11  34.91
0.757576   21.11  34.91
0.757576   21.11  34.91
0.757576   21.14  34.91
0.75815   21.16  34.91
0.75815   21.16  34.91
0.75815   21.14  34.91
0.758725   21.17  34.91
0.759301   21.17  34.91
0.759301   21.17  34.91
0.759301   21.17  34.91
0.759878   21.17  34.91
0.759878   21.17  34.91
0.759878   21.17  34.91
0.759878   21.17  34.91
0.760456   21.17  34.91
0.760456   21.17  34.91
0.760456   21.17  34.91
0.761035   21.18  34.91
0.761035   21.21  34.91
0.761035   21.23  34.91
0.761615   21.21  34.91
0.761615   21.21  34.91
0.762195   21.21  34.91
0.762195   21.23  34.91
0.762777   21.23  34.91
0.762777   21.23  34.91
0.763359   21.23  34.91
0.763359   21.23  34.91
0.763942   21.23  34.91
0.763942   21.23  34.91
0.764526   21.23  34.91
0.764526   21.27  34.91
0.765111   21.29  34.91
0.765111   21.29  34.91
0.765697   21.29  34.91
0.765697   21.3  34.91
0.766284   21.33  34.91
0.766284   21.29  34.91
0.766871   21.34  34.91
0.76746   21.35  34.91
0.76746   21.35  34.91
0.768049   21.36  34.91
0.768049   21.36  34.91
0.76864   21.41  34.91
0.769231   21.41  34.91
0.769231   21.41  34.91
0.769231   21.41  34.91
0.769823   21.41  34.91
0.770416   21.44  34.91
0.770416   21.47  34.91
0.770416   21.45  34.91
0.77101   21.47  34.91
0.77101   21.47  34.91
0.771605   21.47  34.91
0.771605   21.47  34.91
0.772201   21.47  34.91
0.772201   21.52  34.91
0.772201   21.53  34.91
0.772798   21.54  34.91
0.772798   21.54  34.91
0.772798   21.54  34.91
0.773395   21.54  34.91
0.773395   21.54  34.91
0.773395   21.54  34.91
0.773395   21.56  34.91
0.773994   21.6  34.91
0.773994   21.6  34.91
0.773994   21.6  34.91
0.774593   21.6  34.91
0.775194   21.6  34.91
0.775194   21.6  34.91
0.775194   21.6  34.91
0.775194   21.61  34.91
0.775795   21.61  34.91
0.775795   21.62  34.91
0.775795   21.61  34.91
0.776398   21.61  34.91
0.776398   21.67  34.91
0.776398   21.67  34.91
0.777001   21.67  34.91
0.777001   21.67  34.91
0.777001   21.67  34.91
0.777605   21.67  34.91
0.777605   21.67  34.91
0.77821   21.67  34.91
0.77821   21.67  34.91
0.778816   21.67  34.91
0.778816   21.67  34.91
0.779423   21.71  34.91
0.779423   21.72  34.91
0.779423   21.72  34.91
0.780031   21.73  34.91
0.780031   21.73  34.91
0.780031   21.73  34.91
0.78064   21.68  34.91
0.78125   21.73  34.91
0.78125   21.73  34.91
0.781861   21.76  34.91
0.782473   21.8  34.91
0.782473   21.8  34.91
0.783085   21.8  34.91
0.783085   21.86  34.91
0.783699   21.86  34.91
0.783699   21.86  34.91
0.784314   21.86  34.91
0.784929   21.88  34.91
0.784929   21.93  34.91
0.784929   21.93  34.91
0.784929   21.93  34.91
0.785546   21.93  34.91
0.785546   21.93  34.91
0.785546   21.93  34.91
0.786164   21.93  34.91
0.786782   21.93  34.91
0.786782   21.93  34.91
0.787402   21.95  34.91
0.787402   21.97  34.91
0.788022   22  34.91
0.788022   22  34.91
0.788644   22  34.91
0.788644   22  34.91
0.789266   22.02  34.91
0.789266   22.06  34.91
0.789889   22.06  34.91
0.789889   22.06  34.91
0.790514   22.07  34.91
0.790514   22.13  34.91
0.791139   22.13  34.91
0.791139   22.13  34.91
0.791139   22.13  34.91
0.791766   22.13  34.91
0.791766   22.13  34.91
0.791766   22.13  34.91
0.792393   22.13  34.91
0.793021   22.13  34.9
0.793021   22.13  34.9
0.793651   22.13  34.9
0.793651   22.13  34.9
0.794281   22.14  34.9
0.794281   22.17  34.9
0.794281   22.19  34.9
0.794913   22.19  34.9
0.794913   22.13  34.9
0.795545   22.19  34.9
0.795545   22.19  34.9
0.795545   22.19  34.9
0.796178   22.05  34.9
0.796813   22.23  34.9
0.796813   22.26  34.9
0.797448   22.26  34.9
0.797448   22.28  34.9
0.798085   22.3  34.9
0.798085   22.32  34.9
0.798085   22.32  34.9
0.798722   22.32  34.9
0.798722   22.32  34.9
0.798722   22.32  34.9
0.798722   22.32  34.9
0.799361   22.32  34.9
0.799361   22.32  34.9
0.799361   22.33  34.9
0.799361   22.33  34.9
0.8   22.34  34.9
0.8   22.35  34.9
0.8   22.37  34.9
0.8   22.38  34.9
0.800641   22.38  34.9
0.800641   22.38  34.9
0.800641   22.39  34.9
0.801282   22.43  34.9
0.801282   22.44  34.9
0.801282   22.43  34.9
0.801925   22.39  34.9
0.801925   22.39  34.9
0.801925   22.44  34.9
0.802568   22.44  34.9
0.802568   22.44  34.9
0.803213   22.44  34.9
0.803213   22.44  34.9
0.803213   22.44  34.9
0.803213   22.44  34.9
0.803859   22.45  34.9
0.803859   22.46  34.9
0.803859   22.47  34.9
0.803859   22.5  34.9
0.803859   22.5  34.9
0.804505   22.5  34.9
0.804505   22.5  34.9
0.804505   22.5  34.9
0.804505   22.5  34.9
0.805153   22.5  34.9
0.805153   22.5  34.9
0.805153   22.52  34.9
0.805802   22.53  34.9
0.805802   22.54  34.9
0.805802   22.55  34.9
0.806452   22.56  34.9
0.806452   22.56  34.9
0.807103   22.57  34.9
0.807103   22.59  34.9
0.807103   22.58  34.9
0.807103   22.56  34.9
0.807754   22.56  34.9
0.807754   22.56  34.9
0.808407   22.6  34.9
0.808407   22.61  34.9
0.809061   22.62  34.9
0.809061   22.62  34.9
0.809717   22.59  34.9
0.809717   22.62  34.9
0.809717   22.62  34.9
0.810373   22.63  34.9
0.810373   22.65  34.9
0.81103   22.62  34.9
0.81103   22.67  34.9
0.81103   22.68  34.9
0.811688   22.68  34.9
0.811688   22.68  34.9
0.811688   22.65  34.9
0.812348   22.68  34.9
0.812348   22.68  34.9
0.813008   22.7  34.9
0.813008   22.74  34.9
0.813008   22.74  34.9
0.81367   22.74  34.9
0.81367   22.74  34.9
0.814332   22.74  34.9
0.814332   22.74  34.9
0.814996   22.79  34.9
0.814996   22.77  34.9
0.815661   22.8  34.9
0.815661   22.8  34.9
0.816327   22.82  34.9
0.816327   22.86  34.9
0.816327   22.86  34.9
0.816993   22.86  34.9
0.816993   22.86  34.9
0.816993   22.86  34.9
0.817661   22.86  34.9
0.817661   22.86  34.9
0.817661   22.86  34.9
0.818331   22.86  34.9
0.818331   22.86  34.9
0.819001   22.91  34.9
0.819001   22.91  34.9
0.819001   22.91  34.9
0.819672   22.91  34.9
0.819672   22.91  34.9
0.819672   22.91  34.9
0.820345   22.91  34.9
0.820345   22.92  34.9
0.820345   22.92  34.9
0.820345   22.93  34.9
0.820345   22.97  34.9
0.821018   22.97  34.9
0.821018   22.97  34.9
0.821693   22.97  34.9
0.821693   23.02  34.9
0.822368   23.03  34.9
0.822368   23.03  34.9
0.823045   23.04  34.9
0.823045   23.03  34.9
0.823045   23.07  34.9
0.823723   23.08  34.9
0.823723   23.09  34.9
0.824402   23.09  34.9
0.824402   23.09  34.9
0.825083   23.09  34.9
0.825083   23.09  34.9
0.825083   23.11  34.9
0.825764   23.09  34.9
0.825764   23.09  34.9
0.826446   23.1  34.9
0.826446   23.09  34.9
0.82713   23.11  34.9
0.82713   23.14  34.9
0.827815   23.14  34.9
0.827815   23.14  34.9
0.8285   23.14  34.9
0.8285   23.15  34.9
0.829187   23.2  34.9
0.829187   23.2  34.9
0.829187   23.2  34.9
0.829876   23.2  34.9
0.829876   23.21  34.9
0.830565   23.23  34.9
0.830565   23.26  34.9
