COMPRESSIONE (temp/err rel/ err rel * 1000/ err rel max)

0C    -0.214008	  	-214.008   -0.714304
15C    0.000499655	0.499655   0.0112944
25C    0.0015649	1.5649   0.0068387
35C    0.00173176	1.73176   0.00492216
45C    0.00209348	2.09348   0.00383539
55C    0.00255261	2.55261   0.00314679

DILATAZIONE (TEMP/ERR REL/ ERR REL * 1000/ ERR REL MAX)

0C    -0.0177523   -17.7523   -0.503549
15C    0.00133752   1.33752   0.0112577
25C    0.000555764   0.555764   0.0068637
35C    0.00126448   1.26448   0.00495307
45C    0.00213789   2.13789   0.00387079
55C    0.00136925   1.36925   0.0031731

COMPRESSIONE NUOVO
0    0.000190148   0.190148   0.000634666
15    2.6561e-05   0.026561   0.000600394
25    0.000132789   0.132789   0.000580296
25    0.000197635   0.197635   0.000561736
35    0.000197635   0.197635   0.000561736
45    0.000297009   0.297009   0.00054414
55    0.000428105   0.428105   0.000527756

DILATAZIONE NUOVO 
0    2.2383e-05   0.022383   0.000634902
15    7.13203e-05   0.0713203   0.00060029
25    4.7002e-05   0.047002   0.000580475
35    0.000143509   0.143509   0.000562137
45    0.000300926   0.300926   0.000544847
55    0.000228053   0.228053   0.00052849

272.908   0.0518929
272.806   0.00610622
288.536   0.0205784
288.486   0.00766246
298.385   0.0140247
298.477   0.0396344
308.339   0.0609387
308.119   0.0442178
317.897   0.0956634
318.31   0.0945408
327.735   0.074741
328.192   0.1405

272.908   0.0518929
