4.043	6.29	-0.31
4.043	6.29	-0.31
4.043	6.29	-0.31
4.043	6.29	-0.31
4.043	6.29	-0.31
4.043	6.29	-0.31
4.043	6.29	-0.31
4.043	6.29	-0.31
4.043	6.29	-0.31
4.043	6.29	-0.31
4.043	6.29	-0.31
4.043	6.29	-0.31
4.043	6.29	-0.31
4.043	6.28	-0.31
4.043	6.28	-0.31
4.043	6.29	-0.31
4.043	6.28	-0.31
4.043	6.29	-0.31
4.043	6.29	-0.31
4.043	6.29	-0.31
4.043	6.29	-0.31
4.043	6.29	-0.31
4.043	6.29	-0.31
4.043	6.28	-0.31
4.043	6.29	-0.31
4.043	6.29	-0.31
4.043	6.29	-0.31
4.043	6.29	-0.31
4.043	6.29	-0.31
4.043	6.29	-0.31
4.043	6.29	-0.31
4.043	6.29	-0.31
4.043	6.29	-0.31
4.043	6.30	-0.31
4.043	6.29	-0.31
4.043	6.30	-0.31
4.043	6.29	-0.31
4.043	6.30	-0.31
4.043	6.30	-0.31
4.043	6.29	-0.31
4.043	6.30	-0.31
4.043	6.30	-0.31
4.043	6.30	-0.31
4.043	6.29	-0.31
4.043	6.29	-0.32
4.043	6.30	-0.32
4.043	6.32	-0.32
4.043	6.30	-0.32
4.043	6.28	-0.32
4.043	6.28	-0.32
4.043	6.28	-0.32
4.043	6.28	-0.32
4.043	6.28	-0.32
4.043	6.28	-0.32
4.043	6.27	-0.32
4.043	6.28	-0.32
4.043	6.29	-0.32
4.043	6.28	-0.32
4.043	6.29	-0.32
4.043	6.28	-0.32
4.043	6.28	-0.32
4.043	6.29	-0.32
4.043	6.28	-0.32
4.043	6.28	-0.32
4.043	6.28	-0.32
4.043	6.28	-0.32
4.043	6.28	-0.32
4.043	6.28	-0.32
4.043	6.28	-0.32
4.043	6.27	-0.32
4.043	6.28	-0.32
4.043	6.28	-0.32
4.043	6.28	-0.32
4.043	6.28	-0.32
4.043	6.28	-0.32
4.043	6.28	-0.32
4.043	6.28	-0.32
4.043	6.28	-0.32
4.043	6.28	-0.32
4.043	6.28	-0.32
4.043	6.28	-0.32
4.043	6.28	-0.32
4.043	6.28	-0.32
4.043	6.29	-0.32
4.043	6.30	-0.32
4.043	6.29	-0.32
4.043	6.28	-0.32
4.043	6.28	-0.32
4.043	6.28	-0.32
4.043	6.28	-0.32
4.043	6.28	-0.32
4.043	6.28	-0.32
4.043	6.28	-0.32
4.043	6.28	-0.32
4.043	6.28	-0.33
4.043	6.28	-0.33
4.043	6.28	-0.33
4.043	6.28	-0.33
4.043	6.28	-0.33
4.043	6.27	-0.33
4.043	6.27	-0.33
4.043	6.28	-0.33
4.043	6.28	-0.33
4.043	6.28	-0.33
4.043	6.28	-0.33
4.043	6.28	-0.33
4.043	6.28	-0.33
4.043	6.28	-0.33
4.043	6.28	-0.33
4.043	6.28	-0.33
4.043	6.28	-0.33
4.043	6.28	-0.33
4.042	6.28	-0.33
4.042	6.28	-0.33
4.040	6.28	-0.33
4.039	6.28	-0.33
4.036	6.28	-0.33
4.034	6.28	-0.33
4.032	6.28	-0.33
4.030	6.28	-0.33
4.026	6.28	-0.33
4.022	6.28	-0.33
4.018	6.28	-0.33
4.014	6.28	-0.33
4.011	6.28	-0.33
4.011	6.29	-0.33
4.011	6.29	-0.33
4.010	6.30	-0.33
4.008	6.29	-0.33
4.005	6.28	-0.33
4.002	6.28	-0.33
3.999	6.28	-0.33
3.998	6.28	-0.33
3.997	6.28	-0.33
3.994	6.28	-0.33
3.991	6.28	-0.33
3.987	6.28	-0.33
3.983	6.28	-0.33
3.980	6.28	-0.33
3.978	6.28	-0.33
3.976	6.28	-0.33
3.974	6.28	-0.33
3.970	6.28	-0.33
3.965	6.28	-0.33
3.959	6.28	-0.33
3.955	6.28	-0.33
3.951	6.28	-0.33
3.947	6.28	-0.33
3.944	6.27	-0.33
3.941	6.28	-0.33
3.938	6.28	-0.33
3.934	6.28	-0.33
3.929	6.28	-0.33
3.926	6.28	-0.33
3.922	6.28	-0.33
3.919	6.28	-0.33
3.917	6.28	-0.33
3.914	6.28	-0.33
3.910	6.27	-0.33
3.907	6.27	-0.33
3.903	6.28	-0.33
3.900	6.28	-0.33
3.896	6.28	-0.33
3.894	6.28	-0.33
3.890	6.28	-0.33
3.886	6.28	-0.33
3.883	6.28	-0.33
3.880	6.28	-0.33
3.878	6.28	-0.33
3.877	6.28	-0.33
3.876	6.28	-0.33
3.875	6.28	-0.33
3.874	6.28	-0.33
3.873	6.28	-0.33
3.872	6.27	-0.33
3.871	6.28	-0.33
3.869	6.27	-0.33
3.868	6.28	-0.33
3.865	6.27	-0.33
3.862	6.27	-0.33
3.858	6.27	-0.33
3.857	6.27	-0.33
3.855	6.27	-0.33
3.854	6.27	-0.33
3.852	6.28	-0.33
3.848	6.27	-0.33
3.845	6.28	-0.33
3.843	6.28	-0.33
3.841	6.27	-0.33
3.837	6.28	-0.33
3.835	6.28	-0.33
3.833	6.28	-0.33
3.829	6.29	-0.33
3.825	6.28	-0.33
3.821	6.28	-0.33
3.820	6.28	-0.33
3.818	6.28	-0.33
3.814	6.28	-0.33
3.812	6.28	-0.33
3.811	6.35	-0.33
3.809	6.36	-0.33
3.806	6.36	-0.33
3.804	6.37	-0.33
3.802	6.37	-0.33
3.800	6.37	-0.33
3.797	6.38	-0.33
3.795	6.37	-0.33
3.792	6.37	-0.33
3.788	6.37	-0.33
3.785	6.37	-0.33
3.782	6.38	-0.33
3.780	6.37	-0.33
3.778	6.38	-0.33
3.774	6.38	-0.33
3.771	6.38	-0.33
3.770	6.38	-0.33
3.769	6.38	-0.33
3.765	6.38	-0.33
3.762	6.37	-0.33
3.761	6.37	-0.33
3.758	6.38	-0.33
3.753	6.37	-0.33
3.749	6.38	-0.33
3.747	6.38	-0.33
3.745	6.39	-0.33
3.743	6.41	-0.33
3.739	6.41	-0.34
3.736	6.39	-0.34
3.734	6.38	-0.33
3.734	6.39	-0.33
3.732	6.41	-0.33
3.729	6.42	-0.33
3.725	6.42	-0.33
3.720	6.43	-0.33
3.716	6.44	-0.33
3.712	6.44	-0.33
3.709	6.45	-0.33
3.707	6.46	-0.34
3.704	6.47	-0.33
3.702	6.46	-0.34
3.700	6.47	-0.33
3.698	6.48	-0.34
3.697	6.47	-0.33
3.697	6.47	-0.34
3.697	6.46	-0.34
3.694	6.49	-0.34
3.691	6.50	-0.34
3.689	6.50	-0.34
3.686	6.50	-0.34
3.682	6.49	-0.33
3.677	6.50	-0.34
3.673	6.50	-0.34
3.672	6.49	-0.34
3.671	6.50	-0.34
3.670	6.50	-0.34
3.670	6.50	-0.34
3.669	6.52	-0.34
3.666	6.52	-0.34
3.663	6.53	-0.34
3.661	6.53	-0.34
3.658	6.53	-0.34
3.651	6.53	-0.34
3.648	6.53	-0.34
3.646	6.54	-0.34
3.642	6.55	-0.34
3.639	6.55	-0.34
3.632	6.56	-0.34
3.625	6.58	-0.34
3.621	6.58	-0.34
3.619	6.58	-0.34
3.616	6.58	-0.34
3.611	6.58	-0.34
3.607	6.59	-0.34
3.603	6.60	-0.34
3.600	6.61	-0.34
3.596	6.62	-0.34
3.589	6.64	-0.34
3.581	6.65	-0.34
3.574	6.66	-0.34
3.566	6.69	-0.34
3.561	6.80	-0.34
3.557	6.74	-0.34
3.555	6.73	-0.34
3.554	6.72	-0.34
3.552	6.73	-0.34
3.549	6.74	-0.34
3.546	6.74	-0.34
3.544	6.75	-0.34
3.542	6.75	-0.34
3.540	6.74	-0.34
3.539	6.73	-0.34
3.539	6.74	-0.34
3.537	6.74	-0.34
3.535	6.75	-0.34
3.535	6.75	-0.34
3.535	6.75	-0.34
3.534	6.77	-0.34
3.531	6.78	-0.34
3.530	6.79	-0.34
3.526	6.80	-0.34
3.523	6.78	-0.34
3.523	6.79	-0.34
3.522	6.79	-0.34
3.522	6.79	-0.34
3.520	6.78	-0.34
3.518	6.78	-0.34
3.514	6.79	-0.34
3.511	6.79	-0.34
3.510	6.79	-0.34
3.510	6.79	-0.34
3.509	6.80	-0.34
3.507	6.81	-0.34
3.505	6.81	-0.34
3.504	6.81	-0.34
3.502	6.82	-0.34
3.501	6.82	-0.34
3.499	6.83	-0.34
3.496	6.84	-0.34
3.495	6.83	-0.34
3.494	6.83	-0.34
3.493	6.83	-0.34
3.491	6.84	-0.34
3.489	6.84	-0.34
3.487	6.85	-0.34
3.484	6.85	-0.34
3.481	6.86	-0.34
3.478	6.86	-0.34
3.476	6.88	-0.34
3.473	6.90	-0.34
3.472	6.91	-0.34
3.470	6.92	-0.34
3.468	6.94	-0.34
3.465	6.93	-0.34
3.464	6.92	-0.34
3.463	6.92	-0.34
3.460	6.92	-0.34
3.458	6.91	-0.34
3.456	6.91	-0.34
3.455	6.90	-0.34
3.452	6.92	-0.34
3.451	6.92	-0.34
3.451	6.92	-0.34
3.451	6.92	-0.34
3.450	6.93	-0.34
3.449	6.93	-0.34
3.445	6.93	-0.34
3.441	6.91	-0.34
3.437	6.91	-0.34
3.436	6.91	-0.34
3.435	6.90	-0.34
3.432	6.93	-0.34
3.425	6.96	-0.34
3.419	6.98	-0.34
3.415	6.98	-0.34
3.413	6.99	-0.34
3.412	6.99	-0.34
3.411	7.01	-0.34
3.410	7.02	-0.34
3.403	7.03	-0.34
3.401	7.01	-0.34
3.401	7.01	-0.34
3.398	7.02	-0.34
3.393	7.01	-0.34
3.391	7.01	-0.34
3.391	7.00	-0.34
3.390	7.01	-0.34
3.388	7.02	-0.34
3.385	7.03	-0.34
3.382	7.06	-0.34
3.381	7.05	-0.34
3.380	7.05	-0.34
3.379	7.08	-0.34
3.375	7.12	-0.34
3.371	7.12	-0.34
3.368	7.12	-0.34
3.365	7.13	-0.34
3.362	7.14	-0.34
3.359	7.13	-0.34
3.356	7.11	-0.34
3.354	7.12	-0.34
3.352	7.13	-0.34
3.350	7.13	-0.34
3.346	7.13	-0.34
3.344	7.14	-0.34
3.342	7.14	-0.34
3.338	7.17	-0.34
3.335	7.18	-0.34
3.333	7.17	-0.34
3.330	7.18	-0.34
3.330	7.19	-0.34
3.328	7.24	-0.34
3.325	7.23	-0.34
3.322	7.21	-0.34
3.321	7.22	-0.34
3.319	7.22	-0.34
3.317	7.25	-0.34
3.315	7.25	-0.34
3.313	7.26	-0.34
3.312	7.26	-0.34
3.311	7.28	-0.34
3.308	7.27	-0.34
3.305	7.26	-0.34
3.303	7.27	-0.34
3.299	7.30	-0.34
3.297	7.28	-0.34
3.295	7.29	-0.34
3.294	7.28	-0.34
3.292	7.29	-0.34
3.289	7.33	-0.34
3.286	7.34	-0.34
3.285	7.33	-0.34
3.285	7.33	-0.34
3.284	7.33	-0.34
3.282	7.34	-0.34
3.282	7.34	-0.34
3.282	7.34	-0.34
3.280	7.37	-0.34
3.276	7.39	-0.34
3.273	7.37	-0.34
3.271	7.35	-0.34
3.271	7.35	-0.34
3.269	7.37	-0.34
3.269	7.36	-0.34
3.266	7.37	-0.34
3.264	7.36	-0.34
3.261	7.37	-0.34
3.259	7.37	-0.34
3.257	7.39	-0.34
3.256	7.39	-0.34
3.254	7.39	-0.34
3.252	7.39	-0.34
3.250	7.40	-0.34
3.248	7.40	-0.34
3.246	7.41	-0.34
3.244	7.42	-0.34
3.241	7.41	-0.34
3.239	7.40	-0.34
3.238	7.40	-0.34
3.236	7.40	-0.34
3.233	7.41	-0.34
3.230	7.43	-0.34
3.226	7.44	-0.34
3.223	7.44	-0.34
3.221	7.45	-0.34
3.220	7.45	-0.34
3.218	7.46	-0.34
3.216	7.45	-0.34
3.213	7.46	-0.34
3.212	7.47	-0.34
3.209	7.47	-0.34
3.207	7.47	-0.34
3.205	7.47	-0.34
3.202	7.48	-0.34
3.201	7.47	-0.34
3.198	7.53	-0.34
3.193	7.55	-0.34
3.191	7.52	-0.34
3.191	7.51	-0.34
3.190	7.52	-0.34
3.187	7.55	-0.34
3.184	7.56	-0.34
3.183	7.54	-0.34
3.183	7.54	-0.34
3.181	7.54	-0.34
3.179	7.53	-0.34
3.177	7.53	-0.34
3.176	7.53	-0.34
3.175	7.53	-0.34
3.173	7.54	-0.34
3.171	7.55	-0.34
3.170	7.55	-0.34
3.169	7.56	-0.34
3.166	7.57	-0.34
3.163	7.59	-0.34
3.161	7.59	-0.34
3.159	7.61	-0.34
3.157	7.61	-0.34
3.155	7.60	-0.34
3.153	7.62	-0.34
3.151	7.62	-0.34
3.151	7.62	-0.34
3.150	7.63	-0.34
3.147	7.63	-0.34
3.143	7.65	-0.34
3.141	7.66	-0.34
3.138	7.70	-0.34
3.135	7.70	-0.34
3.133	7.73	-0.34
3.131	7.82	-0.34
3.129	7.76	-0.34
3.126	7.72	-0.34
3.124	7.75	-0.34
3.120	7.87	-0.34
3.119	7.81	-0.34
3.118	7.84	-0.34
3.115	8.29	-0.34
3.112	7.84	-0.34
3.110	7.78	-0.34
3.108	7.76	-0.34
3.106	7.76	-0.34
3.106	7.75	-0.34
3.105	7.75	-0.34
3.103	7.75	-0.34
3.102	7.75	-0.34
3.102	7.75	-0.34
3.102	7.75	-0.34
3.101	7.77	-0.34
3.101	7.77	-0.34
3.099	7.78	-0.34
3.096	7.78	-0.34
3.094	7.79	-0.34
3.093	7.78	-0.34
3.093	7.78	-0.34
3.093	7.78	-0.34
3.092	7.78	-0.34
3.090	7.80	-0.34
3.088	7.81	-0.34
3.086	7.80	-0.34
3.085	7.81	-0.34
3.085	7.81	-0.34
3.085	7.82	-0.34
3.083	7.84	-0.34
3.080	7.84	-0.34
3.078	7.84	-0.34
3.075	7.83	-0.34
3.073	7.84	-0.34
3.070	7.85	-0.34
3.068	7.86	-0.34
3.065	7.85	-0.34
3.062	7.86	-0.34
3.060	7.86	-0.34
3.056	7.86	-0.34
3.053	7.89	-0.34
3.050	7.89	-0.34
3.048	7.89	-0.34
3.046	7.90	-0.34
3.042	7.90	-0.34
3.039	7.94	-0.34
3.037	7.94	-0.34
3.033	7.95	-0.34
3.030	7.97	-0.34
3.027	7.95	-0.34
3.025	7.94	-0.34
3.025	7.93	-0.34
3.023	7.97	-0.34
3.021	7.98	-0.34
3.020	7.98	-0.34
3.017	7.99	-0.34
3.014	7.98	-0.34
3.011	7.98	-0.34
3.008	7.98	-0.34
3.006	7.98	-0.34
3.004	7.99	-0.34
3.003	7.98	-0.34
3.002	7.99	-0.34
3.002	7.99	-0.34
3.001	7.99	-0.34
2.998	8.01	-0.34
2.996	8.02	-0.34
2.994	8.01	-0.34
2.993	8.02	-0.34
2.991	8.03	-0.34
2.988	8.04	-0.34
2.985	8.07	-0.34
2.983	8.08	-0.34
2.982	8.10	-0.34
2.978	8.11	-0.34
2.976	8.10	-0.34
2.975	8.11	-0.34
2.974	8.12	-0.34
2.972	8.15	-0.34
2.971	8.15	-0.34
2.969	8.14	-0.34
2.967	8.14	-0.34
2.964	8.23	-0.34
2.962	8.27	-0.34
2.961	8.18	-0.34
2.960	8.15	-0.34
2.959	8.16	-0.34
2.958	8.17	-0.34
2.957	8.16	-0.34
2.957	8.17	-0.34
2.954	8.21	-0.34
2.952	8.24	-0.34
2.951	8.23	-0.34
2.949	8.24	-0.34
2.946	8.25	-0.34
2.945	8.24	-0.34
2.944	8.27	-0.34
2.942	8.52	-0.34
2.941	8.38	-0.34
2.940	8.24	-0.34
2.939	8.24	-0.34
2.938	8.26	-0.34
2.937	8.27	-0.34
2.936	8.26	-0.34
2.936	8.26	-0.34
2.934	8.28	-0.34
2.933	8.27	-0.34
2.932	8.27	-0.34
2.931	8.27	-0.34
2.931	8.27	-0.34
2.931	8.27	-0.34
2.930	8.28	-0.34
2.929	8.33	-0.34
2.928	8.67	-0.34
2.926	9.22	-0.34
2.925	9.29	-0.34
2.924	9.49	-0.34
2.924	8.71	-0.34
2.922	8.30	-0.34
2.921	8.29	-0.34
2.919	8.29	-0.34
2.918	8.28	-0.34
2.916	8.31	-0.34
2.913	8.31	-0.34
2.912	8.31	-0.34
2.911	8.31	-0.34
2.910	8.32	-0.34
2.908	8.34	-0.34
2.907	8.36	-0.34
2.904	8.36	-0.34
2.903	8.36	-0.34
2.901	8.35	-0.34
2.900	8.35	-0.34
2.899	8.35	-0.34
2.896	8.35	-0.34
2.895	8.36	-0.34
2.893	8.37	-0.34
2.891	8.37	-0.34
2.890	8.37	-0.34
2.889	8.38	-0.34
2.888	8.38	-0.34
2.886	8.39	-0.34
2.885	8.39	-0.34
2.884	8.39	-0.34
2.883	8.39	-0.34
2.881	8.39	-0.34
2.880	8.38	-0.34
2.878	8.38	-0.34
2.877	8.38	-0.34
2.876	8.39	-0.34
2.874	8.41	-0.34
2.873	8.42	-0.34
2.871	8.42	-0.34
2.870	8.43	-0.34
2.867	8.43	-0.34
2.864	8.44	-0.34
2.861	8.44	-0.34
2.859	8.45	-0.34
2.855	8.45	-0.34
2.850	8.47	-0.34
2.846	8.47	-0.34
2.843	8.48	-0.34
2.841	8.51	-0.34
2.840	8.54	-0.34
2.838	8.56	-0.34
2.838	8.58	-0.34
2.837	8.60	-0.34
2.836	8.59	-0.34
2.834	8.59	-0.34
2.831	8.59	-0.34
2.829	8.58	-0.34
2.827	8.58	-0.34
2.825	8.60	-0.34
2.823	8.60	-0.34
2.821	8.58	-0.34
2.819	8.57	-0.34
2.816	8.60	-0.34
2.814	8.62	-0.34
2.812	8.61	-0.34
2.810	8.61	-0.34
2.808	8.62	-0.34
2.806	8.63	-0.34
2.804	8.62	-0.34
2.802	9.25	-0.34
2.800	8.90	-0.34
2.798	8.68	-0.34
2.796	8.73	-0.34
2.794	8.77	-0.34
2.791	8.77	-0.34
2.790	9.29	-0.34
2.788	9.19	-0.34
2.787	10.05	-0.34
2.786	9.56	-0.34
2.785	9.03	-0.34
2.784	8.78	-0.34
2.784	8.70	-0.34
2.783	8.70	-0.34
2.783	8.69	-0.34
2.782	8.69	-0.34
2.781	8.69	-0.34
2.779	8.72	-0.34
2.779	8.73	-0.34
2.778	8.74	-0.34
2.776	8.74	-0.34
2.775	8.75	-0.34
2.775	8.75	-0.34
2.773	8.77	-0.34
2.773	8.77	-0.34
2.771	8.78	-0.34
2.770	8.77	-0.34
2.768	8.76	-0.34
2.766	8.76	-0.34
2.765	8.76	-0.34
2.764	8.77	-0.34
2.763	8.77	-0.34
2.762	8.76	-0.34
2.761	8.76	-0.34
2.759	8.77	-0.34
2.758	8.77	-0.34
2.756	8.78	-0.34
2.754	8.81	-0.34
2.751	8.82	-0.34
2.749	8.83	-0.34
2.747	8.82	-0.34
2.746	8.81	-0.34
2.745	8.81	-0.34
2.744	8.81	-0.34
2.742	8.82	-0.34
2.739	8.82	-0.34
2.736	8.83	-0.34
2.732	8.84	-0.34
2.730	8.84	-0.34
2.728	8.85	-0.34
2.725	8.86	-0.34
2.723	8.89	-0.34
2.721	8.89	-0.34
2.719	8.89	-0.34
2.717	8.89	-0.34
2.714	8.88	-0.34
2.713	8.89	-0.34
2.711	8.94	-0.34
2.709	8.93	-0.34
2.707	8.92	-0.34
2.703	8.94	-0.34
2.700	8.97	-0.34
2.696	8.97	-0.34
2.694	8.97	-0.34
2.693	8.97	-0.34
2.692	8.98	-0.34
2.691	8.97	-0.34
2.691	8.97	-0.34
2.690	9.00	-0.34
2.690	9.02	-0.34
2.688	9.02	-0.34
2.687	9.03	-0.34
2.686	9.04	-0.34
2.684	9.05	-0.34
2.682	9.06	-0.34
2.680	9.07	-0.34
2.678	9.08	-0.34
2.676	9.09	-0.34
2.674	9.07	-0.34
2.673	9.06	-0.34
2.672	9.06	-0.34
2.670	9.06	-0.34
2.670	9.05	-0.34
2.669	9.05	-0.34
2.667	9.06	-0.34
2.666	9.07	-0.34
2.664	9.09	-0.34
2.663	9.12	-0.34
2.660	9.16	-0.34
2.658	9.17	-0.34
2.655	9.17	-0.34
2.652	9.18	-0.34
2.651	9.18	-0.34
2.649	9.18	-0.34
2.648	9.18	-0.34
2.646	9.18	-0.34
2.645	9.20	-0.34
2.644	9.20	-0.34
2.643	9.21	-0.34
2.642	9.24	-0.34
2.640	9.23	-0.34
2.639	9.24	-0.34
2.637	9.25	-0.34
2.635	9.24	-0.34
2.634	9.24	-0.34
2.633	9.25	-0.34
2.631	9.24	-0.34
2.629	9.24	-0.34
2.627	9.24	-0.34
2.625	9.25	-0.34
2.623	9.28	-0.34
2.622	9.28	-0.34
2.621	9.28	-0.34
2.620	9.27	-0.34
2.619	9.28	-0.34
2.618	9.29	-0.34
2.616	9.29	-0.34
2.615	9.28	-0.34
2.614	9.29	-0.34
2.614	9.28	-0.34
2.613	9.29	-0.34
2.612	9.29	-0.34
2.611	9.30	-0.34
2.610	9.29	-0.34
2.610	9.29	-0.34
2.609	9.30	-0.34
2.608	9.29	-0.34
2.607	9.30	-0.34
2.606	9.31	-0.34
2.605	9.31	-0.34
2.604	9.33	-0.34
2.604	9.33	-0.34
2.603	9.33	-0.34
2.602	9.35	-0.34
2.601	9.35	-0.34
2.600	9.36	-0.34
2.599	9.37	-0.34
2.597	9.37	-0.34
2.596	9.37	-0.34
2.595	9.38	-0.34
2.592	9.38	-0.34
2.590	9.38	-0.34
2.588	9.41	-0.34
2.587	9.39	-0.34
2.586	9.39	-0.34
2.584	9.39	-0.34
2.583	9.40	-0.34
2.580	9.41	-0.34
2.579	9.42	-0.34
2.577	9.42	-0.34
2.575	9.41	-0.34
2.574	9.41	-0.34
2.572	9.42	-0.34
2.570	9.43	-0.34
2.568	9.46	-0.34
2.565	9.48	-0.34
2.564	9.47	-0.34
2.564	9.46	-0.34
2.564	9.46	-0.34
2.564	9.46	-0.34
2.563	9.47	-0.34
2.562	9.49	-0.34
2.561	9.49	-0.34
2.560	9.49	-0.34
2.559	9.50	-0.34
2.558	9.50	-0.34
2.558	9.50	-0.34
2.557	9.50	-0.34
2.556	9.51	-0.34
2.555	9.52	-0.34
2.554	9.53	-0.34
2.553	9.53	-0.34
2.552	9.53	-0.34
2.551	9.54	-0.34
2.550	9.56	-0.34
2.549	9.56	-0.34
2.548	9.57	-0.34
2.546	9.64	-0.34
2.545	9.55	-0.34
2.544	9.56	-0.34
2.543	9.55	-0.34
2.542	9.56	-0.34
2.541	9.57	-0.34
2.540	9.56	-0.34
2.540	9.58	-0.34
2.539	9.59	-0.34
2.538	9.59	-0.34
2.538	9.59	-0.34
2.537	9.58	-0.34
2.536	9.58	-0.34
2.534	9.59	-0.34
2.533	9.61	-0.34
2.530	9.62	-0.34
2.529	9.75	-0.34
2.528	10.53	-0.34
2.527	9.63	-0.34
2.526	9.63	-0.34
2.525	9.64	-0.34
2.524	9.65	-0.34
2.523	9.69	-0.34
2.521	9.69	-0.34
2.520	9.78	-0.34
2.519	10.06	-0.34
2.517	9.79	-0.34
2.515	9.82	-0.34
2.513	9.68	-0.34
2.513	9.67	-0.34
2.513	9.66	-0.34
2.513	9.66	-0.34
2.512	9.69	-0.34
2.511	9.70	-0.34
2.509	9.70	-0.34
2.508	9.70	-0.34
2.506	9.70	-0.34
2.505	9.71	-0.34
2.503	9.73	-0.34
2.501	9.73	-0.34
2.501	9.73	-0.34
2.501	9.72	-0.34
2.500	9.73	-0.34
2.499	9.73	-0.34
2.498	9.73	-0.34
2.496	9.75	-0.34
2.493	9.78	-0.34
2.492	9.77	-0.34
2.492	9.76	-0.34
2.491	9.76	-0.34
2.490	9.79	-0.34
2.489	9.79	-0.34
2.487	9.78	-0.34
2.485	9.77	-0.34
2.483	9.80	-0.34
2.480	9.83	-0.34
2.477	9.83	-0.34
2.475	9.81	-0.34
2.473	9.81	-0.34
2.471	9.81	-0.34
2.470	9.82	-0.34
2.470	9.81	-0.34
2.468	9.82	-0.34
2.467	9.81	-0.34
2.466	9.83	-0.34
2.465	9.86	-0.34
2.462	9.86	-0.34
2.460	9.86	-0.34
2.460	9.86	-0.34
2.459	9.86	-0.34
2.457	9.88	-0.34
2.454	9.89	-0.34
2.452	9.90	-0.34
2.449	9.91	-0.34
2.447	9.90	-0.34
2.445	9.92	-0.34
2.443	9.92	-0.34
2.440	9.93	-0.34
2.439	9.93	-0.34
2.437	9.94	-0.34
2.434	9.98	-0.34
2.431	9.97	-0.34
2.430	9.97	-0.34
2.429	9.97	-0.34
2.428	10.00	-0.34
2.426	10.01	-0.34
2.423	10.02	-0.34
2.421	10.02	-0.34
2.420	10.04	-0.34
2.419	10.05	-0.34
2.416	10.06	-0.34
2.413	10.08	-0.34
2.411	10.07	-0.34
2.410	10.05	-0.34
2.410	10.04	-0.34
2.410	10.04	-0.34
2.409	10.09	-0.34
2.407	10.09	-0.34
2.406	10.12	-0.34
2.405	10.13	-0.33
2.405	10.15	-0.34
2.404	10.14	-0.33
2.402	10.12	-0.33
2.401	10.12	-0.34
2.401	10.11	-0.33
2.400	10.12	-0.34
2.398	10.12	-0.33
2.397	10.12	-0.34
2.396	10.15	-0.33
2.394	10.16	-0.34
2.392	10.19	-0.33
2.390	10.18	-0.33
2.389	10.20	-0.33
2.388	10.20	-0.33
2.387	10.20	-0.33
2.387	10.20	-0.33
2.386	10.20	-0.33
2.385	10.20	-0.33
2.384	10.20	-0.33
2.383	10.21	-0.34
2.382	10.21	-0.33
2.381	10.21	-0.33
2.379	10.22	-0.33
2.379	10.22	-0.33
2.377	10.22	-0.33
2.376	10.23	-0.33
2.374	10.24	-0.33
2.373	10.23	-0.33
2.373	10.23	-0.33
2.373	10.24	-0.33
2.370	10.26	-0.33
2.367	10.25	-0.33
2.367	10.24	-0.33
2.367	10.24	-0.33
2.367	10.23	-0.33
2.366	10.25	-0.33
2.365	10.25	-0.33
2.364	10.25	-0.33
2.363	10.25	-0.33
2.361	10.25	-0.33
2.359	10.26	-0.33
2.358	10.27	-0.33
2.357	10.27	-0.33
2.356	10.28	-0.33
2.354	10.29	-0.33
2.352	10.29	-0.33
2.351	10.29	-0.33
2.350	10.28	-0.33
2.349	10.29	-0.33
2.348	10.30	-0.33
2.346	10.29	-0.33
2.345	10.30	-0.33
2.345	10.31	-0.33
2.344	10.32	-0.33
2.344	10.32	-0.33
2.343	10.32	-0.33
2.343	10.32	-0.33
2.343	10.32	-0.33
2.342	10.32	-0.33
2.342	10.33	-0.33
2.341	10.36	-0.33
2.339	10.37	-0.33
2.337	10.37	-0.33
2.336	10.37	-0.33
2.335	10.38	-0.33
2.332	10.38	-0.33
2.330	10.39	-0.33
2.328	10.38	-0.33
2.327	10.39	-0.33
2.325	10.39	-0.33
2.324	10.39	-0.33
2.322	10.39	-0.33
2.320	10.40	-0.33
2.318	10.42	-0.33
2.316	10.42	-0.33
2.315	10.43	-0.33
2.314	10.44	-0.33
2.313	10.45	-0.33
2.312	10.48	-0.33
2.310	10.49	-0.33
2.308	10.48	-0.33
2.308	10.48	-0.34
2.307	10.49	-0.33
2.307	10.49	-0.34
2.306	10.49	-0.33
2.306	10.50	-0.34
2.306	10.52	-0.33
2.304	10.51	-0.34
2.302	10.50	-0.33
2.300	10.50	-0.33
2.299	10.50	-0.34
2.298	10.50	-0.33
2.297	10.50	-0.34
2.297	10.50	-0.34
2.297	10.51	-0.34
2.295	10.52	-0.33
2.294	10.53	-0.34
2.292	10.55	-0.34
2.290	10.57	-0.34
2.290	10.58	-0.33
2.289	10.58	-0.33
2.289	10.58	-0.34
2.288	10.60	-0.34
2.287	10.61	-0.34
2.285	10.63	-0.34
2.284	10.65	-0.34
2.282	10.67	-0.34
2.281	10.66	-0.34
2.280	10.66	-0.34
2.280	10.66	-0.34
2.277	10.68	-0.34
2.272	10.69	-0.34
2.270	10.69	-0.34
2.269	10.69	-0.34
2.266	10.69	-0.33
2.264	10.68	-0.34
2.264	10.68	-0.34
2.264	10.69	-0.34
2.262	10.69	-0.34
2.262	10.69	-0.34
2.261	10.69	-0.34
2.261	10.70	-0.34
2.260	10.70	-0.34
2.259	10.70	-0.34
2.258	10.70	-0.34
2.257	10.70	-0.34
2.256	10.71	-0.34
2.255	10.71	-0.34
2.254	10.71	-0.34
2.252	10.71	-0.34
2.251	10.72	-0.34
2.249	10.73	-0.34
2.247	10.73	-0.34
2.245	10.73	-0.34
2.244	10.73	-0.34
2.242	10.74	-0.34
2.240	10.75	-0.34
2.238	10.80	-0.34
2.236	10.80	-0.34
2.234	10.81	-0.34
2.233	10.82	-0.34
2.232	10.83	-0.34
2.231	10.85	-0.34
2.229	10.87	-0.34
2.227	10.90	-0.34
2.226	10.91	-0.34
2.223	10.91	-0.34
2.221	10.92	-0.34
2.220	10.93	-0.34
2.218	10.93	-0.34
2.216	10.95	-0.34
2.214	10.96	-0.34
2.212	10.98	-0.34
2.210	10.99	-0.34
2.210	10.99	-0.34
2.209	11.00	-0.34
2.208	11.01	-0.34
2.208	11.01	-0.34
2.207	11.01	-0.34
2.206	11.01	-0.34
2.205	11.02	-0.34
2.203	11.04	-0.34
2.201	11.04	-0.34
2.200	11.04	-0.33
2.198	11.05	-0.33
2.197	11.06	-0.34
2.197	11.06	-0.34
2.197	11.06	-0.33
2.197	11.07	-0.34
2.196	11.07	-0.34
2.195	11.08	-0.33
2.193	11.09	-0.33
2.192	11.09	-0.33
2.191	11.09	-0.33
2.190	11.10	-0.33
2.189	11.11	-0.34
2.185	11.13	-0.33
2.183	11.13	-0.33
2.183	11.13	-0.33
2.183	11.13	-0.33
2.183	11.14	-0.33
2.181	11.16	-0.33
2.178	11.17	-0.33
2.176	11.19	-0.33
2.175	11.18	-0.33
2.173	11.20	-0.33
2.170	11.23	-0.33
2.169	11.23	-0.33
2.168	11.24	-0.33
2.167	11.23	-0.33
2.166	11.23	-0.33
2.166	11.23	-0.33
2.165	11.24	-0.33
2.164	11.25	-0.33
2.164	11.26	-0.33
2.162	11.27	-0.33
2.161	11.28	-0.33
2.159	11.28	-0.33
2.158	11.29	-0.33
2.157	11.30	-0.33
2.155	11.33	-0.33
2.153	11.33	-0.33
2.152	11.33	-0.33
2.151	11.34	-0.33
2.151	11.34	-0.33
2.150	11.35	-0.33
2.149	11.35	-0.33
2.148	11.35	-0.33
2.147	11.36	-0.33
2.146	11.36	-0.33
2.144	11.37	-0.33
2.142	11.38	-0.33
2.140	11.40	-0.33
2.138	11.40	-0.33
2.136	11.41	-0.33
2.135	11.42	-0.33
2.133	11.42	-0.33
2.132	11.44	-0.33
2.130	11.44	-0.33
2.128	11.45	-0.33
2.127	11.46	-0.33
2.125	11.48	-0.33
2.124	11.49	-0.33
2.122	11.49	-0.33
2.121	11.50	-0.33
2.119	11.50	-0.33
2.118	11.51	-0.33
2.116	11.52	-0.33
2.114	11.53	-0.33
2.112	11.54	-0.33
2.111	11.55	-0.33
2.109	11.56	-0.33
2.108	11.56	-0.33
2.108	11.56	-0.33
2.108	11.56	-0.33
2.107	11.57	-0.33
2.105	11.58	-0.33
2.104	11.59	-0.33
2.102	11.75	-0.33
2.101	11.63	-0.33
2.100	11.62	-0.33
2.098	11.64	-0.33
2.098	11.64	-0.33
2.096	11.64	-0.33
2.095	11.65	-0.33
2.094	11.66	-0.33
2.093	11.66	-0.33
2.092	11.79	-0.33
2.092	11.72	-0.33
2.091	11.76	-0.33
2.090	11.72	-0.33
2.089	11.69	-0.33
2.088	11.71	-0.33
2.087	11.71	-0.33
2.087	11.76	-0.33
2.086	11.74	-0.33
2.086	11.74	-0.33
2.086	11.75	-0.33
2.085	11.71	-0.33
2.084	11.72	-0.33
2.084	11.72	-0.33
2.083	11.72	-0.33
2.082	11.73	-0.33
2.081	11.74	-0.33
2.080	11.75	-0.33
2.079	11.75	-0.33
2.078	11.76	-0.33
2.077	11.76	-0.33
2.077	11.77	-0.33
2.076	11.77	-0.33
2.075	11.77	-0.33
2.074	11.77	-0.33
2.073	11.77	-0.33
2.072	11.79	-0.34
2.070	11.81	-0.34
2.069	11.82	-0.33
2.068	11.82	-0.34
2.067	11.82	-0.34
2.066	11.83	-0.34
2.065	11.83	-0.34
2.065	11.84	-0.34
2.064	11.83	-0.34
2.063	11.83	-0.34
2.062	11.84	-0.34
2.061	11.85	-0.34
2.060	11.86	-0.34
2.059	11.86	-0.34
2.057	11.86	-0.34
2.056	11.87	-0.34
2.055	11.87	-0.34
2.054	11.88	-0.34
2.053	11.88	-0.34
2.052	11.89	-0.34
2.052	11.89	-0.34
2.051	11.90	-0.34
2.050	11.90	-0.34
2.050	11.91	-0.34
2.050	11.91	-0.34
2.049	11.92	-0.34
2.048	11.92	-0.34
2.048	11.92	-0.34
2.047	11.93	-0.34
2.046	11.94	-0.34
2.045	11.94	-0.34
2.044	11.95	-0.34
2.043	11.95	-0.34
2.042	11.96	-0.34
2.041	11.96	-0.34
2.040	11.97	-0.34
2.039	11.97	-0.34
2.038	11.97	-0.34
2.037	11.98	-0.34
2.037	11.98	-0.34
2.036	11.98	-0.34
2.036	11.99	-0.34
2.035	12.00	-0.34
2.034	12.00	-0.34
2.034	12.00	-0.34
2.033	12.00	-0.34
2.033	12.00	-0.34
2.032	12.01	-0.34
2.032	12.01	-0.34
2.031	12.01	-0.34
2.031	12.01	-0.34
2.031	12.01	-0.34
2.030	12.01	-0.34
2.030	12.02	-0.34
2.029	12.02	-0.34
2.028	12.03	-0.34
2.028	12.03	-0.34
2.028	12.03	-0.34
2.027	12.04	-0.34
2.027	12.04	-0.34
2.026	12.04	-0.34
2.026	12.04	-0.34
2.025	12.05	-0.34
2.025	12.05	-0.34
2.024	12.05	-0.34
2.024	12.06	-0.34
2.023	12.06	-0.34
2.023	12.06	-0.34
2.022	12.07	-0.34
2.022	12.07	-0.34
2.021	12.07	-0.34
2.021	12.08	-0.34
2.020	12.08	-0.34
2.020	12.08	-0.34
2.019	12.08	-0.34
2.019	12.09	-0.34
2.018	12.09	-0.34
2.018	12.10	-0.34
2.017	12.10	-0.34
2.017	12.10	-0.34
2.017	12.10	-0.34
2.016	12.10	-0.34
2.016	12.11	-0.34
2.015	12.12	-0.34
2.015	12.12	-0.34
2.015	12.12	-0.34
2.014	12.12	-0.34
2.014	12.13	-0.34
2.014	12.13	-0.34
2.013	12.14	-0.34
2.013	12.14	-0.34
2.012	12.14	-0.34
2.012	12.14	-0.34
2.012	12.14	-0.34
2.011	12.15	-0.34
2.011	12.15	-0.34
2.010	12.16	-0.34
2.010	12.16	-0.34
2.009	12.16	-0.34
2.009	12.16	-0.34
2.008	12.16	-0.34
2.008	12.16	-0.34
2.007	12.17	-0.34
2.007	12.17	-0.34
2.006	12.17	-0.34
2.006	12.17	-0.34
2.006	12.18	-0.34
2.005	12.18	-0.34
2.005	12.18	-0.34
2.005	12.19	-0.34
2.004	12.19	-0.34
2.004	12.19	-0.34
2.003	12.19	-0.34
2.003	12.19	-0.34
2.002	12.19	-0.34
2.001	12.20	-0.34
2.001	12.21	-0.34
2.000	12.22	-0.34
2.000	12.22	-0.34
1.999	12.22	-0.34
1.998	12.23	-0.34
1.998	12.23	-0.34
1.998	12.23	-0.34
1.997	12.23	-0.34
1.997	12.23	-0.34
1.996	12.23	-0.34
1.996	12.23	-0.34
1.996	12.24	-0.34
1.996	12.24	-0.34
1.995	12.24	-0.34
1.995	12.24	-0.34
1.995	12.24	-0.34
1.994	12.25	-0.34
1.994	12.25	-0.34
1.993	12.26	-0.34
1.993	12.27	-0.34
1.992	12.27	-0.34
1.992	12.27	-0.34
1.991	12.27	-0.34
1.991	12.27	-0.34
1.990	12.27	-0.34
1.990	12.27	-0.34
1.989	12.28	-0.34
1.988	12.28	-0.34
1.988	12.29	-0.34
1.987	12.30	-0.34
1.986	12.30	-0.34
1.985	12.32	-0.34
1.984	12.33	-0.34
1.983	12.33	-0.34
1.982	12.33	-0.34
1.982	12.33	-0.34
1.981	12.34	-0.34
1.980	12.34	-0.34
1.980	12.35	-0.34
1.979	12.35	-0.34
1.978	12.36	-0.34
1.978	12.35	-0.34
1.977	12.35	-0.34
1.977	12.36	-0.34
1.976	12.36	-0.34
1.976	12.36	-0.34
1.975	12.37	-0.34
1.975	12.37	-0.34
1.974	12.38	-0.34
1.974	12.38	-0.34
1.973	12.39	-0.34
1.972	12.39	-0.34
1.971	12.40	-0.34
1.971	12.40	-0.34
1.970	12.41	-0.34
1.969	12.42	-0.34
1.968	12.42	-0.34
1.967	12.42	-0.34
1.966	12.43	-0.34
1.965	12.43	-0.34
1.964	12.44	-0.34
1.963	12.44	-0.34
1.963	12.45	-0.34
1.962	12.46	-0.34
1.961	12.46	-0.34
1.961	12.46	-0.34
1.960	12.47	-0.34
1.959	12.47	-0.34
1.959	12.48	-0.34
1.958	12.48	-0.34
1.958	12.48	-0.34
1.956	12.48	-0.34
1.955	12.49	-0.34
1.955	12.49	-0.34
1.954	12.50	-0.34
1.953	12.50	-0.34
1.952	12.51	-0.34
1.952	12.51	-0.34
1.951	12.52	-0.35
1.950	12.52	-0.34
1.949	12.53	-0.35
1.948	12.53	-0.35
1.947	12.54	-0.34
1.946	12.54	-0.35
1.945	12.55	-0.35
1.944	12.55	-0.35
1.944	12.55	-0.34
1.943	12.56	-0.35
1.942	12.57	-0.35
1.942	12.57	-0.35
1.941	12.57	-0.35
1.940	12.58	-0.34
1.940	12.59	-0.34
1.939	12.60	-0.35
1.938	12.61	-0.35
1.937	12.61	-0.35
1.936	12.62	-0.35
1.936	12.62	-0.35
1.935	12.62	-0.35
1.934	12.62	-0.35
1.934	12.62	-0.35
1.933	12.63	-0.35
1.932	12.64	-0.35
1.931	12.65	-0.35
1.931	12.66	-0.35
1.930	12.67	-0.35
1.929	12.67	-0.35
1.928	12.66	-0.35
1.927	12.67	-0.35
1.926	12.68	-0.35
1.925	12.69	-0.35
1.924	12.69	-0.35
1.924	12.69	-0.35
1.924	12.69	-0.35
1.923	12.70	-0.35
1.923	12.70	-0.35
1.923	12.70	-0.35
1.922	12.71	-0.35
1.921	12.72	-0.35
1.921	12.73	-0.35
1.920	12.73	-0.35
1.920	12.73	-0.35
1.920	12.74	-0.35
1.919	12.75	-0.35
1.918	12.75	-0.35
1.918	12.75	-0.35
1.917	12.75	-0.35
1.916	12.75	-0.35
1.915	12.76	-0.35
1.915	12.76	-0.35
1.914	12.76	-0.35
1.913	12.76	-0.35
1.913	12.77	-0.35
1.912	12.79	-0.35
1.911	12.79	-0.35
1.910	12.80	-0.35
1.910	12.80	-0.35
1.909	12.80	-0.35
1.908	12.81	-0.35
1.907	12.81	-0.35
1.907	12.81	-0.35
1.906	12.81	-0.35
1.905	12.82	-0.35
1.905	12.83	-0.35
1.904	12.83	-0.35
1.904	12.84	-0.35
1.903	12.84	-0.35
1.903	12.84	-0.35
1.903	12.84	-0.35
1.902	12.85	-0.35
1.902	12.86	-0.35
1.901	12.86	-0.35
1.900	12.87	-0.35
1.900	12.87	-0.35
1.899	12.87	-0.35
1.899	12.88	-0.35
1.898	12.88	-0.35
1.898	12.88	-0.35
1.897	12.88	-0.35
1.897	12.89	-0.35
1.896	12.89	-0.35
1.895	12.90	-0.35
1.895	12.90	-0.35
1.894	12.90	-0.35
1.893	12.91	-0.35
1.892	12.91	-0.35
1.891	12.92	-0.35
1.891	12.92	-0.35
1.890	12.92	-0.35
1.890	12.93	-0.35
1.889	12.92	-0.35
1.889	12.93	-0.35
1.889	12.93	-0.35
1.889	12.94	-0.35
1.888	12.94	-0.35
1.888	12.94	-0.35
1.887	12.94	-0.35
1.887	12.95	-0.35
1.886	12.95	-0.35
1.886	12.95	-0.35
1.885	12.95	-0.35
1.885	12.96	-0.35
1.884	12.96	-0.35
1.883	12.97	-0.35
1.883	12.98	-0.35
1.882	12.99	-0.35
1.881	12.99	-0.35
1.880	12.99	-0.35
1.880	12.99	-0.35
1.879	13.00	-0.35
1.878	13.01	-0.35
1.878	13.01	-0.35
1.877	13.02	-0.35
1.876	13.03	-0.35
1.875	13.03	-0.35
1.875	13.05	-0.35
1.874	13.05	-0.35
1.873	13.05	-0.35
1.872	13.06	-0.35
1.872	13.06	-0.35
1.871	13.06	-0.35
1.870	13.07	-0.35
1.870	13.07	-0.35
1.869	13.08	-0.35
1.868	13.08	-0.35
1.868	13.08	-0.35
1.867	13.09	-0.35
1.867	13.09	-0.35
1.867	13.09	-0.35
1.866	13.09	-0.35
1.865	13.10	-0.35
1.865	13.10	-0.35
1.864	13.11	-0.35
1.864	13.11	-0.35
1.863	13.11	-0.35
1.863	13.11	-0.35
1.862	13.13	-0.35
1.861	13.13	-0.35
1.861	13.13	-0.35
1.860	13.14	-0.35
1.859	13.14	-0.35
1.859	13.14	-0.35
1.859	13.14	-0.35
1.858	13.15	-0.35
1.858	13.15	-0.35
1.858	13.16	-0.35
1.857	13.16	-0.35
1.857	13.16	-0.35
1.856	13.16	-0.35
1.855	13.17	-0.35
1.855	13.17	-0.35
1.854	13.19	-0.35
1.853	13.20	-0.35
1.852	13.20	-0.35
1.851	13.21	-0.35
1.851	13.22	-0.35
1.850	13.22	-0.35
1.849	13.22	-0.35
1.848	13.23	-0.35
1.847	13.23	-0.35
1.846	13.25	-0.35
1.845	13.26	-0.35
1.844	13.27	-0.35
1.843	13.28	-0.35
1.843	13.28	-0.35
1.842	13.29	-0.35
1.841	13.29	-0.35
1.840	13.29	-0.35
1.839	13.30	-0.35
1.838	13.31	-0.35
1.838	13.32	-0.35
1.837	13.32	-0.35
1.836	13.32	-0.35
1.835	13.33	-0.35
1.834	13.34	-0.35
1.834	13.34	-0.35
1.833	13.35	-0.35
1.832	13.35	-0.35
1.832	13.35	-0.35
1.831	13.37	-0.35
1.830	13.37	-0.35
1.830	13.38	-0.35
1.829	13.38	-0.35
1.829	13.38	-0.35
1.828	13.39	-0.35
1.828	13.39	-0.35
1.827	13.39	-0.35
1.827	13.39	-0.35
1.826	13.40	-0.35
1.826	13.40	-0.35
1.825	13.40	-0.35
1.824	13.40	-0.35
1.824	13.41	-0.35
1.823	13.41	-0.35
1.822	13.42	-0.35
1.822	13.42	-0.35
1.821	13.43	-0.35
1.820	13.44	-0.35
1.819	13.44	-0.35
1.819	13.44	-0.35
1.818	13.45	-0.35
1.817	13.46	-0.35
1.816	13.47	-0.35
1.816	13.47	-0.35
1.815	13.47	-0.35
1.814	13.48	-0.35
1.814	13.49	-0.35
1.813	13.49	-0.35
1.813	13.49	-0.35
1.813	13.49	-0.35
1.812	13.50	-0.35
1.812	13.50	-0.35
1.811	13.51	-0.35
1.811	13.51	-0.35
1.810	13.52	-0.35
1.810	13.52	-0.35
1.809	13.53	-0.35
1.808	13.53	-0.35
1.808	13.53	-0.35
1.808	13.53	-0.35
1.807	13.53	-0.35
1.807	13.53	-0.35
1.806	13.54	-0.35
1.806	13.55	-0.35
1.806	13.55	-0.35
1.805	13.55	-0.35
1.805	13.56	-0.35
1.804	13.56	-0.35
1.804	13.56	-0.35
1.804	13.56	-0.35
1.804	13.57	-0.35
1.803	13.57	-0.35
1.803	13.57	-0.35
1.803	13.57	-0.35
1.803	13.57	-0.35
1.802	13.58	-0.35
1.802	13.58	-0.35
1.801	13.58	-0.35
1.801	13.58	-0.35
1.801	13.58	-0.35
1.800	13.59	-0.35
1.799	13.60	-0.35
1.799	13.60	-0.35
1.798	13.61	-0.35
1.797	13.61	-0.35
1.797	13.62	-0.35
1.796	13.62	-0.35
1.795	13.63	-0.35
1.795	13.64	-0.35
1.794	13.64	-0.35
1.793	13.64	-0.35
1.793	13.65	-0.35
1.792	13.65	-0.35
1.791	13.66	-0.35
1.790	13.67	-0.35
1.790	13.67	-0.35
1.789	13.67	-0.35
1.788	13.68	-0.35
1.787	13.70	-0.35
1.786	13.70	-0.35
1.785	13.71	-0.35
1.784	13.72	-0.35
1.783	13.72	-0.35
1.783	13.72	-0.35
1.782	13.73	-0.35
1.782	13.74	-0.35
1.782	13.74	-0.35
1.781	13.75	-0.35
1.781	13.75	-0.35
1.780	13.75	-0.35
1.779	13.76	-0.35
1.779	13.76	-0.35
1.778	13.77	-0.35
1.778	13.77	-0.35
1.777	13.78	-0.35
1.776	13.79	-0.35
1.776	13.80	-0.35
1.775	13.80	-0.35
1.774	13.80	-0.35
1.773	13.80	-0.35
1.773	13.81	-0.35
1.772	13.82	-0.35
1.771	13.82	-0.35
1.771	13.82	-0.35
1.771	13.83	-0.35
1.770	13.83	-0.35
1.770	13.83	-0.35
1.769	13.83	-0.35
1.769	13.84	-0.35
1.768	13.85	-0.35
1.768	13.85	-0.35
1.767	13.86	-0.35
1.767	13.86	-0.35
1.766	13.86	-0.35
1.766	13.87	-0.35
1.765	13.87	-0.35
1.764	13.88	-0.35
1.764	13.88	-0.35
1.763	13.88	-0.35
1.762	13.89	-0.35
1.762	13.89	-0.35
1.761	13.90	-0.35
1.761	13.90	-0.35
1.760	13.90	-0.35
1.760	13.91	-0.35
1.759	13.91	-0.35
1.758	13.91	-0.35
1.758	13.92	-0.35
1.757	13.92	-0.35
1.757	13.93	-0.35
1.756	13.93	-0.35
1.756	13.93	-0.35
1.755	13.94	-0.35
1.755	13.95	-0.35
1.755	13.95	-0.35
1.754	13.96	-0.35
1.754	13.97	-0.35
1.753	13.97	-0.35
1.753	13.97	-0.35
1.752	13.97	-0.35
1.752	13.97	-0.35
1.751	13.97	-0.35
1.751	13.98	-0.35
1.750	13.99	-0.35
1.750	13.99	-0.35
1.749	13.99	-0.35
1.749	13.99	-0.35
1.748	14.00	-0.35
1.748	14.01	-0.35
1.747	14.01	-0.35
1.747	14.01	-0.35
1.746	14.02	-0.35
1.746	14.03	-0.35
1.745	14.03	-0.35
1.745	14.03	-0.35
1.744	14.04	-0.35
1.744	14.05	-0.35
1.743	14.05	-0.35
1.743	14.05	-0.35
1.742	14.06	-0.35
1.742	14.07	-0.35
1.741	14.07	-0.35
1.740	14.07	-0.35
1.740	14.08	-0.35
1.739	14.09	-0.35
1.739	14.09	-0.35
1.738	14.09	-0.35
1.738	14.10	-0.35
1.737	14.11	-0.35
1.737	14.11	-0.35
1.737	14.11	-0.35
1.736	14.11	-0.35
1.736	14.11	-0.35
1.736	14.11	-0.35
1.735	14.12	-0.35
1.734	14.13	-0.35
1.734	14.13	-0.35
1.734	14.13	-0.35
1.733	14.14	-0.35
1.732	14.14	-0.35
1.731	14.15	-0.35
1.731	14.15	-0.35
1.730	14.16	-0.35
1.729	14.16	-0.35
1.729	14.16	-0.35
1.728	14.17	-0.35
1.728	14.19	-0.35
1.727	14.19	-0.35
1.727	14.20	-0.35
1.726	14.20	-0.35
1.726	14.20	-0.35
1.725	14.21	-0.35
1.724	14.21	-0.35
1.724	14.22	-0.35
1.724	14.22	-0.35
1.723	14.22	-0.35
1.723	14.22	-0.35
1.722	14.23	-0.35
1.721	14.24	-0.35
1.721	14.24	-0.35
1.721	14.24	-0.35
1.720	14.25	-0.35
1.720	14.26	-0.35
1.719	14.26	-0.35
1.719	14.26	-0.35
1.718	14.27	-0.35
1.717	14.28	-0.35
1.717	14.28	-0.35
1.716	14.28	-0.35
1.715	14.29	-0.35
1.715	14.30	-0.35
1.715	14.30	-0.35
1.715	14.30	-0.35
1.714	14.30	-0.35
1.714	14.30	-0.35
1.713	14.30	-0.35
1.713	14.31	-0.35
1.712	14.32	-0.35
1.712	14.32	-0.35
1.711	14.32	-0.35
1.711	14.33	-0.35
1.710	14.34	-0.35
1.709	14.34	-0.35
1.709	14.34	-0.35
1.708	14.35	-0.35
1.708	14.36	-0.35
1.707	14.36	-0.35
1.707	14.36	-0.35
1.706	14.37	-0.35
1.706	14.37	-0.35
1.705	14.38	-0.35
1.705	14.38	-0.35
1.704	14.39	-0.35
1.703	14.40	-0.35
1.703	14.40	-0.35
1.702	14.40	-0.35
1.701	14.40	-0.35
1.701	14.41	-0.35
1.700	14.42	-0.35
1.700	14.42	-0.35
1.700	14.42	-0.35
1.699	14.42	-0.35
1.699	14.43	-0.35
1.698	14.43	-0.35
1.698	14.44	-0.35
1.697	14.44	-0.35
1.697	14.44	-0.35
1.696	14.44	-0.35
1.696	14.45	-0.35
1.695	14.45	-0.35
1.695	14.46	-0.35
1.695	14.46	-0.35
1.694	14.46	-0.35
1.694	14.46	-0.35
1.693	14.47	-0.35
1.693	14.48	-0.35
1.692	14.48	-0.35
1.692	14.48	-0.35
1.691	14.49	-0.35
1.691	14.49	-0.35
1.691	14.50	-0.35
1.690	14.50	-0.35
1.689	14.50	-0.35
1.689	14.51	-0.35
1.688	14.51	-0.35
1.688	14.52	-0.35
1.687	14.52	-0.35
1.687	14.52	-0.35
1.686	14.53	-0.35
1.686	14.54	-0.35
1.685	14.54	-0.35
1.685	14.54	-0.35
1.684	14.54	-0.35
1.684	14.55	-0.35
1.683	14.56	-0.35
1.683	14.56	-0.35
1.682	14.56	-0.35
1.682	14.57	-0.35
1.681	14.58	-0.35
1.681	14.58	-0.35
1.680	14.58	-0.35
1.680	14.58	-0.35
1.679	14.59	-0.35
1.679	14.60	-0.35
1.678	14.61	-0.35
1.677	14.61	-0.35
1.677	14.62	-0.35
1.677	14.62	-0.35
1.676	14.62	-0.35
1.676	14.62	-0.35
1.675	14.64	-0.35
1.675	14.64	-0.35
1.674	14.64	-0.35
1.672	14.65	-0.35
1.672	14.66	-0.35
1.671	14.66	-0.35
1.671	14.68	-0.35
1.670	14.68	-0.35
1.669	14.68	-0.35
1.669	14.69	-0.35
1.668	14.70	-0.35
1.668	14.70	-0.35
1.667	14.70	-0.35
1.667	14.70	-0.35
1.666	14.71	-0.35
1.666	14.71	-0.35
1.665	14.72	-0.35
1.665	14.73	-0.35
1.664	14.73	-0.35
1.664	14.73	-0.35
1.663	14.74	-0.35
1.663	14.75	-0.35
1.662	14.75	-0.35
1.661	14.76	-0.35
1.661	14.77	-0.35
1.660	14.77	-0.35
1.660	14.77	-0.35
1.659	14.77	-0.35
1.659	14.79	-0.35
1.658	14.79	-0.35
1.658	14.79	-0.35
1.657	14.79	-0.35
1.657	14.79	-0.35
1.656	14.80	-0.35
1.656	14.81	-0.35
1.656	14.81	-0.35
1.656	14.81	-0.35
1.655	14.81	-0.35
1.654	14.83	-0.35
1.654	14.83	-0.35
1.653	14.83	-0.35
1.653	14.83	-0.35
1.652	14.83	-0.35
1.652	14.83	-0.35
1.651	14.84	-0.35
1.651	14.85	-0.35
1.650	14.85	-0.35
1.649	14.86	-0.35
1.648	14.87	-0.35
1.647	14.87	-0.35
1.646	14.89	-0.35
1.646	14.89	-0.35
1.645	14.90	-0.35
1.645	14.90	-0.35
1.645	14.91	-0.35
1.644	14.91	-0.35
1.644	14.91	-0.35
1.643	14.91	-0.35
1.643	14.91	-0.35
1.642	14.92	-0.35
1.642	14.93	-0.35
1.642	14.93	-0.35
1.641	14.93	-0.35
1.641	14.93	-0.35
1.641	14.94	-0.35
1.640	14.94	-0.35
1.640	14.95	-0.35
1.640	14.95	-0.35
1.640	14.95	-0.35
1.639	14.95	-0.35
1.639	14.95	-0.35
1.638	14.96	-0.35
1.637	14.96	-0.35
1.637	14.97	-0.35
1.636	14.98	-0.35
1.636	14.98	-0.35
1.635	14.99	-0.35
1.634	14.99	-0.35
1.634	15.00	-0.35
1.633	15.00	-0.35
1.633	15.00	-0.35
1.632	15.00	-0.35
1.632	15.01	-0.35
1.632	15.02	-0.35
1.631	15.02	-0.35
1.631	15.02	-0.35
1.630	15.02	-0.35
1.630	15.03	-0.35
1.630	15.04	-0.35
1.629	15.04	-0.35
1.629	15.04	-0.35
1.629	15.05	-0.35
1.628	15.06	-0.35
1.627	15.06	-0.35
1.627	15.07	-0.35
1.626	15.08	-0.35
1.626	15.08	-0.35
1.626	15.09	-0.35
1.625	15.09	-0.35
1.624	15.10	-0.35
1.624	15.10	-0.35
1.624	15.10	-0.35
1.623	15.10	-0.35
1.623	15.10	-0.35
1.623	15.11	-0.35
1.622	15.11	-0.35
1.621	15.12	-0.35
1.621	15.12	-0.35
1.621	15.12	-0.35
1.620	15.13	-0.35
1.620	15.13	-0.35
1.619	15.15	-0.35
1.619	15.15	-0.35
1.618	15.16	-0.35
1.618	15.16	-0.35
1.617	15.17	-0.35
1.617	15.17	-0.35
1.617	15.17	-0.35
1.616	15.17	-0.35
1.616	15.17	-0.35
1.616	15.18	-0.35
1.616	15.18	-0.35
1.615	15.18	-0.35
1.615	15.19	-0.35
1.615	15.19	-0.35
1.614	15.19	-0.35
1.614	15.20	-0.35
1.613	15.21	-0.35
1.613	15.21	-0.35
1.613	15.21	-0.35
1.612	15.21	-0.35
1.612	15.22	-0.35
1.611	15.23	-0.35
1.611	15.23	-0.35
1.611	15.23	-0.35
1.610	15.23	-0.35
1.610	15.23	-0.35
1.610	15.23	-0.35
1.609	15.24	-0.35
1.609	15.25	-0.35
1.608	15.25	-0.35
1.608	15.26	-0.35
1.607	15.26	-0.35
1.606	15.27	-0.35
1.605	15.27	-0.35
1.605	15.28	-0.35
1.604	15.29	-0.35
1.604	15.29	-0.35
1.603	15.30	-0.35
1.603	15.30	-0.35
1.602	15.30	-0.35
1.602	15.31	-0.35
1.601	15.31	-0.35
1.601	15.32	-0.35
1.600	15.32	-0.35
1.600	15.34	-0.35
1.599	15.34	-0.35
1.599	15.34	-0.35
1.598	15.34	-0.35
1.597	15.35	-0.35
1.597	15.35	-0.35
1.597	15.36	-0.35
1.596	15.36	-0.35
1.596	15.36	-0.35
1.596	15.37	-0.35
1.595	15.37	-0.35
1.595	15.38	-0.35
1.594	15.38	-0.35
1.594	15.38	-0.35
1.593	15.39	-0.35
1.593	15.40	-0.35
1.592	15.40	-0.35
1.592	15.40	-0.35
1.592	15.40	-0.35
1.591	15.40	-0.35
1.591	15.40	-0.35
1.591	15.41	-0.35
1.590	15.42	-0.35
1.590	15.42	-0.35
1.590	15.42	-0.35
1.589	15.42	-0.35
1.589	15.42	-0.35
1.589	15.43	-0.35
1.588	15.44	-0.35
1.588	15.44	-0.35
1.588	15.44	-0.35
1.587	15.44	-0.35
1.587	15.45	-0.35
1.586	15.46	-0.35
1.586	15.46	-0.35
1.585	15.46	-0.35
1.585	15.47	-0.35
1.584	15.48	-0.35
1.584	15.48	-0.35
1.583	15.48	-0.35
1.583	15.49	-0.35
1.583	15.50	-0.35
1.582	15.50	-0.35
1.582	15.50	-0.35
1.582	15.50	-0.35
1.581	15.51	-0.35
1.581	15.51	-0.35
1.580	15.51	-0.35
1.579	15.52	-0.35
1.579	15.53	-0.35
1.578	15.53	-0.35
1.577	15.54	-0.35
1.577	15.55	-0.35
1.576	15.55	-0.35
1.575	15.57	-0.35
1.575	15.59	-0.35
1.574	15.59	-0.35
1.573	15.59	-0.35
1.573	15.59	-0.35
1.572	15.60	-0.35
1.572	15.61	-0.35
1.571	15.61	-0.35
1.571	15.61	-0.35
1.571	15.61	-0.35
1.570	15.62	-0.35
1.570	15.63	-0.35
1.570	15.63	-0.35
1.570	15.63	-0.35
1.570	15.63	-0.35
1.569	15.63	-0.35
1.569	15.64	-0.35
1.569	15.64	-0.35
1.569	15.64	-0.35
1.568	15.65	-0.35
1.568	15.65	-0.35
1.568	15.65	-0.35
1.567	15.65	-0.35
1.567	15.65	-0.35
1.567	15.66	-0.35
1.567	15.66	-0.35
1.567	15.66	-0.35
1.566	15.67	-0.35
1.566	15.67	-0.35
1.566	15.67	-0.35
1.565	15.67	-0.35
1.565	15.68	-0.35
1.565	15.69	-0.35
1.564	15.69	-0.35
1.564	15.69	-0.35
1.563	15.69	-0.35
1.563	15.70	-0.35
1.562	15.71	-0.35
1.561	15.71	-0.35
1.561	15.72	-0.35
1.560	15.73	-0.35
1.560	15.73	-0.35
1.559	15.74	-0.35
1.559	15.74	-0.35
1.558	15.75	-0.35
1.558	15.75	-0.35
1.557	15.76	-0.35
1.556	15.77	-0.35
1.555	15.78	-0.35
1.554	15.79	-0.35
1.554	15.80	-0.35
1.553	15.80	-0.35
1.552	15.81	-0.35
1.551	15.82	-0.35
1.550	15.82	-0.35
1.549	15.83	-0.35
1.549	15.84	-0.35
1.548	15.84	-0.35
1.548	15.84	-0.35
1.547	15.84	-0.35
1.546	15.86	-0.35
1.546	15.86	-0.35
1.546	15.87	-0.35
1.545	15.88	-0.35
1.544	15.88	-0.35
1.544	15.88	-0.35
1.544	15.88	-0.35
1.543	15.89	-0.35
1.543	15.89	-0.35
1.543	15.90	-0.35
1.543	15.90	-0.35
1.542	15.90	-0.35
1.542	15.90	-0.35
1.542	15.90	-0.35
1.541	15.90	-0.35
1.541	15.91	-0.35
1.541	15.91	-0.35
1.541	15.92	-0.35
1.540	15.92	-0.35
1.540	15.92	-0.35
1.540	15.92	-0.35
1.540	15.92	-0.35
1.540	15.92	-0.35
1.539	15.93	-0.35
1.539	15.94	-0.35
1.539	15.94	-0.35
1.538	15.94	-0.35
1.538	15.94	-0.35
1.538	15.94	-0.35
1.537	15.95	-0.35
1.537	15.96	-0.35
1.537	15.96	-0.35
1.536	15.96	-0.35
1.536	15.97	-0.35
1.535	15.98	-0.35
1.535	15.98	-0.35
1.534	15.99	-0.35
1.534	16.00	-0.35
1.533	16.00	-0.35
1.532	16.01	-0.35
1.532	16.02	-0.35
1.531	16.02	-0.35
1.531	16.03	-0.35
1.530	16.04	-0.35
1.529	16.05	-0.35
1.529	16.06	-0.35
1.528	16.06	-0.35
1.527	16.07	-0.35
1.527	16.08	-0.35
1.526	16.08	-0.35
1.526	16.08	-0.35
1.525	16.09	-0.35
1.524	16.10	-0.35
1.524	16.10	-0.35
1.523	16.10	-0.35
1.523	16.12	-0.35
1.522	16.12	-0.35
1.522	16.12	-0.35
1.521	16.13	-0.35
1.521	16.14	-0.35
1.520	16.14	-0.35
1.520	16.15	-0.35
1.519	16.15	-0.35
1.519	16.16	-0.35
1.519	16.16	-0.35
1.518	16.16	-0.35
1.518	16.18	-0.35
1.517	16.18	-0.35
1.516	16.20	-0.35
1.516	16.20	-0.35
1.515	16.20	-0.35
1.514	16.20	-0.35
1.514	16.21	-0.35
1.513	16.21	-0.35
1.513	16.22	-0.35
1.513	16.22	-0.35
1.513	16.22	-0.35
1.512	16.22	-0.35
1.512	16.22	-0.35
1.512	16.23	-0.35
1.512	16.23	-0.35
1.511	16.24	-0.35
1.511	16.25	-0.35
1.511	16.25	-0.35
1.511	16.25	-0.35
1.511	16.25	-0.35
1.510	16.26	-0.35
1.510	16.26	-0.35
1.510	16.26	-0.35
1.509	16.27	-0.35
1.509	16.27	-0.35
1.509	16.27	-0.35
1.508	16.28	-0.35
1.508	16.28	-0.35
1.508	16.28	-0.35
1.507	16.29	-0.35
1.507	16.29	-0.35
1.507	16.29	-0.35
1.506	16.29	-0.35
1.506	16.29	-0.35
1.506	16.29	-0.35
1.506	16.30	-0.35
1.506	16.30	-0.35
1.505	16.30	-0.35
1.505	16.31	-0.35
1.505	16.31	-0.35
1.504	16.31	-0.35
1.504	16.32	-0.35
1.504	16.32	-0.35
1.503	16.32	-0.35
1.503	16.32	-0.35
1.502	16.33	-0.35
1.502	16.33	-0.35
1.502	16.33	-0.35
1.501	16.34	-0.35
1.501	16.34	-0.35
1.501	16.35	-0.35
1.500	16.35	-0.35
1.500	16.35	-0.35
1.500	16.36	-0.35
1.500	16.36	-0.35
1.500	16.36	-0.35
1.499	16.36	-0.35
1.499	16.36	-0.35
1.499	16.36	-0.35
1.498	16.37	-0.35
1.498	16.37	-0.35
1.498	16.38	-0.35
1.497	16.38	-0.35
1.497	16.38	-0.35
1.497	16.38	-0.35
1.496	16.38	-0.35
1.496	16.39	-0.35
1.496	16.40	-0.35
1.495	16.40	-0.35
1.495	16.41	-0.35
1.495	16.42	-0.35
1.494	16.42	-0.35
1.494	16.42	-0.35
1.493	16.43	-0.35
1.493	16.44	-0.35
1.492	16.44	-0.35
1.492	16.44	-0.35
1.492	16.45	-0.35
1.491	16.46	-0.35
1.491	16.46	-0.35
1.490	16.46	-0.35
1.489	16.48	-0.35
1.489	16.48	-0.35
1.488	16.48	-0.35
1.488	16.49	-0.35
1.487	16.50	-0.35
1.486	16.51	-0.35
1.486	16.52	-0.35
1.485	16.52	-0.35
1.485	16.53	-0.35
1.484	16.54	-0.35
1.484	16.54	-0.35
1.483	16.54	-0.35
1.483	16.55	-0.35
1.482	16.56	-0.35
1.482	16.56	-0.35
1.482	16.56	-0.35
1.482	16.56	-0.35
1.482	16.56	-0.35
1.481	16.57	-0.35
1.481	16.58	-0.35
1.481	16.58	-0.35
1.480	16.59	-0.35
1.480	16.60	-0.35
1.480	16.60	-0.35
1.480	16.60	-0.35
1.479	16.60	-0.35
1.479	16.60	-0.35
1.479	16.60	-0.35
1.479	16.61	-0.35
1.478	16.62	-0.35
1.478	16.62	-0.35
1.477	16.62	-0.35
1.477	16.63	-0.35
1.476	16.64	-0.35
1.476	16.64	-0.35
1.476	16.65	-0.35
1.475	16.65	-0.35
1.475	16.66	-0.35
1.475	16.66	-0.35
1.474	16.66	-0.35
1.474	16.66	-0.35
1.473	16.66	-0.35
1.473	16.67	-0.35
1.473	16.68	-0.35
1.472	16.68	-0.35
1.472	16.68	-0.35
1.472	16.69	-0.35
1.471	16.70	-0.35
1.471	16.70	-0.35
1.470	16.71	-0.35
1.470	16.72	-0.35
1.469	16.72	-0.35
1.469	16.73	-0.35
1.469	16.74	-0.35
1.468	16.74	-0.35
1.468	16.74	-0.35
1.468	16.74	-0.35
1.468	16.74	-0.35
1.467	16.74	-0.35
1.467	16.75	-0.35
1.466	16.75	-0.35
1.466	16.75	-0.35
1.466	16.76	-0.35
1.465	16.76	-0.35
1.465	16.77	-0.35
1.465	16.77	-0.35
1.465	16.77	-0.35
1.464	16.77	-0.35
1.464	16.78	-0.35
1.464	16.78	-0.35
1.463	16.79	-0.35
1.463	16.79	-0.35
1.463	16.79	-0.35
1.462	16.79	-0.35
1.462	16.79	-0.35
1.462	16.79	-0.35
1.462	16.80	-0.35
1.461	16.81	-0.35
1.461	16.81	-0.35
1.461	16.81	-0.35
1.460	16.81	-0.35
1.460	16.81	-0.35
1.460	16.81	-0.35
1.460	16.82	-0.35
1.460	16.83	-0.35
1.459	16.83	-0.35
1.459	16.83	-0.35
1.459	16.83	-0.35
1.458	16.83	-0.35
1.458	16.83	-0.35
1.458	16.83	-0.35
1.458	16.84	-0.35
1.457	16.84	-0.35
1.457	16.84	-0.35
1.457	16.84	-0.35
1.457	16.84	-0.35
1.456	16.85	-0.35
1.456	16.86	-0.35
1.456	16.86	-0.35
1.456	16.86	-0.35
1.455	16.86	-0.35
1.455	16.87	-0.35
1.455	16.87	-0.35
1.455	16.88	-0.35
1.454	16.88	-0.35
1.454	16.88	-0.35
1.454	16.89	-0.35
1.453	16.90	-0.35
1.453	16.90	-0.35
1.453	16.90	-0.35
1.452	16.91	-0.35
1.452	16.91	-0.35
1.452	16.91	-0.35
1.451	16.92	-0.35
1.451	16.93	-0.35
1.450	16.93	-0.35
1.450	16.93	-0.35
1.450	16.93	-0.35
1.450	16.93	-0.35
1.449	16.94	-0.35
1.449	16.95	-0.35
1.449	16.95	-0.35
1.449	16.95	-0.35
1.448	16.95	-0.35
1.448	16.96	-0.35
1.448	16.97	-0.35
1.447	16.97	-0.35
1.447	16.97	-0.35
1.447	16.97	-0.35
1.447	16.98	-0.35
1.446	16.99	-0.35
1.446	16.99	-0.35
1.446	17.00	-0.35
1.445	17.00	-0.35
1.445	17.00	-0.35
1.445	17.01	-0.35
1.445	17.01	-0.35
1.444	17.02	-0.35
1.444	17.02	-0.35
1.444	17.02	-0.35
1.444	17.02	-0.35
1.443	17.04	-0.35
1.443	17.04	-0.35
1.442	17.04	-0.35
1.442	17.05	-0.35
1.441	17.06	-0.35
1.441	17.06	-0.35
1.441	17.06	-0.35
1.440	17.07	-0.35
1.440	17.07	-0.35
1.440	17.08	-0.35
1.439	17.08	-0.35
1.439	17.09	-0.35
1.439	17.09	-0.35
1.438	17.09	-0.35
1.438	17.09	-0.35
1.438	17.10	-0.35
1.438	17.11	-0.35
1.437	17.11	-0.35
1.437	17.11	-0.35
1.437	17.12	-0.35
1.436	17.12	-0.35
1.435	17.13	-0.35
1.435	17.13	-0.35
1.435	17.14	-0.35
1.434	17.14	-0.35
1.434	17.14	-0.35
1.434	17.14	-0.35
1.433	17.14	-0.35
1.433	17.15	-0.35
1.432	17.16	-0.35
1.432	17.17	-0.35
1.431	17.18	-0.35
1.431	17.19	-0.35
1.430	17.20	-0.35
1.430	17.20	-0.35
1.429	17.21	-0.35
1.429	17.21	-0.35
1.428	17.21	-0.35
1.428	17.22	-0.35
1.427	17.23	-0.35
1.427	17.23	-0.35
1.427	17.23	-0.35
1.426	17.23	-0.35
1.426	17.24	-0.35
1.425	17.24	-0.35
1.425	17.25	-0.35
1.424	17.26	-0.35
1.424	17.26	-0.35
1.424	17.26	-0.35
1.423	17.26	-0.35
1.423	17.27	-0.35
1.423	17.27	-0.35
1.422	17.27	-0.35
1.422	17.28	-0.35
1.422	17.28	-0.35
1.421	17.29	-0.35
1.421	17.29	-0.35
1.421	17.29	-0.35
1.421	17.29	-0.35
1.420	17.30	-0.35
1.420	17.30	-0.35
1.420	17.30	-0.35
1.419	17.30	-0.35
1.419	17.30	-0.35
1.419	17.31	-0.35
1.419	17.31	-0.35
1.418	17.32	-0.35
1.418	17.32	-0.35
1.418	17.33	-0.35
1.417	17.33	-0.35
1.417	17.33	-0.35
1.417	17.34	-0.35
1.417	17.34	-0.35
1.416	17.35	-0.35
1.416	17.36	-0.35
1.415	17.36	-0.35
1.415	17.37	-0.35
1.414	17.37	-0.35
1.414	17.39	-0.35
1.413	17.39	-0.35
1.413	17.39	-0.35
1.413	17.40	-0.35
1.412	17.40	-0.35
1.412	17.40	-0.35
1.412	17.40	-0.35
1.412	17.41	-0.35
1.411	17.42	-0.35
1.411	17.42	-0.35
1.411	17.43	-0.35
1.410	17.43	-0.35
1.410	17.44	-0.35
1.410	17.45	-0.35
1.409	17.45	-0.35
1.409	17.46	-0.35
1.409	17.46	-0.35
1.408	17.48	-0.35
1.408	17.48	-0.35
1.408	17.48	-0.35
1.407	17.48	-0.35
1.407	17.49	-0.35
1.406	17.49	-0.35
1.406	17.49	-0.35
1.406	17.49	-0.35
1.406	17.49	-0.35
1.406	17.49	-0.35
1.405	17.50	-0.35
1.405	17.50	-0.35
1.405	17.50	-0.35
1.405	17.51	-0.35
1.405	17.51	-0.35
1.404	17.52	-0.35
1.404	17.52	-0.35
1.403	17.53	-0.35
1.403	17.53	-0.35
1.403	17.53	-0.35
1.402	17.54	-0.35
1.402	17.55	-0.35
1.402	17.56	-0.35
1.401	17.56	-0.35
1.401	17.56	-0.35
1.401	17.56	-0.35
1.401	17.57	-0.35
1.400	17.57	-0.35
1.400	17.58	-0.35
1.400	17.58	-0.35
1.400	17.58	-0.35
1.400	17.58	-0.35
1.399	17.58	-0.35
1.399	17.59	-0.35
1.399	17.59	-0.35
1.398	17.59	-0.35
1.398	17.59	-0.35
1.398	17.59	-0.35
1.398	17.61	-0.35
1.397	17.61	-0.35
1.397	17.61	-0.35
1.397	17.62	-0.35
1.396	17.62	-0.35
1.396	17.63	-0.35
1.396	17.64	-0.35
1.395	17.64	-0.35
1.395	17.64	-0.35
1.394	17.65	-0.35
1.394	17.66	-0.35
1.393	17.67	-0.35
1.393	17.67	-0.35
1.392	17.68	-0.35
1.392	17.68	-0.35
1.391	17.69	-0.35
1.391	17.69	-0.35
1.390	17.69	-0.35
1.390	17.70	-0.35
1.389	17.71	-0.35
1.389	17.71	-0.35
1.389	17.71	-0.35
1.389	17.72	-0.35
1.388	17.72	-0.35
1.388	17.72	-0.35
1.387	17.72	-0.35
1.387	17.73	-0.35
1.387	17.73	-0.35
1.387	17.74	-0.35
1.387	17.74	-0.35
1.386	17.74	-0.35
1.386	17.74	-0.35
1.386	17.74	-0.35
1.386	17.75	-0.35
1.386	17.75	-0.35
1.385	17.75	-0.35
1.385	17.75	-0.35
1.385	17.75	-0.35
1.385	17.76	-0.35
1.385	17.76	-0.35
1.384	17.76	-0.35
1.384	17.76	-0.35
1.383	17.77	-0.35
1.383	17.77	-0.35
1.383	17.78	-0.35
1.383	17.78	-0.35
1.382	17.78	-0.35
1.382	17.79	-0.35
1.382	17.79	-0.35
1.381	17.80	-0.35
1.381	17.80	-0.35
1.380	17.81	-0.35
1.380	17.82	-0.35
1.379	17.82	-0.35
1.379	17.83	-0.35
1.378	17.84	-0.35
1.378	17.85	-0.35
1.377	17.85	-0.35
1.377	17.86	-0.35
1.376	17.86	-0.35
1.376	17.87	-0.35
1.376	17.88	-0.35
1.376	17.89	-0.35
1.375	17.89	-0.35
1.375	17.89	-0.35
1.374	17.90	-0.35
1.374	17.91	-0.35
1.374	17.92	-0.35
1.373	17.92	-0.35
1.373	17.93	-0.35
1.373	17.93	-0.35
1.372	17.93	-0.35
1.372	17.93	-0.35
1.371	17.93	-0.35
1.371	17.94	-0.35
1.371	17.94	-0.35
1.370	17.95	-0.35
1.370	17.96	-0.35
1.370	17.97	-0.35
1.369	17.97	-0.35
1.369	17.98	-0.35
1.369	17.98	-0.35
1.368	17.98	-0.35
1.368	17.98	-0.35
1.368	17.98	-0.35
1.367	17.99	-0.35
1.367	17.99	-0.35
1.367	18.00	-0.35
1.366	18.01	-0.35
1.366	18.02	-0.35
1.366	18.02	-0.35
1.365	18.03	-0.35
1.365	18.03	-0.35
1.365	18.04	-0.35
1.364	18.04	-0.35
1.364	18.04	-0.35
1.364	18.04	-0.35
1.364	18.05	-0.35
1.363	18.05	-0.35
1.363	18.06	-0.35
1.363	18.07	-0.35
1.362	18.08	-0.35
1.362	18.09	-0.35
1.362	18.10	-0.35
1.361	18.11	-0.35
1.361	18.11	-0.35
1.361	18.11	-0.35
1.360	18.11	-0.35
1.360	18.11	-0.35
1.359	18.12	-0.35
1.359	18.12	-0.35
1.358	18.12	-0.35
1.358	18.13	-0.35
1.358	18.14	-0.35
1.357	18.14	-0.35
1.357	18.14	-0.35
1.357	18.14	-0.35
1.357	18.15	-0.35
1.356	18.15	-0.35
1.356	18.15	-0.35
1.356	18.15	-0.35
1.356	18.16	-0.35
1.355	18.16	-0.35
1.355	18.17	-0.35
1.355	18.17	-0.35
1.355	18.17	-0.35
1.354	18.17	-0.35
1.354	18.18	-0.35
1.353	18.18	-0.35
1.353	18.19	-0.35
1.353	18.19	-0.35
1.353	18.20	-0.35
1.352	18.20	-0.35
1.352	18.20	-0.35
1.352	18.20	-0.35
1.352	18.20	-0.35
1.352	18.21	-0.35
1.351	18.21	-0.35
1.351	18.21	-0.35
1.351	18.21	-0.35
1.351	18.22	-0.35
1.351	18.22	-0.35
1.350	18.22	-0.35
1.350	18.23	-0.35
1.350	18.23	-0.35
1.349	18.23	-0.35
1.349	18.23	-0.35
1.348	18.23	-0.35
1.348	18.24	-0.35
1.348	18.24	-0.35
1.347	18.24	-0.35
1.347	18.25	-0.35
1.347	18.25	-0.35
1.347	18.26	-0.35
1.346	18.26	-0.35
1.346	18.27	-0.35
1.346	18.28	-0.35
1.345	18.28	-0.35
1.345	18.29	-0.35
1.345	18.30	-0.35
1.345	18.30	-0.35
1.344	18.30	-0.35
1.344	18.31	-0.35
1.343	18.31	-0.35
1.343	18.31	-0.35
1.343	18.32	-0.35
1.343	18.32	-0.35
1.342	18.32	-0.35
1.342	18.33	-0.35
1.342	18.34	-0.35
1.342	18.35	-0.35
1.341	18.35	-0.35
1.341	18.36	-0.35
1.341	18.36	-0.35
1.340	18.37	-0.35
1.340	18.37	-0.35
1.340	18.38	-0.35
1.340	18.38	-0.35
1.339	18.38	-0.35
1.339	18.39	-0.35
1.339	18.39	-0.35
1.339	18.39	-0.35
1.338	18.39	-0.35
1.338	18.40	-0.35
1.338	18.40	-0.35
1.337	18.40	-0.35
1.337	18.40	-0.35
1.337	18.41	-0.35
1.337	18.41	-0.35
1.337	18.41	-0.35
1.337	18.42	-0.35
1.336	18.42	-0.35
1.336	18.42	-0.35
1.336	18.42	-0.35
1.336	18.42	-0.35
1.335	18.43	-0.35
1.335	18.43	-0.35
1.335	18.43	-0.35
1.335	18.43	-0.35
1.335	18.44	-0.35
1.335	18.44	-0.35
1.334	18.44	-0.35
1.334	18.45	-0.35
1.334	18.46	-0.35
1.333	18.47	-0.35
1.333	18.47	-0.35
1.332	18.48	-0.35
1.332	18.49	-0.35
1.332	18.49	-0.35
1.332	18.49	-0.35
1.331	18.50	-0.35
1.331	18.50	-0.35
1.331	18.50	-0.35
1.331	18.51	-0.35
1.331	18.51	-0.35
1.330	18.52	-0.35
1.330	18.53	-0.35
1.330	18.53	-0.35
1.329	18.53	-0.35
1.329	18.54	-0.35
1.329	18.54	-0.35
1.328	18.54	-0.35
1.328	18.55	-0.35
1.328	18.55	-0.35
1.327	18.56	-0.35
1.327	18.57	-0.35
1.327	18.57	-0.35
1.326	18.57	-0.35
1.326	18.58	-0.35
1.326	18.59	-0.35
1.325	18.60	-0.35
1.325	18.60	-0.35
1.325	18.60	-0.35
1.325	18.60	-0.35
1.324	18.61	-0.35
1.324	18.61	-0.35
1.324	18.61	-0.35
1.323	18.62	-0.35
1.323	18.62	-0.35
1.323	18.62	-0.35
1.323	18.62	-0.35
1.323	18.63	-0.35
1.322	18.63	-0.35
1.322	18.63	-0.35
1.322	18.63	-0.35
1.321	18.64	-0.35
1.321	18.64	-0.35
1.321	18.64	-0.35
1.321	18.65	-0.35
1.320	18.65	-0.35
1.320	18.65	-0.35
1.320	18.65	-0.35
1.320	18.65	-0.35
1.319	18.65	-0.35
1.319	18.65	-0.35
1.319	18.65	-0.35
1.319	18.66	-0.35
1.319	18.66	-0.35
1.319	18.66	-0.35
1.318	18.66	-0.35
1.318	18.66	-0.35
1.318	18.66	-0.35
1.318	18.67	-0.35
1.318	18.67	-0.35
1.318	18.67	-0.35
1.317	18.67	-0.35
1.317	18.67	-0.35
1.317	18.68	-0.35
1.316	18.68	-0.35
1.316	18.69	-0.35
1.316	18.69	-0.35
1.316	18.69	-0.35
1.316	18.69	-0.35
1.316	18.69	-0.35
1.316	18.69	-0.35
1.315	18.70	-0.35
1.315	18.70	-0.35
1.315	18.70	-0.35
1.315	18.70	-0.35
1.315	18.70	-0.35
1.314	18.71	-0.35
1.314	18.71	-0.35
1.314	18.71	-0.35
1.314	18.71	-0.35
1.314	18.72	-0.35
1.313	18.72	-0.35
1.313	18.72	-0.35
1.313	18.72	-0.35
1.313	18.73	-0.35
1.313	18.73	-0.35
1.312	18.74	-0.35
1.312	18.74	-0.35
1.312	18.75	-0.35
1.311	18.75	-0.35
1.311	18.75	-0.35
1.311	18.76	-0.35
1.311	18.76	-0.35
1.310	18.76	-0.35
1.310	18.77	-0.35
1.310	18.77	-0.35
1.309	18.78	-0.35
1.309	18.79	-0.35
1.309	18.79	-0.35
1.309	18.80	-0.35
1.309	18.81	-0.35
1.309	18.81	-0.35
1.308	18.81	-0.35
1.308	18.82	-0.35
1.308	18.82	-0.35
1.307	18.83	-0.35
1.307	18.83	-0.35
1.307	18.83	-0.35
1.307	18.83	-0.35
1.307	18.83	-0.35
1.306	18.83	-0.35
1.306	18.83	-0.35
1.306	18.84	-0.35
1.306	18.84	-0.35
1.305	18.84	-0.35
1.305	18.85	-0.35
1.305	18.85	-0.35
1.305	18.85	-0.35
1.305	18.86	-0.35
1.305	18.86	-0.35
1.304	18.86	-0.35
1.304	18.87	-0.35
1.304	18.87	-0.35
1.304	18.88	-0.35
1.304	18.88	-0.35
1.304	18.88	-0.35
1.303	18.89	-0.35
1.303	18.90	-0.35
1.303	18.91	-0.35
1.303	18.91	-0.35
1.303	18.93	-0.35
1.303	18.95	-0.35
1.303	18.96	-0.35
1.303	18.98	-0.35
1.302	18.98	-0.35
1.302	18.98	-0.35
1.302	18.98	-0.35
1.302	18.98	-0.35
1.302	18.99	-0.35
1.302	18.99	-0.35
1.302	18.99	-0.35
1.302	18.99	-0.35
1.301	18.99	-0.35
1.301	18.99	-0.35
1.301	18.99	-0.35
1.301	19.00	-0.35
1.301	19.00	-0.35
1.301	19.00	-0.35
1.300	18.99	-0.35
1.300	18.98	-0.35
1.300	19.00	-0.35
1.300	19.02	-0.35
1.300	19.02	-0.35
1.299	19.01	-0.35
1.299	19.00	-0.35
1.299	19.02	-0.35
1.298	19.03	-0.35
1.298	19.04	-0.35
1.297	19.04	-0.35
1.297	19.04	-0.35
1.296	19.04	-0.35
1.296	19.05	-0.35
1.295	19.04	-0.35
1.294	19.06	-0.35
1.294	19.06	-0.35
1.293	19.07	-0.35
1.292	19.06	-0.35
1.292	19.06	-0.35
1.292	19.07	-0.35
1.291	19.09	-0.35
1.291	19.09	-0.35
1.291	19.11	-0.35
1.291	19.12	-0.35
1.290	19.12	-0.35
1.290	19.12	-0.35
1.290	19.13	-0.35
1.290	19.14	-0.35
1.290	19.15	-0.35
1.290	19.17	-0.35
1.290	19.17	-0.35
1.289	19.17	-0.35
1.289	19.17	-0.35
1.289	19.18	-0.35
1.289	19.19	-0.35
1.288	19.19	-0.35
1.288	19.19	-0.35
1.288	19.19	-0.35
1.288	19.19	-0.35
1.287	19.19	-0.35
1.287	19.20	-0.35
1.287	19.22	-0.35
1.287	19.22	-0.35
1.286	19.22	-0.35
1.286	19.24	-0.35
1.286	19.24	-0.35
1.286	19.23	-0.35
1.286	19.24	-0.35
1.286	19.25	-0.35
1.286	19.25	-0.35
1.285	19.25	-0.35
1.285	19.25	-0.35
1.285	19.25	-0.35
1.285	19.22	-0.35
1.285	19.22	-0.35
1.284	19.24	-0.35
1.284	19.25	-0.35
1.284	19.24	-0.35
1.284	19.25	-0.35
1.284	19.25	-0.35
1.284	19.25	-0.35
1.284	19.26	-0.35
1.284	19.27	-0.35
1.283	19.27	-0.35
1.283	19.27	-0.35
1.283	19.27	-0.35
1.283	19.27	-0.35
1.283	19.29	-0.35
1.283	19.29	-0.35
1.282	19.29	-0.35
1.282	19.27	-0.35
1.282	19.29	-0.35
1.282	19.30	-0.35
1.281	19.32	-0.35
1.281	19.32	-0.35
1.281	19.30	-0.35
1.281	19.30	-0.35
1.281	19.31	-0.35
1.281	19.35	-0.35
1.280	19.35	-0.35
1.280	19.35	-0.35
1.280	19.35	-0.35
1.280	19.35	-0.35
1.280	19.36	-0.35
1.280	19.37	-0.35
1.279	19.37	-0.35
1.279	19.37	-0.35
1.279	19.37	-0.35
1.279	19.37	-0.35
1.278	19.37	-0.35
1.278	19.37	-0.35
1.278	19.37	-0.35
1.278	19.38	-0.35
1.278	19.37	-0.35
1.278	19.38	-0.35
1.277	19.39	-0.35
1.277	19.40	-0.35
1.277	19.40	-0.35
1.277	19.40	-0.35
1.277	19.40	-0.35
1.276	19.40	-0.35
1.276	19.40	-0.35
1.276	19.40	-0.35
1.276	19.41	-0.35
1.276	19.41	-0.35
1.276	19.40	-0.35
1.275	19.42	-0.35
1.275	19.43	-0.35
1.275	19.43	-0.35
1.275	19.43	-0.35
1.274	19.43	-0.35
1.274	19.43	-0.35
1.274	19.43	-0.35
1.274	19.43	-0.35
1.274	19.43	-0.35
1.274	19.43	-0.35
1.274	19.43	-0.35
1.273	19.43	-0.35
1.273	19.43	-0.35
1.273	19.43	-0.35
1.273	19.43	-0.35
1.273	19.43	-0.35
1.273	19.43	-0.35
1.273	19.43	-0.35
1.272	19.43	-0.35
1.272	19.44	-0.35
1.272	19.44	-0.35
1.272	19.44	-0.35
1.271	19.43	-0.35
1.271	19.43	-0.35
1.270	19.44	-0.35
1.270	19.43	-0.35
1.270	19.43	-0.35
1.269	19.45	-0.35
1.269	19.45	-0.35
1.269	19.45	-0.35
1.268	19.40	-0.35
1.268	19.43	-0.35
1.268	19.46	-0.35
1.268	19.48	-0.35
1.268	19.48	-0.35
1.268	19.48	-0.35
1.267	19.49	-0.35
1.267	19.48	-0.35
1.267	19.48	-0.35
1.267	19.48	-0.35
1.266	19.50	-0.35
1.266	19.50	-0.35
1.266	19.50	-0.35
1.265	19.50	-0.35
1.265	19.51	-0.35
1.265	19.52	-0.35
1.265	19.53	-0.35
1.264	19.53	-0.34
1.264	19.53	-0.35
1.264	19.53	-0.34
1.263	19.53	-0.35
1.263	19.53	-0.35
1.263	19.53	-0.34
1.262	19.53	-0.34
1.262	19.56	-0.34
1.262	19.58	-0.35
1.261	19.58	-0.34
1.261	19.59	-0.35
1.260	19.62	-0.34
1.260	19.63	-0.34
1.260	19.62	-0.34
1.260	19.63	-0.34
1.259	19.63	-0.34
1.259	19.63	-0.34
1.259	19.63	-0.34
1.258	19.63	-0.34
1.258	19.64	-0.34
1.258	19.64	-0.34
1.258	19.65	-0.34
1.258	19.67	-0.34
1.257	19.64	-0.34
1.257	19.64	-0.34
1.257	19.65	-0.34
1.257	19.64	-0.34
1.256	19.65	-0.34
1.256	19.67	-0.34
1.256	19.68	-0.34
1.255	19.69	-0.34
1.255	19.69	-0.34
1.255	19.69	-0.34
1.254	19.69	-0.34
1.254	19.69	-0.34
1.254	19.71	-0.34
1.254	19.71	-0.34
1.253	19.72	-0.34
1.253	19.70	-0.34
1.253	19.72	-0.34
1.253	19.74	-0.34
1.252	19.74	-0.34
1.252	19.74	-0.34
1.252	19.74	-0.34
1.251	19.74	-0.34
1.251	19.74	-0.34
1.251	19.74	-0.34
1.251	19.79	-0.34
1.250	19.79	-0.34
1.250	19.79	-0.34
1.250	19.79	-0.34
1.249	19.79	-0.34
1.249	19.79	-0.34
1.249	19.80	-0.34
1.249	19.81	-0.34
1.249	19.81	-0.34
1.248	19.82	-0.34
1.248	19.81	-0.34
1.248	19.80	-0.34
1.247	19.84	-0.34
1.247	19.84	-0.34
1.247	19.84	-0.34
1.247	19.84	-0.34
1.247	19.84	-0.34
1.246	19.84	-0.34
1.246	19.84	-0.34
1.246	19.84	-0.34
1.246	19.84	-0.34
1.246	19.84	-0.34
1.246	19.84	-0.34
1.245	19.84	-0.34
1.245	19.84	-0.34
1.245	19.81	-0.34
1.245	19.82	-0.34
1.245	19.82	-0.34
1.244	19.84	-0.34
1.244	19.84	-0.34
1.244	19.84	-0.34
1.244	19.84	-0.34
1.244	19.84	-0.34
1.244	19.84	-0.34
1.243	19.84	-0.34
1.243	19.81	-0.34
1.243	19.85	-0.34
1.243	19.88	-0.34
1.242	19.89	-0.34
1.242	19.89	-0.34
1.242	19.89	-0.34
1.242	19.89	-0.34
1.242	19.89	-0.34
1.242	19.89	-0.34
1.242	19.85	-0.34
1.242	19.88	-0.34
1.241	19.89	-0.34
1.241	19.89	-0.34
1.241	19.88	-0.34
1.241	19.86	-0.34
1.240	19.87	-0.34
1.240	19.89	-0.34
1.240	19.89	-0.34
1.239	19.89	-0.34
1.239	19.89	-0.34
1.239	19.90	-0.34
1.238	19.91	-0.34
1.238	19.93	-0.34
1.237	19.95	-0.34
1.237	19.95	-0.34
1.237	19.95	-0.34
1.236	19.95	-0.34
1.236	19.95	-0.34
1.235	19.95	-0.34
1.235	19.95	-0.34
1.235	19.95	-0.34
1.234	19.95	-0.34
1.234	19.95	-0.34
1.234	19.97	-0.34
1.234	19.98	-0.34
1.233	20.00	-0.34
1.233	20.00	-0.34
1.233	20.00	-0.34
1.233	20.00	-0.34
1.233	20.00	-0.34
1.233	20.00	-0.34
1.232	20.00	-0.34
1.232	20.00	-0.34
1.232	20.01	-0.34
1.232	20.01	-0.34
1.231	20.02	-0.34
1.231	20.06	-0.34
1.231	20.07	-0.34
1.230	20.07	-0.34
1.230	20.07	-0.34
1.230	20.07	-0.34
1.230	20.07	-0.34
1.229	20.07	-0.34
1.229	20.07	-0.34
1.229	20.07	-0.34
1.229	20.07	-0.34
1.228	20.07	-0.34
1.228	20.07	-0.34
1.228	20.07	-0.34
1.228	20.07	-0.34
1.228	20.07	-0.34
1.227	20.07	-0.34
1.227	20.07	-0.34
1.227	20.07	-0.34
1.227	20.07	-0.34
1.227	20.07	-0.34
1.226	20.07	-0.34
1.226	20.07	-0.34
1.226	20.09	-0.34
1.226	20.09	-0.34
1.226	20.09	-0.34
1.226	20.11	-0.34
1.226	20.12	-0.34
1.226	20.14	-0.34
1.226	20.14	-0.34
1.225	20.14	-0.34
1.225	20.14	-0.34
1.225	20.14	-0.34
1.225	20.14	-0.34
1.225	20.14	-0.34
1.225	20.14	-0.34
1.224	20.14	-0.34
1.224	20.14	-0.34
1.224	20.14	-0.34
1.224	20.14	-0.34
1.223	20.14	-0.34
1.223	20.15	-0.34
1.223	20.18	-0.34
1.223	20.20	-0.34
1.222	20.21	-0.34
1.222	20.21	-0.34
1.222	20.21	-0.34
1.222	20.21	-0.34
1.221	20.21	-0.34
1.221	20.21	-0.34
1.221	20.21	-0.34
1.221	20.21	-0.34
1.220	20.21	-0.34
1.220	20.21	-0.34
1.220	20.21	-0.34
1.220	20.21	-0.34
1.219	20.21	-0.34
1.219	20.21	-0.34
1.219	20.21	-0.34
1.219	20.21	-0.34
1.218	20.21	-0.34
1.218	20.21	-0.34
1.218	20.21	-0.34
1.217	20.24	-0.34
1.217	20.28	-0.34
1.216	20.28	-0.34
1.216	20.28	-0.34
1.216	20.28	-0.34
1.216	20.28	-0.34
1.216	20.28	-0.34
1.215	20.28	-0.34
1.215	20.28	-0.34
1.215	20.28	-0.34
1.215	20.32	-0.34
1.215	20.32	-0.34
1.215	20.34	-0.34
1.214	20.31	-0.34
1.214	20.29	-0.34
1.214	20.32	-0.34
1.214	20.34	-0.34
1.213	20.34	-0.34
1.213	20.28	-0.34
1.213	20.28	-0.34
1.212	20.28	-0.34
1.212	20.29	-0.34
1.212	20.34	-0.34
1.212	20.35	-0.34
1.211	20.35	-0.34
1.211	20.35	-0.34
1.211	20.35	-0.34
1.211	20.35	-0.34
1.210	20.36	-0.34
1.210	20.38	-0.34
1.210	20.41	-0.34
1.210	20.42	-0.34
1.209	20.42	-0.34
1.209	20.42	-0.34
1.209	20.42	-0.34
1.209	20.42	-0.34
1.208	20.42	-0.34
1.208	20.42	-0.34
1.208	20.42	-0.34
1.207	20.42	-0.34
1.207	20.42	-0.34
1.207	20.45	-0.34
1.207	20.49	-0.34
1.206	20.49	-0.34
1.206	20.49	-0.34
1.205	20.49	-0.34
1.205	20.49	-0.34
1.205	20.49	-0.34
1.204	20.49	-0.34
1.204	20.49	-0.34
1.204	20.50	-0.34
1.203	20.50	-0.34
1.203	20.53	-0.34
1.203	20.54	-0.34
1.202	20.50	-0.34
1.202	20.50	-0.34
1.202	20.55	-0.34
1.202	20.55	-0.34
1.201	20.55	-0.34
1.201	20.55	-0.34
1.201	20.55	-0.34
1.201	20.55	-0.34
1.200	20.55	-0.34
1.200	20.55	-0.34
1.200	20.56	-0.34
1.200	20.57	-0.34
1.200	20.57	-0.34
1.200	20.57	-0.34
1.200	20.56	-0.34
1.200	20.57	-0.34
1.200	20.59	-0.34
1.200	20.61	-0.34
1.199	20.61	-0.34
1.199	20.61	-0.34
1.199	20.61	-0.34
1.199	20.61	-0.34
1.199	20.61	-0.34
1.199	20.61	-0.34
1.199	20.61	-0.34
1.199	20.61	-0.34
1.199	20.61	-0.34
1.199	20.61	-0.34
1.199	20.61	-0.34
1.199	20.61	-0.34
1.198	20.61	-0.34
1.198	20.61	-0.34
1.198	20.61	-0.34
1.198	20.61	-0.34
1.198	20.61	-0.34
1.198	20.62	-0.34
1.198	20.62	-0.34
1.197	20.64	-0.34
1.197	20.67	-0.34
1.197	20.68	-0.34
1.197	20.68	-0.34
1.197	20.68	-0.34
1.196	20.68	-0.34
1.196	20.68	-0.34
1.196	20.68	-0.34
1.195	20.68	-0.34
1.195	20.68	-0.34
1.195	20.68	-0.34
1.195	20.68	-0.34
1.195	20.68	-0.34
1.195	20.68	-0.34
1.194	20.68	-0.34
1.194	20.68	-0.34
1.194	20.68	-0.34
1.194	20.68	-0.34
1.194	20.68	-0.34
1.193	20.68	-0.34
1.193	20.69	-0.34
1.193	20.68	-0.34
1.193	20.68	-0.34
1.192	20.68	-0.34
1.192	20.72	-0.34
1.192	20.74	-0.34
1.192	20.74	-0.34
1.192	20.73	-0.34
1.192	20.74	-0.34
1.191	20.74	-0.34
1.191	20.74	-0.34
1.191	20.74	-0.34
1.191	20.74	-0.34
1.191	20.74	-0.34
1.191	20.74	-0.34
1.190	20.74	-0.34
1.190	20.74	-0.34
1.190	20.75	-0.34
1.190	20.75	-0.34
1.190	20.75	-0.34
1.190	20.75	-0.34
1.190	20.75	-0.34
1.190	20.76	-0.34
1.190	20.77	-0.34
1.189	20.80	-0.34
1.189	20.80	-0.34
1.189	20.80	-0.34
1.189	20.80	-0.34
1.189	20.80	-0.34
1.189	20.80	-0.34
1.189	20.80	-0.34
1.189	20.80	-0.34
1.188	20.80	-0.34
1.188	20.80	-0.34
1.188	20.80	-0.34
1.188	20.80	-0.34
1.188	20.75	-0.34
1.187	20.75	-0.34
1.187	20.80	-0.34
1.186	20.80	-0.34
1.186	20.81	-0.34
1.186	20.83	-0.34
1.186	20.82	-0.34
1.185	20.82	-0.34
1.185	20.82	-0.34
1.185	20.82	-0.34
1.185	20.87	-0.34
1.185	20.87	-0.34
1.184	20.87	-0.34
1.184	20.87	-0.34
1.184	20.87	-0.34
1.183	20.87	-0.34
1.183	20.87	-0.34
1.182	20.87	-0.34
1.182	20.88	-0.34
1.182	20.93	-0.34
1.181	20.93	-0.34
1.181	20.93	-0.34
1.181	20.93	-0.34
1.180	20.94	-0.34
1.180	20.96	-0.34
1.180	20.96	-0.34
1.180	20.96	-0.34
1.180	20.99	-0.34
1.180	20.99	-0.34
1.179	20.98	-0.34
1.179	20.99	-0.34
1.179	20.99	-0.34
1.179	20.99	-0.34
1.179	20.99	-0.34
1.178	20.99	-0.34
1.178	20.99	-0.34
1.178	20.99	-0.34
1.178	20.99	-0.34
1.177	20.99	-0.34
1.177	20.99	-0.34
1.177	21.00	-0.34
1.177	21.00	-0.34
1.176	21.03	-0.34
1.176	21.03	-0.34
1.176	21.02	-0.34
1.176	21.04	-0.34
1.176	21.05	-0.34
1.176	21.05	-0.34
1.175	21.05	-0.34
1.175	21.05	-0.34
1.175	21.05	-0.34
1.175	21.05	-0.34
1.175	21.05	-0.34
1.175	21.05	-0.34
1.175	21.05	-0.34
1.175	21.05	-0.34
1.174	21.05	-0.34
1.174	21.05	-0.34
1.174	21.05	-0.34
1.174	21.05	-0.34
1.174	21.05	-0.34
1.173	21.06	-0.34
1.173	21.07	-0.34
1.173	21.11	-0.34
1.173	21.11	-0.34
1.173	21.11	-0.34
1.173	21.11	-0.34
1.172	21.11	-0.34
1.172	21.11	-0.34
1.172	21.11	-0.34
1.172	21.11	-0.34
1.172	21.11	-0.34
1.171	21.11	-0.34
1.171	21.12	-0.34
1.171	21.14	-0.34
1.171	21.15	-0.35
1.171	21.16	-0.34
1.170	21.16	-0.34
1.170	21.16	-0.34
1.170	21.17	-0.34
1.170	21.17	-0.34
1.170	21.17	-0.34
1.170	21.17	-0.34
1.170	21.17	-0.35
1.170	21.17	-0.34
1.170	21.17	-0.35
1.170	21.17	-0.35
1.169	21.17	-0.35
1.169	21.17	-0.35
1.169	21.17	-0.35
1.169	21.17	-0.35
1.169	21.17	-0.35
1.169	21.17	-0.35
1.169	21.17	-0.35
1.168	21.17	-0.35
1.168	21.17	-0.35
1.168	21.17	-0.35
1.168	21.17	-0.35
1.168	21.17	-0.35
1.167	21.17	-0.35
1.167	21.17	-0.35
1.167	21.17	-0.35
1.167	21.17	-0.35
1.166	21.17	-0.35
1.166	21.18	-0.35
1.166	21.23	-0.35
1.166	21.22	-0.35
1.165	21.21	-0.35
1.165	21.22	-0.35
1.165	21.23	-0.35
1.165	21.22	-0.35
1.165	21.23	-0.35
1.164	21.23	-0.35
1.164	21.23	-0.35
1.164	21.23	-0.35
1.164	21.18	-0.35
1.164	21.23	-0.35
1.163	21.23	-0.35
1.163	21.23	-0.35
1.163	21.23	-0.35
1.163	21.23	-0.35
1.162	21.24	-0.35
1.162	21.26	-0.35
1.162	21.23	-0.35
1.162	21.24	-0.35
1.162	21.23	-0.35
1.162	21.23	-0.35
1.162	21.23	-0.35
1.162	21.23	-0.35
1.162	21.23	-0.35
1.161	21.23	-0.35
1.161	21.23	-0.35
1.161	21.23	-0.35
1.161	21.23	-0.35
1.161	21.23	-0.35
1.160	21.23	-0.35
1.160	21.29	-0.35
1.160	21.29	-0.35
1.160	21.29	-0.35
1.159	21.29	-0.35
1.159	21.29	-0.35
1.159	21.29	-0.35
1.159	21.29	-0.35
1.158	21.29	-0.35
1.158	21.32	-0.35
1.157	21.30	-0.35
1.157	21.32	-0.35
1.157	21.35	-0.35
1.156	21.35	-0.35
1.156	21.35	-0.35
1.156	21.35	-0.35
1.156	21.35	-0.35
1.156	21.35	-0.35
1.156	21.35	-0.35
1.155	21.39	-0.35
1.155	21.37	-0.35
1.155	21.38	-0.35
1.155	21.41	-0.35
1.154	21.41	-0.35
1.154	21.41	-0.35
1.154	21.41	-0.35
1.153	21.41	-0.35
1.153	21.41	-0.35
1.153	21.41	-0.35
1.153	21.42	-0.35
1.153	21.41	-0.35
1.152	21.41	-0.35
1.152	21.41	-0.35
1.152	21.45	-0.35
1.152	21.47	-0.35
1.152	21.47	-0.35
1.152	21.47	-0.35
1.151	21.43	-0.35
1.151	21.45	-0.35
1.151	21.46	-0.35
1.150	21.47	-0.35
1.150	21.47	-0.35
1.150	21.47	-0.35
1.150	21.47	-0.35
1.150	21.47	-0.35
1.150	21.47	-0.35
1.149	21.48	-0.35
1.149	21.49	-0.35
1.149	21.51	-0.35
1.149	21.54	-0.35
1.149	21.54	-0.35
1.148	21.54	-0.35
1.148	21.54	-0.35
1.148	21.54	-0.35
1.148	21.54	-0.35
1.148	21.54	-0.35
1.147	21.54	-0.35
1.147	21.54	-0.35
1.147	21.54	-0.35
1.147	21.55	-0.35
1.147	21.57	-0.35
1.146	21.60	-0.35
1.146	21.57	-0.35
1.146	21.60	-0.35
1.146	21.60	-0.35
1.146	21.60	-0.35
1.146	21.60	-0.35
1.146	21.60	-0.35
1.146	21.60	-0.35
1.146	21.60	-0.35
1.145	21.60	-0.35
1.145	21.60	-0.35
1.145	21.60	-0.35
1.145	21.60	-0.35
1.145	21.60	-0.35
1.145	21.60	-0.35
1.144	21.60	-0.35
1.144	21.60	-0.35
1.144	21.60	-0.35
1.144	21.60	-0.34
1.144	21.60	-0.34
1.144	21.60	-0.34
1.144	21.61	-0.35
1.143	21.62	-0.34
1.143	21.64	-0.34
1.143	21.61	-0.34
1.143	21.60	-0.34
1.143	21.61	-0.34
1.143	21.62	-0.34
1.143	21.65	-0.34
1.142	21.67	-0.34
1.142	21.67	-0.34
1.142	21.67	-0.34
1.142	21.67	-0.34
1.141	21.67	-0.34
1.141	21.67	-0.34
1.141	21.67	-0.34
1.141	21.67	-0.34
1.141	21.67	-0.34
1.140	21.67	-0.34
1.140	21.67	-0.34
1.140	21.67	-0.34
1.140	21.67	-0.34
1.140	21.67	-0.34
1.140	21.67	-0.34
1.139	21.67	-0.34
1.139	21.67	-0.34
1.139	21.67	-0.34
1.139	21.67	-0.34
1.139	21.69	-0.34
1.139	21.71	-0.34
1.138	21.73	-0.34
1.138	21.69	-0.34
1.138	21.69	-0.34
1.138	21.68	-0.34
1.137	21.73	-0.34
1.137	21.73	-0.34
1.137	21.71	-0.34
1.137	21.72	-0.34
1.137	21.73	-0.34
1.136	21.70	-0.34
1.136	21.73	-0.34
1.136	21.73	-0.34
1.136	21.75	-0.34
1.135	21.78	-0.34
1.135	21.78	-0.34
1.135	21.78	-0.34
1.135	21.77	-0.34
1.135	21.77	-0.34
1.134	21.80	-0.34
1.134	21.80	-0.34
1.134	21.80	-0.34
1.134	21.80	-0.34
1.134	21.80	-0.34
1.134	21.80	-0.34
1.133	21.80	-0.34
1.133	21.81	-0.34
1.133	21.83	-0.34
1.133	21.83	-0.34
1.133	21.85	-0.34
1.132	21.86	-0.34
1.132	21.86	-0.34
1.132	21.86	-0.34
1.132	21.86	-0.34
1.131	21.86	-0.34
1.131	21.86	-0.34
1.131	21.86	-0.34
1.131	21.86	-0.34
1.131	21.87	-0.34
1.130	21.90	-0.34
1.130	21.92	-0.34
1.130	21.93	-0.34
1.130	21.93	-0.34
1.129	21.93	-0.34
1.129	21.93	-0.34
1.129	21.93	-0.34
1.128	21.93	-0.34
1.128	21.93	-0.34
1.128	21.93	-0.34
1.127	21.93	-0.34
1.127	21.93	-0.34
1.127	21.93	-0.34
1.127	21.93	-0.34
1.127	21.94	-0.34
1.127	21.96	-0.34
1.127	21.94	-0.34
1.127	21.93	-0.34
1.126	21.99	-0.34
1.126	22.00	-0.34
1.126	22.00	-0.34
1.126	22.00	-0.34
1.126	22.00	-0.34
1.126	22.00	-0.34
1.126	22.00	-0.34
1.125	22.00	-0.34
1.125	22.00	-0.34
1.125	22.00	-0.34
1.125	22.00	-0.34
1.124	22.00	-0.34
1.124	22.02	-0.34
1.124	22.02	-0.34
1.124	22.05	-0.34
1.124	22.06	-0.34
1.123	22.06	-0.34
1.123	22.06	-0.34
1.123	22.06	-0.34
1.123	22.06	-0.34
1.123	22.06	-0.34
1.123	22.06	-0.34
1.122	22.07	-0.34
1.122	22.06	-0.34
1.122	22.07	-0.34
1.122	22.09	-0.34
1.122	22.12	-0.34
1.121	22.10	-0.34
1.121	22.13	-0.34
1.121	22.13	-0.34
1.120	22.13	-0.34
1.120	22.13	-0.34
1.120	22.13	-0.34
1.120	22.13	-0.34
1.120	22.13	-0.34
1.120	22.13	-0.34
1.119	22.13	-0.34
1.119	22.13	-0.34
1.119	22.13	-0.34
1.119	22.13	-0.34
1.119	22.13	-0.34
1.118	22.13	-0.34
1.118	22.13	-0.34
1.118	22.15	-0.34
1.118	22.14	-0.34
1.118	22.19	-0.34
1.117	22.19	-0.34
1.117	22.18	-0.34
1.117	22.13	-0.34
1.117	22.19	-0.34
1.116	22.19	-0.34
1.116	22.19	-0.34
1.116	22.19	-0.34
1.116	22.19	-0.34
1.115	22.19	-0.34
1.115	22.19	-0.34
1.115	22.19	-0.34
1.115	22.19	-0.34
1.115	22.19	-0.34
1.115	22.19	-0.34
1.115	22.19	-0.34
1.115	22.19	-0.34
1.115	22.19	-0.34
1.114	22.19	-0.34
1.114	22.19	-0.34
1.114	22.10	-0.34
1.114	22.17	-0.34
1.114	22.20	-0.34
1.113	22.22	-0.34
1.113	22.26	-0.34
1.113	22.26	-0.34
1.113	22.26	-0.34
1.113	22.26	-0.34
1.112	22.26	-0.34
1.112	22.26	-0.34
1.112	22.26	-0.34
1.112	22.26	-0.34
1.112	22.28	-0.34
1.111	22.32	-0.34
1.111	22.32	-0.34
1.111	22.32	-0.34
1.111	22.32	-0.34
1.111	22.32	-0.34
1.110	22.32	-0.34
1.110	22.32	-0.34
1.110	22.32	-0.34
1.110	22.32	-0.34
1.109	22.32	-0.34
1.109	22.32	-0.34
1.108	22.33	-0.34
1.108	22.36	-0.34
1.108	22.38	-0.34
1.108	22.38	-0.34
1.107	22.38	-0.34
1.107	22.38	-0.34
1.107	22.38	-0.34
1.107	22.38	-0.34
1.107	22.38	-0.34
1.107	22.38	-0.34
1.106	22.38	-0.34
1.106	22.39	-0.34
1.106	22.41	-0.34
1.106	22.42	-0.34
1.105	22.42	-0.34
1.105	22.44	-0.34
1.105	22.44	-0.34
1.105	22.44	-0.34
1.105	22.41	-0.34
1.104	22.42	-0.34
1.104	22.44	-0.34
1.104	22.44	-0.34
1.104	22.44	-0.34
1.104	22.44	-0.34
1.103	22.44	-0.34
1.103	22.44	-0.34
1.103	22.44	-0.34
1.103	22.44	-0.34
1.103	22.44	-0.34
1.102	22.45	-0.34
1.102	22.46	-0.34
1.102	22.47	-0.34
1.102	22.50	-0.34
1.102	22.50	-0.34
1.102	22.50	-0.34
1.101	22.50	-0.34
1.101	22.50	-0.34
1.101	22.50	-0.34
1.101	22.50	-0.34
1.101	22.50	-0.34
1.101	22.50	-0.34
1.100	22.51	-0.34
1.100	22.55	-0.34
1.100	22.55	-0.34
1.100	22.55	-0.34
1.099	22.56	-0.34
1.099	22.56	-0.34
1.099	22.56	-0.34
1.099	22.56	-0.34
1.099	22.56	-0.34
1.098	22.56	-0.34
1.098	22.56	-0.34
1.098	22.58	-0.34
1.097	22.59	-0.34
1.097	22.56	-0.34
1.097	22.56	-0.34
1.096	22.56	-0.34
1.096	22.60	-0.34
1.096	22.61	-0.34
1.096	22.62	-0.34
1.096	22.61	-0.34
1.096	22.61	-0.34
1.095	22.62	-0.34
1.095	22.62	-0.34
1.095	22.62	-0.34
1.095	22.62	-0.34
1.094	22.61	-0.34
1.094	22.62	-0.34
1.094	22.62	-0.34
1.094	22.62	-0.34
1.094	22.62	-0.34
1.094	22.62	-0.34
1.093	22.64	-0.34
1.093	22.65	-0.34
1.093	22.66	-0.34
1.093	22.66	-0.34
1.093	22.67	-0.34
1.092	22.68	-0.34
1.092	22.68	-0.34
1.092	22.68	-0.34
1.092	22.68	-0.34
1.092	22.68	-0.34
1.092	22.68	-0.34
1.092	22.68	-0.34
1.091	22.68	-0.34
1.091	22.68	-0.34
1.091	22.63	-0.34
1.091	22.67	-0.34
1.091	22.68	-0.34
1.090	22.68	-0.34
1.090	22.70	-0.34
1.090	22.73	-0.34
1.089	22.74	-0.34
1.089	22.74	-0.34
1.088	22.74	-0.34
1.088	22.74	-0.34
1.088	22.74	-0.34
1.088	22.74	-0.34
1.087	22.76	-0.34
1.087	22.80	-0.34
1.087	22.80	-0.34
1.086	22.80	-0.34
1.086	22.80	-0.34
1.086	22.80	-0.34
1.086	22.80	-0.34
1.086	22.85	-0.34
1.085	22.86	-0.34
1.085	22.86	-0.34
1.085	22.86	-0.34
1.085	22.86	-0.34
1.085	22.86	-0.34
1.084	22.86	-0.34
1.084	22.86	-0.34
1.084	22.86	-0.34
1.084	22.86	-0.34
1.084	22.86	-0.34
1.083	22.86	-0.34
1.083	22.86	-0.34
1.083	22.86	-0.34
1.083	22.86	-0.34
1.083	22.86	-0.34
1.082	22.86	-0.34
1.082	22.86	-0.34
1.082	22.87	-0.34
1.082	22.90	-0.34
1.082	22.91	-0.34
1.082	22.91	-0.34
1.082	22.91	-0.34
1.081	22.91	-0.34
1.081	22.91	-0.34
1.081	22.91	-0.34
1.081	22.91	-0.34
1.080	22.91	-0.34
1.080	22.91	-0.34
1.080	22.91	-0.34
1.080	22.92	-0.34
1.080	22.93	-0.34
1.079	22.97	-0.34
1.079	22.97	-0.34
1.079	22.97	-0.34
1.078	22.97	-0.34
1.078	22.97	-0.34
1.078	22.99	-0.34
1.078	23.02	-0.34
1.078	23.03	-0.34
1.077	23.03	-0.34
1.077	23.03	-0.34
1.077	23.03	-0.34
1.077	23.03	-0.34
1.076	23.04	-0.34
1.076	23.03	-0.34
1.076	23.03	-0.34
1.076	23.05	-0.34
1.075	23.07	-0.34
1.075	23.09	-0.34
1.075	23.09	-0.34
1.075	23.09	-0.34
1.074	23.09	-0.34
1.074	23.09	-0.34
1.074	23.09	-0.34
1.074	23.09	-0.34
1.073	23.09	-0.34
1.073	23.12	-0.34
1.072	23.09	-0.34
1.072	23.09	-0.34
1.072	23.14	-0.34
1.072	23.14	-0.34
1.072	23.14	-0.34
1.072	23.14	-0.34
1.071	23.14	-0.34
1.071	23.14	-0.34
1.071	23.14	-0.34
1.071	23.14	-0.34
1.071	23.14	-0.34
1.071	23.14	-0.34
1.071	23.14	-0.34
1.070	23.14	-0.34
1.070	23.14	-0.34
1.070	23.14	-0.34
1.070	23.14	-0.34
1.070	23.17	-0.34
1.070	23.20	-0.34
1.069	23.20	-0.34
1.069	23.20	-0.34
1.069	23.20	-0.34
1.068	23.20	-0.34
1.068	23.20	-0.34
1.068	23.20	-0.34
1.067	23.20	-0.34
1.067	23.21	-0.34
1.067	23.24	-0.34
1.066	23.26	-0.34
1.066	23.26	-0.34
1.066	23.26	-0.34
1.066	23.26	-0.34
1.066	23.26	-0.34
1.066	23.26	-0.34
1.066	23.26	-0.34
1.065	23.26	-0.34
1.065	23.26	-0.34
1.065	23.26	-0.34
1.065	23.26	-0.34
1.065	23.28	-0.34
1.065	23.32	-0.34
1.064	23.35	-0.34
1.064	23.35	-0.34
1.064	23.35	-0.34
1.064	23.35	-0.34
1.063	23.35	-0.34
1.063	23.36	-0.34
1.063	23.39	-0.34
1.063	23.40	-0.34
1.062	23.39	-0.34
1.062	23.40	-0.34
1.062	23.36	-0.34
1.062	23.35	-0.34
1.061	23.37	-0.34
1.061	23.41	-0.34
1.061	23.44	-0.34
1.061	23.44	-0.34
1.061	23.44	-0.34
1.061	23.44	-0.34
1.060	23.44	-0.34
1.060	23.44	-0.34
1.060	23.44	-0.34
1.060	23.44	-0.34
1.060	23.44	-0.34
1.059	23.44	-0.34
1.059	23.44	-0.34
1.059	23.45	-0.34
1.059	23.44	-0.34
1.059	23.45	-0.34
1.059	23.46	-0.34
1.059	23.44	-0.34
1.058	23.44	-0.34
1.058	23.48	-0.34
1.058	23.45	-0.34
1.057	23.50	-0.34
1.057	23.54	-0.34
1.057	23.59	-0.34
1.056	23.54	-0.34
1.056	23.54	-0.34
1.056	23.54	-0.34
1.055	23.56	-0.34
1.055	23.62	-0.34
1.055	23.55	-0.34
1.054	23.54	-0.34
1.054	23.54	-0.34
1.054	23.63	-0.34
1.054	23.63	-0.34
1.053	23.55	-0.34
1.053	23.54	-0.34
1.053	23.54	-0.34
1.053	23.54	-0.34
1.052	23.55	-0.34
1.052	23.63	-0.34
1.052	23.57	-0.34
1.052	23.59	-0.34
1.052	23.54	-0.34
1.051	23.54	-0.34
1.051	23.54	-0.34
1.051	23.54	-0.34
1.051	23.54	-0.34
1.050	23.57	-0.34
1.050	23.54	-0.34
1.050	23.54	-0.34
1.050	23.54	-0.34
1.050	23.55	-0.34
1.049	23.59	-0.34
1.049	23.58	-0.34
1.049	23.54	-0.34
1.049	23.54	-0.34
1.049	23.54	-0.34
1.049	23.54	-0.34
1.048	23.54	-0.34
1.048	23.59	-0.34
1.048	23.64	-0.34
1.048	23.64	-0.34
1.048	23.64	-0.34
1.048	23.64	-0.34
1.047	23.64	-0.34
1.047	23.64	-0.34
1.047	23.64	-0.34
1.047	23.64	-0.34
1.047	23.64	-0.34
1.046	23.64	-0.34
1.046	23.64	-0.34
1.046	23.64	-0.34
1.046	23.65	-0.34
1.045	23.64	-0.34
1.045	23.64	-0.34
1.045	23.64	-0.34
1.045	23.64	-0.34
1.044	23.64	-0.34
1.044	23.65	-0.34
1.043	23.66	-0.34
1.043	23.71	-0.34
1.043	23.73	-0.34
1.042	23.73	-0.34
1.042	23.73	-0.34
1.042	23.73	-0.34
1.041	23.73	-0.34
1.041	23.73	-0.34
1.040	23.73	-0.34
1.040	23.73	-0.34
1.040	23.73	-0.34
1.040	23.73	-0.34
1.039	23.73	-0.34
1.039	23.73	-0.34
1.039	23.73	-0.34
1.039	23.73	-0.34
1.038	23.73	-0.34
1.038	23.73	-0.34
1.038	23.73	-0.34
1.037	23.73	-0.34
1.037	23.73	-0.34
1.037	23.73	-0.34
1.037	23.73	-0.34
1.036	23.73	-0.34
1.036	23.73	-0.34
1.035	23.73	-0.34
1.035	23.73	-0.34
1.035	23.73	-0.34
1.034	23.73	-0.34
1.034	23.73	-0.34
1.033	23.73	-0.34
1.033	23.73	-0.34
1.033	23.73	-0.34
1.032	23.73	-0.34
1.032	23.73	-0.34
1.032	23.73	-0.34
1.032	23.73	-0.34
1.031	23.73	-0.34
1.031	23.73	-0.34
1.031	23.73	-0.34
1.030	23.73	-0.34
1.030	23.73	-0.34
1.030	23.73	-0.35
1.030	23.73	-0.34
1.029	23.73	-0.34
1.029	23.73	-0.34
1.029	23.73	-0.34
1.029	23.73	-0.34
1.029	23.73	-0.34
1.028	23.73	-0.34
1.028	23.73	-0.34
1.028	23.73	-0.35
1.028	23.73	-0.34
1.028	23.73	-0.35
1.028	23.73	-0.35
1.028	23.70	-0.35
1.028	23.73	-0.34
1.028	23.73	-0.35
1.028	23.73	-0.35
1.028	23.73	-0.35
1.028	23.73	-0.35
1.028	23.73	-0.35
1.028	23.73	-0.35
1.028	23.73	-0.35
1.028	23.73	-0.35
1.028	23.73	-0.35
1.028	23.73	-0.35
1.028	23.73	-0.35
1.028	23.73	-0.35
1.028	23.73	-0.35
1.028	23.73	-0.35
1.028	23.73	-0.35
1.028	23.73	-0.35
1.028	23.73	-0.35
1.028	23.73	-0.35
1.028	23.73	-0.35
1.028	23.73	-0.35
1.028	23.73	-0.35
1.028	23.73	-0.35
1.028	23.73	-0.35
1.028	23.73	-0.35
1.028	23.73	-0.35
1.028	23.73	-0.35
1.028	23.73	-0.35
1.028	23.73	-0.35
1.028	23.73	-0.35
1.028	23.73	-0.35
1.028	23.73	-0.35
1.028	23.73	-0.35
1.028	23.73	-0.35
1.028	23.73	-0.35
1.028	23.73	-0.35
1.028	23.73	-0.35
1.028	23.73	-0.35
1.027	23.73	-0.35
1.027	23.73	-0.35
1.027	23.73	-0.35
1.027	23.73	-0.35
1.027	23.73	-0.35
1.027	23.73	-0.35
1.027	23.73	-0.35
1.027	23.73	-0.35
1.027	23.73	-0.35
1.027	23.73	-0.35
1.027	23.73	-0.35
1.027	23.73	-0.35
1.027	23.73	-0.35
1.028	23.73	-0.35
1.027	23.73	-0.34
1.027	23.73	-0.34
1.027	23.73	-0.34
1.028	23.73	-0.34
1.027	23.73	-0.34
1.027	23.73	-0.34
1.027	23.73	-0.34
1.028	23.73	-0.34
1.028	23.73	-0.34
1.028	23.73	-0.34
1.028	23.73	-0.34
1.028	23.73	-0.34
1.028	23.73	-0.34