4.043	6.29	15.35
4.043	6.29	15.35
4.043	6.29	15.35
4.043	6.30	15.35
4.043	6.31	15.35
4.043	6.31	15.35
4.043	6.30	15.35
4.043	6.29	15.35
4.043	6.31	15.35
4.043	6.32	15.35
4.043	6.33	15.35
4.043	6.35	15.35
4.043	6.30	15.35
4.043	6.30	15.35
4.043	6.29	15.35
4.043	6.29	15.35
4.043	6.29	15.35
4.043	6.28	15.35
4.043	6.28	15.35
4.043	6.28	15.35
4.043	6.28	15.35
4.043	6.28	15.35
4.043	6.28	15.35
4.043	6.29	15.35
4.043	6.28	15.35
4.043	6.28	15.35
4.043	6.28	15.35
4.043	6.27	15.35
4.043	6.28	15.35
4.043	6.28	15.35
4.043	6.29	15.35
4.043	6.28	15.35
4.043	6.28	15.35
4.043	6.28	15.35
4.043	6.28	15.35
4.043	6.28	15.35
4.043	6.28	15.35
4.043	6.28	15.35
4.043	6.28	15.35
4.043	6.28	15.35
4.043	6.27	15.35
4.043	6.28	15.35
4.043	6.28	15.35
4.043	6.28	15.35
4.043	6.28	15.35
4.043	6.29	15.35
4.043	6.29	15.35
4.043	6.28	15.35
4.043	6.28	15.35
4.043	6.28	15.35
4.043	6.28	15.35
4.043	6.28	15.35
4.043	6.27	15.35
4.043	6.28	15.35
4.043	6.28	15.35
4.043	6.28	15.35
4.043	6.28	15.35
4.043	6.28	15.35
4.043	6.28	15.35
4.043	6.28	15.35
4.043	6.28	15.35
4.043	6.28	15.35
4.043	6.29	15.35
4.043	6.28	15.35
4.043	6.28	15.35
4.043	6.28	15.35
4.043	6.28	15.35
4.043	6.28	15.35
4.043	6.28	15.35
4.043	6.28	15.35
4.043	6.27	15.35
4.043	6.28	15.35
4.043	6.27	15.35
4.043	6.28	15.35
4.043	6.28	15.35
4.043	6.28	15.35
4.043	6.27	15.35
4.043	6.28	15.35
4.043	6.27	15.35
4.043	6.28	15.35
4.043	6.28	15.35
4.043	6.28	15.35
4.043	6.28	15.35
4.043	6.28	15.35
4.043	6.28	15.35
4.043	6.28	15.35
4.043	6.27	15.35
4.043	6.28	15.35
4.043	6.28	15.35
4.043	6.28	15.35
4.043	6.28	15.35
4.043	6.27	15.35
4.043	6.28	15.35
4.043	6.28	15.35
4.037	6.27	15.35
4.032	6.27	15.35
4.028	6.27	15.35
4.023	6.28	15.35
4.016	6.28	15.35
4.009	6.27	15.35
4.004	6.28	15.35
4.001	6.27	15.35
3.998	6.28	15.35
3.994	6.28	15.35
3.991	6.28	15.35
3.988	6.27	15.35
3.984	6.28	15.35
3.980	6.39	15.35
3.974	6.38	15.35
3.968	6.38	15.35
3.963	6.37	15.35
3.960	6.36	15.35
3.955	6.36	15.35
3.950	6.36	15.35
3.944	6.38	15.35
3.935	6.37	15.35
3.922	6.38	15.35
3.906	6.40	15.35
3.894	6.43	15.35
3.891	6.40	15.35
3.890	6.40	15.35
3.890	6.40	15.35
3.888	6.40	15.35
3.886	6.41	15.35
3.883	6.41	15.35
3.882	6.41	15.35
3.880	6.41	15.35
3.876	6.43	15.35
3.872	6.45	15.35
3.870	6.45	15.35
3.867	6.46	15.35
3.864	6.46	15.35
3.861	6.47	15.35
3.858	6.47	15.35
3.855	6.49	15.35
3.853	6.49	15.35
3.851	6.49	15.35
3.848	6.49	15.35
3.845	6.49	15.35
3.843	6.49	15.35
3.840	6.50	15.35
3.838	6.51	15.35
3.834	6.52	15.35
3.830	6.53	15.35
3.825	6.54	15.35
3.818	6.53	15.35
3.813	6.55	15.35
3.809	6.55	15.35
3.804	6.56	15.35
3.801	6.55	15.35
3.801	6.55	15.35
3.801	6.55	15.35
3.802	6.55	15.35
3.802	6.54	15.35
3.802	6.54	15.35
3.799	6.57	15.35
3.792	6.59	15.35
3.790	6.58	15.35
3.788	6.58	15.35
3.785	6.57	15.35
3.782	6.57	15.35
3.779	6.58	15.35
3.776	6.59	15.35
3.773	6.60	15.35
3.770	6.60	15.35
3.765	6.61	15.35
3.758	6.63	15.35
3.749	6.64	15.35
3.742	6.66	15.35
3.736	6.68	15.35
3.730	6.70	15.35
3.727	6.71	15.35
3.723	6.73	15.36
3.720	6.71	15.36
3.720	6.71	15.35
3.719	6.72	15.36
3.715	6.74	15.36
3.713	6.73	15.36
3.712	6.73	15.36
3.713	6.73	15.36
3.712	6.73	15.36
3.712	6.72	15.36
3.711	6.73	15.36
3.709	6.73	15.36
3.708	6.73	15.36
3.706	6.74	15.36
3.703	6.77	15.36
3.701	6.76	15.36
3.699	6.75	15.36
3.697	6.75	15.36
3.695	6.77	15.36
3.692	6.78	15.36
3.685	6.79	15.36
3.682	6.78	15.36
3.682	6.78	15.36
3.682	6.77	15.36
3.683	6.77	15.36
3.683	6.77	15.36
3.683	6.76	15.36
3.678	6.79	15.36
3.672	6.79	15.36
3.672	6.78	15.36
3.672	6.78	15.36
3.671	6.78	15.36
3.668	6.80	15.36
3.663	6.80	15.36
3.661	6.81	15.36
3.658	6.81	15.36
3.654	6.81	15.36
3.651	6.83	15.36
3.646	6.84	15.36
3.643	6.83	15.36
3.642	6.84	15.36
3.640	6.84	15.36
3.638	6.86	15.36
3.636	6.89	15.36
3.634	6.91	15.36
3.631	6.92	15.36
3.628	6.93	15.36
3.624	6.93	15.36
3.622	6.92	15.36
3.620	6.91	15.36
3.618	6.92	15.36
3.616	6.91	15.36
3.614	6.91	15.36
3.613	6.93	15.36
3.610	6.94	15.36
3.608	6.94	15.36
3.605	6.93	15.36
3.601	6.92	15.36
3.598	6.92	15.36
3.595	6.92	15.36
3.593	6.92	15.36
3.592	6.93	15.36
3.591	6.94	15.36
3.586	6.95	15.36
3.582	6.95	15.36
3.581	6.96	15.36
3.579	6.96	15.36
3.577	6.98	15.36
3.576	6.98	15.36
3.576	6.98	15.36
3.576	6.98	15.36
3.575	7.01	15.36
3.574	7.00	15.36
3.574	7.00	15.36
3.573	7.01	15.36
3.572	7.00	15.36
3.572	7.00	15.36
3.572	7.00	15.36
3.572	6.99	15.36
3.573	6.99	15.36
3.573	6.99	15.36
3.572	7.00	15.36
3.564	7.03	15.36
3.559	7.03	15.36
3.557	7.03	15.36
3.552	7.02	15.36
3.549	7.03	15.36
3.546	7.05	15.36
3.542	7.08	15.36
3.540	7.09	15.36
3.539	7.11	15.36
3.537	7.11	15.36
3.535	7.12	15.36
3.533	7.13	15.36
3.531	7.12	15.36
3.528	7.13	15.36
3.525	7.14	15.36
3.522	7.13	15.36
3.519	7.14	15.36
3.517	7.13	15.36
3.515	7.12	15.36
3.514	7.11	15.36
3.512	7.12	15.36
3.510	7.13	15.36
3.509	7.13	15.36
3.507	7.13	15.36
3.506	7.13	15.36
3.504	7.13	15.36
3.502	7.14	15.36
3.499	7.13	15.36
3.497	7.14	15.36
3.495	7.17	15.36
3.493	7.17	15.36
3.490	7.19	15.36
3.487	7.21	15.36
3.485	7.21	15.36
3.484	7.21	15.36
3.483	7.20	15.36
3.482	7.19	15.36
3.480	7.20	15.36
3.478	7.20	15.36
3.478	7.21	15.36
3.477	7.21	15.36
3.475	7.21	15.36
3.473	7.22	15.36
3.470	7.21	15.36
3.468	7.22	15.36
3.466	7.25	15.36
3.465	7.25	15.36
3.464	7.26	15.36
3.462	7.25	15.36
3.461	7.25	15.36
3.459	7.25	15.36
3.456	7.25	15.36
3.453	7.27	15.36
3.450	7.25	15.36
3.447	7.26	15.36
3.445	7.29	15.36
3.444	7.29	15.36
3.444	7.31	15.36
3.442	7.34	15.36
3.438	7.32	15.36
3.437	7.30	15.36
3.437	7.31	15.36
3.435	7.33	15.36
3.433	7.33	15.36
3.431	7.37	15.36
3.425	7.38	15.36
3.418	7.37	15.36
3.410	7.41	15.36
3.402	7.41	15.36
3.398	7.40	15.36
3.393	7.42	15.36
3.388	7.41	15.36
3.383	7.42	15.36
3.378	7.44	15.36
3.376	7.43	15.36
3.375	7.44	15.36
3.374	7.45	15.36
3.370	7.47	15.36
3.367	7.46	15.36
3.366	7.47	15.36
3.364	7.47	15.36
3.362	7.47	15.36
3.361	7.47	15.36
3.359	7.47	15.36
3.359	7.46	15.36
3.359	7.45	15.36
3.359	7.45	15.36
3.358	7.47	15.36
3.354	7.50	15.36
3.352	7.50	15.36
3.352	7.51	15.36
3.349	7.55	15.36
3.348	7.53	15.36
3.347	7.54	15.36
3.342	7.54	15.36
3.339	7.55	15.36
3.337	7.55	15.36
3.334	7.55	15.36
3.332	7.54	15.36
3.329	7.54	15.36
3.326	7.54	15.36
3.324	7.55	15.36
3.323	7.56	15.36
3.321	7.57	15.36
3.318	7.58	15.36
3.315	7.59	15.36
3.313	7.60	15.36
3.312	7.60	15.36
3.311	7.61	15.36
3.309	7.61	15.36
3.307	7.60	15.36
3.306	7.61	15.36
3.305	7.61	15.36
3.303	7.63	15.36
3.301	7.63	15.36
3.300	7.64	15.36
3.297	7.64	15.36
3.296	7.63	15.36
3.296	7.63	15.36
3.295	7.65	15.36
3.292	7.65	15.36
3.291	7.65	15.36
3.290	7.69	15.36
3.286	7.70	15.36
3.281	7.69	15.36
3.276	7.70	15.36
3.271	7.74	15.36
3.267	7.73	15.36
3.264	7.73	15.36
3.261	7.73	15.36
3.259	7.73	15.36
3.258	7.73	15.36
3.257	7.72	15.36
3.255	7.73	15.36
3.253	7.73	15.36
3.253	7.71	15.36
3.253	7.71	15.36
3.253	7.72	15.36
3.252	7.74	15.36
3.247	7.76	15.36
3.245	7.76	15.36
3.245	7.75	15.36
3.244	7.78	15.36
3.240	7.79	15.36
3.236	7.80	15.36
3.233	7.80	15.36
3.230	7.81	15.36
3.229	7.82	15.36
3.228	7.82	15.36
3.225	7.82	15.36
3.224	7.82	15.36
3.223	7.82	15.36
3.221	7.82	15.36
3.220	7.82	15.36
3.220	7.84	15.36
3.219	7.85	15.36
3.218	7.85	15.36
3.217	7.85	15.36
3.216	7.85	15.36
3.214	7.85	15.36
3.213	7.85	15.36
3.212	7.85	15.36
3.211	7.86	15.36
3.209	7.86	15.36
3.207	7.87	15.36
3.205	7.88	15.36
3.203	7.88	15.36
3.202	7.89	15.36
3.200	7.89	15.36
3.199	7.90	15.36
3.197	7.90	15.36
3.196	7.90	15.36
3.194	7.90	15.36
3.191	7.90	15.36
3.190	7.91	15.36
3.188	7.94	15.36
3.187	7.94	15.36
3.185	7.94	15.36
3.182	7.95	15.36
3.182	7.95	15.36
3.182	7.95	15.36
3.181	7.97	15.36
3.178	7.95	15.36
3.177	7.95	15.36
3.173	7.97	15.36
3.170	7.98	15.36
3.167	7.99	15.36
3.164	7.98	15.36
3.161	7.98	15.36
3.159	7.98	15.36
3.155	8.00	15.36
3.151	7.99	15.36
3.150	7.99	15.36
3.151	7.99	15.36
3.151	7.98	15.36
3.152	7.98	15.36
3.152	7.99	15.36
3.150	8.01	15.36
3.147	8.01	15.36
3.145	8.02	15.36
3.143	8.02	15.36
3.141	8.01	15.36
3.141	8.00	15.36
3.142	8.00	15.36
3.142	8.00	15.36
3.142	7.99	15.36
3.141	8.02	15.36
3.137	8.05	15.36
3.133	8.07	15.36
3.132	8.08	15.36
3.131	8.10	15.36
3.129	8.11	15.36
3.125	8.11	15.36
3.121	8.12	15.36
3.119	8.12	15.36
3.117	8.14	15.36
3.112	8.14	15.36
3.107	8.15	15.36
3.102	8.15	15.36
3.099	8.15	15.36
3.098	8.16	15.36
3.097	8.16	15.36
3.098	8.16	15.36
3.098	8.17	15.36
3.096	8.19	15.36
3.094	8.19	15.36
3.091	8.19	15.36
3.090	8.19	15.36
3.089	8.19	15.36
3.088	8.20	15.36
3.088	8.19	15.36
3.088	8.20	15.36
3.088	8.20	15.36
3.086	8.23	15.36
3.082	8.23	15.36
3.081	8.22	15.36
3.080	8.22	15.36
3.080	8.22	15.36
3.079	8.23	15.36
3.077	8.25	15.36
3.075	8.26	15.36
3.074	8.26	15.36
3.073	8.27	15.36
3.071	8.27	15.36
3.069	8.27	15.36
3.068	8.27	15.36
3.068	8.27	15.36
3.068	8.26	15.36
3.068	8.26	15.36
3.068	8.27	15.36
3.068	8.27	15.36
3.067	8.27	15.36
3.064	8.28	15.36
3.062	8.28	15.36
3.060	8.28	15.36
3.060	8.27	15.36
3.059	8.27	15.36
3.059	8.27	15.36
3.058	8.28	15.36
3.056	8.29	15.36
3.054	8.32	15.36
3.052	8.32	15.36
3.051	8.32	15.36
3.050	8.33	15.36
3.048	8.35	15.36
3.044	8.35	15.36
3.042	8.34	15.36
3.040	8.34	15.36
3.039	8.36	15.36
3.035	8.37	15.36
3.032	8.38	15.36
3.029	8.39	15.36
3.027	8.39	15.36
3.027	8.39	15.36
3.026	8.39	15.36
3.025	8.39	15.36
3.024	8.39	15.36
3.022	8.39	15.36
3.021	8.39	15.36
3.020	8.38	15.36
3.020	8.38	15.36
3.019	8.39	15.36
3.017	8.41	15.36
3.015	8.42	15.36
3.011	8.43	15.36
3.008	8.43	15.36
3.008	8.43	15.36
3.007	8.43	15.36
3.006	8.44	15.36
3.005	8.44	15.36
3.003	8.44	15.36
3.002	8.44	15.36
3.000	8.45	15.36
2.999	8.45	15.36
2.998	8.45	15.36
2.995	8.47	15.36
2.990	8.48	15.36
2.990	8.47	15.36
2.990	8.46	15.36
2.990	8.47	15.36
2.990	8.47	15.36
2.990	8.47	15.36
2.990	8.47	15.36
2.990	8.47	15.36
2.988	8.47	15.36
2.987	8.51	15.36
2.985	8.52	15.36
2.984	8.53	15.36
2.983	8.54	15.36
2.982	8.56	15.36
2.982	8.56	15.36
2.982	8.56	15.36
2.982	8.57	15.36
2.980	8.60	15.36
2.978	8.59	15.36
2.977	8.58	15.36
2.976	8.58	15.36
2.976	8.58	15.36
2.975	8.58	15.36
2.973	8.58	15.36
2.971	8.59	15.36
2.968	8.61	15.36
2.966	8.64	15.36
2.965	8.62	15.36
2.964	8.60	15.36
2.964	8.60	15.36
2.961	8.60	15.36
2.957	8.60	15.36
2.954	8.58	15.36
2.953	8.58	15.36
2.953	8.58	15.36
2.953	8.57	15.36
2.954	8.58	15.36
2.954	8.58	15.36
2.953	8.60	15.36
2.951	8.62	15.36
2.948	8.64	15.36
2.945	8.63	15.36
2.944	8.62	15.36
2.942	8.63	15.36
2.941	8.63	15.36
2.940	8.63	15.36
2.938	8.63	15.36
2.937	8.63	15.36
2.936	8.63	15.36
2.934	8.65	15.36
2.933	8.66	15.36
2.931	8.66	15.36
2.928	8.67	15.36
2.923	8.68	15.36
2.920	8.68	15.36
2.920	8.67	15.36
2.919	8.67	15.36
2.918	8.67	15.36
2.918	8.68	15.36
2.918	8.67	15.36
2.918	8.68	15.36
2.917	8.69	15.36
2.915	8.69	15.36
2.914	8.69	15.36
2.913	8.69	15.36
2.912	8.71	15.36
2.911	8.70	15.36
2.910	8.71	15.36
2.908	8.74	15.36
2.906	8.76	15.36
2.904	8.76	15.36
2.903	8.75	15.36
2.900	8.76	15.36
2.898	8.76	15.36
2.898	8.75	15.36
2.897	8.77	15.36
2.896	8.77	15.36
2.896	8.77	15.36
2.895	8.78	15.36
2.893	8.79	15.36
2.891	8.79	15.36
2.890	8.80	15.36
2.889	8.80	15.36
2.889	8.80	15.36
2.889	8.79	15.36
2.889	8.79	15.36
2.888	8.81	15.36
2.887	8.81	15.36
2.886	8.81	15.36
2.883	8.81	15.36
2.882	8.80	15.36
2.881	8.81	15.36
2.880	8.82	15.36
2.879	8.82	15.36
2.879	8.82	15.36
2.876	8.83	15.36
2.872	8.84	15.36
2.870	8.84	15.36
2.869	8.83	15.36
2.870	8.83	15.36
2.869	8.84	15.36
2.868	8.85	15.36
2.866	8.85	15.36
2.865	8.85	15.36
2.864	8.85	15.36
2.864	8.85	15.36
2.863	8.87	15.36
2.863	8.87	15.36
2.863	8.87	15.36
2.862	8.89	15.36
2.860	8.89	15.36
2.859	8.89	15.36
2.857	8.89	15.36
2.854	8.90	15.36
2.851	8.89	15.36
2.850	8.93	15.36
2.848	8.93	15.36
2.845	8.91	15.36
2.843	8.92	15.36
2.840	8.94	15.36
2.837	8.97	15.36
2.835	8.97	15.36
2.833	8.96	15.36
2.832	8.96	15.36
2.830	8.97	15.36
2.829	8.97	15.36
2.826	9.00	15.36
2.824	9.02	15.36
2.823	9.02	15.36
2.821	9.02	15.36
2.820	9.03	15.36
2.819	9.04	15.36
2.817	9.04	15.36
2.815	9.06	15.36
2.814	9.10	15.36
2.812	9.10	15.36
2.811	9.12	15.36
2.809	9.12	15.36
2.808	9.09	15.36
2.807	9.08	15.36
2.806	9.07	15.36
2.805	9.08	15.36
2.805	9.08	15.36
2.804	9.09	15.36
2.803	9.08	15.36
2.801	9.10	15.36
2.799	9.14	15.36
2.797	9.13	15.36
2.797	9.13	15.36
2.796	9.14	15.36
2.795	9.14	15.36
2.795	9.16	15.36
2.792	9.16	15.36
2.789	9.16	15.36
2.787	9.15	15.36
2.785	9.15	15.36
2.785	9.15	15.36
2.785	9.14	15.36
2.784	9.15	15.36
2.780	9.19	15.36
2.776	9.21	15.36
2.769	9.24	15.36
2.765	9.22	15.36
2.763	9.21	15.36
2.761	9.22	15.36
2.758	9.28	15.36
2.753	9.27	15.36
2.751	9.26	15.36
2.750	9.27	15.36
2.748	9.27	15.36
2.746	9.28	15.36
2.743	9.29	15.36
2.741	9.30	15.36
2.738	9.33	15.36
2.735	9.33	15.36
2.733	9.33	15.36
2.733	9.33	15.36
2.733	9.34	15.36
2.730	9.37	15.36
2.728	9.37	15.36
2.726	9.37	15.36
2.725	9.37	15.36
2.723	9.38	15.36
2.722	9.38	15.36
2.720	9.37	15.36
2.718	9.37	15.36
2.715	9.38	15.36
2.714	9.38	15.36
2.712	9.41	15.36
2.710	9.41	15.36
2.708	9.44	15.36
2.705	9.41	15.36
2.702	9.43	15.36
2.699	9.43	15.36
2.697	9.45	15.36
2.695	9.46	15.36
2.692	9.49	15.36
2.689	9.49	15.36
2.687	9.50	15.36
2.682	9.53	15.36
2.677	9.54	15.36
2.673	9.59	15.36
2.667	9.60	15.36
2.662	9.61	15.36
2.660	9.59	15.36
2.657	9.60	15.36
2.654	9.62	15.36
2.650	9.62	15.36
2.648	9.62	15.36
2.646	9.63	15.36
2.644	9.64	15.36
2.643	9.64	15.36
2.643	9.63	15.36
2.643	9.62	15.36
2.644	9.62	15.36
2.644	9.62	15.36
2.644	9.63	15.36
2.641	9.65	15.36
2.637	9.66	15.36
2.635	9.68	15.36
2.633	9.69	15.36
2.631	9.68	15.36
2.630	9.68	15.36
2.630	9.67	15.36
2.629	9.68	15.36
2.629	9.68	15.36
2.629	9.69	15.36
2.627	9.70	15.36
2.625	9.71	15.36
2.623	9.72	15.36
2.622	9.73	15.36
2.621	9.73	15.36
2.621	9.74	15.36
2.621	9.76	15.36
2.619	9.77	15.36
2.618	9.76	15.36
2.616	9.78	15.36
2.614	9.78	15.36
2.613	9.77	15.36
2.612	9.77	15.36
2.611	9.77	15.36
2.611	9.77	15.36
2.610	9.77	15.36
2.609	9.79	15.36
2.607	9.81	15.36
2.606	9.81	15.36
2.605	9.82	15.36
2.604	9.81	15.36
2.603	9.81	15.36
2.601	9.80	15.36
2.599	9.81	15.36
2.598	9.82	15.36
2.597	9.81	15.36
2.596	9.81	15.36
2.594	9.82	15.36
2.593	9.83	15.36
2.592	9.84	15.36
2.590	9.88	15.36
2.588	9.86	15.36
2.587	9.86	15.36
2.586	9.86	15.36
2.584	9.86	15.36
2.581	9.89	15.36
2.578	9.90	15.36
2.576	9.90	15.36
2.575	9.89	15.36
2.573	9.91	15.37
2.570	9.92	15.36
2.569	9.92	15.36
2.567	9.93	15.36
2.565	9.93	15.37
2.563	9.93	15.36
2.561	9.94	15.36
2.558	9.97	15.37
2.555	9.97	15.37
2.551	10.02	15.36
2.549	10.01	15.37
2.548	10.00	15.36
2.546	10.00	15.37
2.546	10.01	15.37
2.544	10.02	15.37
2.542	10.04	15.37
2.538	10.04	15.37
2.534	10.06	15.37
2.533	10.04	15.37
2.534	10.05	15.37
2.534	10.04	15.37
2.534	10.04	15.37
2.535	10.04	15.37
2.535	10.04	15.37
2.535	10.04	15.37
2.535	10.04	15.37
2.535	10.03	15.37
2.536	10.03	15.37
2.536	10.03	15.37
2.536	10.03	15.37
2.536	10.03	15.37
2.537	10.04	15.37
2.537	10.03	15.37
2.537	10.03	15.37
2.537	10.03	15.37
2.537	10.04	15.37
2.537	10.05	15.37
2.533	10.11	15.37
2.527	10.16	15.37
2.523	10.15	15.37
2.519	10.16	15.37
2.516	10.16	15.37
2.514	10.18	15.37
2.513	10.18	15.37
2.512	10.18	15.37
2.511	10.20	15.37
2.509	10.20	15.37
2.508	10.20	15.37
2.506	10.20	15.37
2.504	10.21	15.37
2.502	10.22	15.37
2.500	10.22	15.37
2.499	10.22	15.37
2.498	10.23	15.37
2.496	10.23	15.37
2.495	10.23	15.37
2.493	10.24	15.37
2.490	10.24	15.37
2.487	10.25	15.37
2.486	10.25	15.37
2.484	10.26	15.37
2.481	10.26	15.37
2.479	10.26	15.37
2.477	10.28	15.37
2.474	10.28	15.37
2.471	10.29	15.37
2.467	10.30	15.37
2.464	10.29	15.37
2.460	10.31	15.37
2.456	10.36	15.37
2.454	10.37	15.37
2.452	10.38	15.37
2.451	10.38	15.37
2.450	10.39	15.37
2.449	10.38	15.37
2.447	10.38	15.37
2.445	10.39	15.37
2.444	10.39	15.37
2.442	10.40	15.37
2.441	10.40	15.37
2.438	10.41	15.37
2.436	10.43	15.37
2.434	10.44	15.37
2.432	10.46	15.37
2.430	10.46	15.37
2.427	10.47	15.37
2.425	10.48	15.37
2.422	10.48	15.37
2.418	10.49	15.37
2.415	10.50	15.37
2.414	10.50	15.37
2.414	10.51	15.37
2.412	10.52	15.37
2.409	10.55	15.37
2.406	10.56	15.37
2.405	10.57	15.37
2.405	10.56	15.37
2.406	10.56	15.37
2.406	10.56	15.37
2.406	10.56	15.37
2.406	10.56	15.37
2.406	10.59	15.37
2.405	10.60	15.37
2.403	10.60	15.37
2.401	10.62	15.37
2.399	10.62	15.37
2.399	10.63	15.37
2.398	10.66	15.37
2.396	10.66	15.37
2.395	10.67	15.37
2.393	10.67	15.37
2.392	10.67	15.37
2.390	10.68	15.37
2.390	10.68	15.37
2.389	10.68	15.37
2.389	10.68	15.37
2.387	10.68	15.37
2.384	10.68	15.37
2.382	10.69	15.37
2.381	10.69	15.37
2.381	10.69	15.37
2.380	10.69	15.37
2.379	10.70	15.37
2.378	10.70	15.37
2.378	10.70	15.37
2.378	10.70	15.37
2.377	10.70	15.37
2.375	10.70	15.37
2.373	10.70	15.37
2.372	10.70	15.37
2.370	10.70	15.37
2.368	10.70	15.37
2.367	10.72	15.37
2.365	10.72	15.37
2.363	10.73	15.37
2.361	10.73	15.37
2.360	10.74	15.37
2.358	10.76	15.37
2.357	10.78	15.37
2.356	10.78	15.37
2.357	10.78	15.37
2.357	10.78	15.37
2.357	10.78	15.37
2.357	10.78	15.37
2.356	10.79	15.37
2.354	10.79	15.37
2.353	10.79	15.37
2.349	10.81	15.37
2.343	10.88	15.37
2.340	10.91	15.37
2.340	10.90	15.37
2.340	10.90	15.37
2.336	10.93	15.37
2.333	10.93	15.37
2.333	10.93	15.37
2.334	10.93	15.37
2.334	10.93	15.37
2.334	10.93	15.37
2.334	10.93	15.37
2.334	10.93	15.37
2.334	10.93	15.37
2.335	10.93	15.37
2.335	10.94	15.37
2.334	10.95	15.37
2.333	10.95	15.37
2.331	10.97	15.37
2.330	10.97	15.37
2.326	11.00	15.37
2.321	11.02	15.37
2.317	11.03	15.37
2.315	11.05	15.37
2.313	11.06	15.37
2.313	11.07	15.37
2.312	11.07	15.37
2.311	11.08	15.37
2.310	11.08	15.37
2.308	11.08	15.37
2.307	11.09	15.37
2.306	11.10	15.37
2.304	11.11	15.37
2.302	11.12	15.37
2.301	11.12	15.37
2.300	11.12	15.37
2.299	11.13	15.37
2.298	11.14	15.37
2.296	11.14	15.37
2.295	11.15	15.37
2.293	11.15	15.37
2.292	11.16	15.37
2.291	11.17	15.37
2.289	11.18	15.37
2.288	11.19	15.37
2.287	11.20	15.37
2.285	11.20	15.37
2.284	11.20	15.37
2.283	11.21	15.37
2.282	11.22	15.37
2.281	11.23	15.37
2.280	11.23	15.37
2.279	11.23	15.37
2.278	11.25	15.37
2.277	11.26	15.37
2.276	11.26	15.37
2.275	11.26	15.37
2.274	11.27	15.37
2.272	11.27	15.37
2.271	11.28	15.37
2.270	11.29	15.37
2.269	11.29	15.37
2.269	11.30	15.37
2.268	11.30	15.37
2.267	11.31	15.37
2.266	11.31	15.37
2.265	11.32	15.37
2.264	11.33	15.37
2.263	11.35	15.37
2.262	11.35	15.37
2.261	11.36	15.37
2.259	11.36	15.37
2.258	11.37	15.37
2.258	11.37	15.37
2.257	11.37	15.37
2.255	11.38	15.37
2.254	11.39	15.37
2.253	11.39	15.37
2.252	11.39	15.37
2.252	11.39	15.37
2.251	11.40	15.37
2.250	11.40	15.37
2.249	11.41	15.37
2.248	11.41	15.37
2.248	11.41	15.37
2.248	11.41	15.37
2.248	11.41	15.37
2.248	11.41	15.37
2.248	11.41	15.37
2.247	11.42	15.37
2.246	11.42	15.37
2.245	11.43	15.37
2.245	11.44	15.37
2.244	11.45	15.37
2.243	11.45	15.37
2.242	11.46	15.37
2.240	11.46	15.37
2.239	11.47	15.37
2.238	11.48	15.37
2.237	11.48	15.37
2.236	11.48	15.37
2.236	11.49	15.37
2.235	11.49	15.37
2.234	11.49	15.37
2.234	11.50	15.37
2.233	11.50	15.37
2.232	11.51	15.37
2.230	11.52	15.37
2.228	11.52	15.37
2.226	11.53	15.37
2.226	11.53	15.37
2.225	11.54	15.37
2.223	11.54	15.37
2.223	11.55	15.37
2.222	11.55	15.37
2.221	11.55	15.37
2.221	11.55	15.37
2.222	11.55	15.37
2.222	11.55	15.37
2.222	11.55	15.37
2.222	11.56	15.37
2.221	11.56	15.37
2.220	11.57	15.37
2.219	11.57	15.37
2.218	11.57	15.37
2.218	11.58	15.37
2.217	11.58	15.37
2.216	11.58	15.37
2.215	11.59	15.37
2.213	11.59	15.37
2.213	11.60	15.37
2.212	11.60	15.37
2.212	11.60	15.37
2.212	11.60	15.37
2.211	11.60	15.37
2.211	11.60	15.37
2.211	11.60	15.37
2.211	11.60	15.37
2.211	11.61	15.37
2.210	11.62	15.37
2.208	11.62	15.37
2.208	11.62	15.37
2.207	11.62	15.37
2.207	11.63	15.37
2.206	11.64	15.37
2.205	11.64	15.37
2.204	11.65	15.37
2.203	11.65	15.37
2.203	11.66	15.37
2.202	11.66	15.37
2.201	11.67	15.37
2.201	11.67	15.37
2.200	11.68	15.37
2.199	11.70	15.37
2.199	11.70	15.37
2.198	11.70	15.37
2.197	11.70	15.37
2.197	11.71	15.37
2.196	11.71	15.37
2.196	11.71	15.37
2.196	11.72	15.37
2.195	11.72	15.37
2.194	11.72	15.37
2.193	11.73	15.37
2.192	11.73	15.37
2.191	11.74	15.37
2.191	11.74	15.37
2.190	11.74	15.37
2.190	11.74	15.37
2.189	11.75	15.37
2.187	11.76	15.37
2.186	11.76	15.37
2.186	11.76	15.37
2.185	11.76	15.37
2.184	11.77	15.37
2.183	11.77	15.37
2.183	11.78	15.37
2.182	11.78	15.37
2.182	11.78	15.37
2.181	11.79	15.37
2.180	11.80	15.37
2.178	11.81	15.37
2.177	11.81	15.37
2.177	11.81	15.37
2.176	11.82	15.37
2.175	11.82	15.37
2.175	11.82	15.37
2.174	11.82	15.37
2.173	11.83	15.37
2.171	11.85	15.37
2.170	11.86	15.37
2.169	11.86	15.37
2.168	11.86	15.37
2.168	11.86	15.37
2.167	11.86	15.37
2.167	11.87	15.37
2.166	11.87	15.37
2.165	11.87	15.37
2.165	11.87	15.37
2.164	11.87	15.37
2.164	11.88	15.37
2.163	11.89	15.37
2.162	11.89	15.37
2.162	11.90	15.37
2.161	11.90	15.37
2.160	11.90	15.37
2.159	11.91	15.37
2.158	11.91	15.37
2.158	11.91	15.37
2.158	11.91	15.37
2.157	11.92	15.37
2.157	11.93	15.37
2.155	11.93	15.37
2.154	11.94	15.37
2.153	11.94	15.37
2.153	11.94	15.37
2.154	11.94	15.37
2.154	11.94	15.37
2.154	11.94	15.37
2.151	11.96	15.37
2.147	11.98	15.37
2.143	12.00	15.37
2.141	12.00	15.37
2.140	12.00	15.37
2.140	12.01	15.37
2.140	12.01	15.37
2.140	12.01	15.37
2.140	12.01	15.37
2.140	12.01	15.37
2.140	12.01	15.37
2.141	12.01	15.37
2.141	12.01	15.37
2.140	12.01	15.37
2.138	12.02	15.37
2.137	12.03	15.37
2.136	12.04	15.37
2.135	12.04	15.37
2.135	12.04	15.37
2.134	12.05	15.37
2.132	12.05	15.37
2.132	12.05	15.37
2.130	12.05	15.37
2.129	12.06	15.37
2.128	12.07	15.37
2.127	12.08	15.37
2.125	12.09	15.37
2.123	12.10	15.37
2.122	12.11	15.37
2.121	12.11	15.37
2.121	12.11	15.37
2.120	12.12	15.37
2.119	12.13	15.37
2.118	12.13	15.37
2.117	12.14	15.37
2.116	12.15	15.37
2.115	12.15	15.37
2.114	12.15	15.37
2.114	12.16	15.37
2.114	12.16	15.37
2.114	12.16	15.37
2.113	12.17	15.37
2.112	12.17	15.37
2.112	12.18	15.37
2.111	12.18	15.37
2.111	12.19	15.37
2.109	12.19	15.37
2.109	12.19	15.37
2.109	12.19	15.37
2.109	12.19	15.37
2.109	12.19	15.37
2.109	12.19	15.37
2.109	12.20	15.37
2.109	12.20	15.37
2.108	12.20	15.37
2.108	12.20	15.37
2.108	12.20	15.37
2.107	12.20	15.37
2.107	12.20	15.37
2.107	12.20	15.37
2.107	12.21	15.37
2.106	12.21	15.37
2.105	12.21	15.37
2.105	12.21	15.37
2.105	12.21	15.37
2.105	12.21	15.37
2.105	12.22	15.37
2.104	12.22	15.37
2.103	12.23	15.37
2.103	12.24	15.37
2.103	12.24	15.37
2.103	12.24	15.37
2.102	12.24	15.37
2.102	12.25	15.37
2.101	12.25	15.37
2.101	12.25	15.37
2.100	12.25	15.37
2.100	12.25	15.37
2.100	12.25	15.37
2.100	12.25	15.37
2.100	12.25	15.37
2.100	12.25	15.37
2.100	12.25	15.37
2.100	12.26	15.37
2.100	12.26	15.37
2.099	12.26	15.37
2.099	12.26	15.37
2.098	12.26	15.37
2.098	12.26	15.37
2.098	12.27	15.37
2.097	12.28	15.37
2.096	12.29	15.37
2.095	12.29	15.37
2.095	12.29	15.37
2.095	12.29	15.37
2.094	12.29	15.37
2.094	12.29	15.37
2.094	12.29	15.37
2.093	12.29	15.37
2.093	12.29	15.37
2.093	12.29	15.37
2.093	12.29	15.37
2.093	12.29	15.37
2.093	12.30	15.37
2.092	12.30	15.37
2.091	12.30	15.37
2.091	12.30	15.37
2.090	12.31	15.37
2.090	12.32	15.37
2.089	12.32	15.37
2.089	12.32	15.37
2.089	12.32	15.37
2.089	12.32	15.37
2.089	12.33	15.37
2.088	12.33	15.37
2.088	12.33	15.37
2.088	12.33	15.37
2.087	12.33	15.37
2.086	12.34	15.37
2.085	12.35	15.37
2.084	12.35	15.37
2.083	12.36	15.37
2.082	12.37	15.37
2.080	12.38	15.37
2.079	12.39	15.37
2.078	12.39	15.37
2.077	12.40	15.37
2.075	12.40	15.37
2.073	12.41	15.37
2.071	12.43	15.37
2.070	12.43	15.37
2.069	12.44	15.37
2.068	12.45	15.37
2.067	12.45	15.37
2.065	12.45	15.37
2.064	12.46	15.37
2.062	12.47	15.37
2.060	12.47	15.37
2.060	12.48	15.37
2.059	12.49	15.37
2.058	12.51	15.37
2.056	12.52	15.37
2.055	12.52	15.37
2.054	12.53	15.37
2.052	12.54	15.37
2.052	12.54	15.37
2.052	12.54	15.37
2.052	12.54	15.37
2.052	12.54	15.37
2.052	12.54	15.37
2.052	12.54	15.37
2.051	12.54	15.37
2.050	12.54	15.37
2.050	12.54	15.37
2.049	12.54	15.37
2.049	12.55	15.37
2.048	12.55	15.37
2.048	12.56	15.37
2.047	12.56	15.37
2.045	12.57	15.37
2.044	12.58	15.37
2.043	12.59	15.37
2.041	12.61	15.37
2.040	12.62	15.37
2.039	12.62	15.37
2.038	12.62	15.37
2.037	12.63	15.37
2.036	12.63	15.37
2.035	12.64	15.37
2.034	12.65	15.37
2.033	12.66	15.37
2.032	12.67	15.37
2.031	12.67	15.37
2.030	12.68	15.37
2.029	12.69	15.37
2.028	12.69	15.37
2.027	12.69	15.37
2.026	12.70	15.37
2.025	12.70	15.37
2.024	12.71	15.37
2.022	12.72	15.37
2.021	12.74	15.37
2.019	12.75	15.37
2.018	12.75	15.37
2.017	12.76	15.37
2.016	12.76	15.37
2.015	12.77	15.37
2.015	12.77	15.37
2.014	12.77	15.38
2.014	12.77	15.37
2.013	12.78	15.37
2.013	12.79	15.37
2.013	12.79	15.37
2.012	12.79	15.37
2.011	12.80	15.37
2.010	12.81	15.38
2.009	12.82	15.38
2.008	12.82	15.37
2.008	12.82	15.37
2.007	12.82	15.38
2.007	12.82	15.37
2.006	12.83	15.37
2.004	12.84	15.38
2.004	12.85	15.37
2.003	12.86	15.37
2.001	12.86	15.37
2.001	12.87	15.38
2.000	12.88	15.37
2.000	12.88	15.38
1.999	12.88	15.38
1.998	12.88	15.38
1.998	12.89	15.38
1.998	12.89	15.38
1.997	12.89	15.38
1.995	12.90	15.38
1.994	12.92	15.38
1.992	12.92	15.38
1.991	12.93	15.38
1.990	12.93	15.38
1.990	12.93	15.38
1.989	12.94	15.38
1.989	12.94	15.38
1.988	12.95	15.38
1.988	12.95	15.38
1.987	12.96	15.38
1.986	12.96	15.38
1.985	12.97	15.38
1.985	12.97	15.38
1.984	12.98	15.38
1.983	12.98	15.38
1.983	12.98	15.38
1.982	12.99	15.38
1.982	12.99	15.38
1.981	12.99	15.38
1.981	13.00	15.38
1.980	13.00	15.38
1.980	13.00	15.38
1.979	13.00	15.38
1.978	13.01	15.38
1.978	13.03	15.38
1.977	13.03	15.38
1.976	13.04	15.38
1.975	13.04	15.38
1.975	13.04	15.38
1.974	13.04	15.38
1.973	13.05	15.38
1.972	13.06	15.38
1.970	13.07	15.38
1.969	13.07	15.38
1.969	13.07	15.38
1.968	13.08	15.38
1.967	13.09	15.38
1.966	13.10	15.38
1.965	13.10	15.38
1.964	13.11	15.38
1.963	13.12	15.38
1.962	13.13	15.38
1.960	13.13	15.38
1.958	13.14	15.38
1.958	13.15	15.38
1.957	13.15	15.38
1.956	13.16	15.38
1.956	13.16	15.38
1.955	13.17	15.38
1.955	13.17	15.38
1.954	13.17	15.38
1.953	13.18	15.38
1.953	13.18	15.38
1.952	13.19	15.38
1.952	13.19	15.38
1.951	13.20	15.38
1.950	13.21	15.38
1.950	13.22	15.38
1.949	13.22	15.38
1.948	13.23	15.38
1.947	13.23	15.38
1.947	13.24	15.38
1.946	13.25	15.38
1.945	13.25	15.38
1.944	13.26	15.38
1.943	13.27	15.38
1.942	13.28	15.38
1.942	13.28	15.38
1.941	13.29	15.38
1.940	13.29	15.38
1.940	13.29	15.38
1.939	13.29	15.38
1.939	13.30	15.38
1.938	13.31	15.38
1.937	13.32	15.38
1.936	13.32	15.38
1.935	13.33	15.38
1.934	13.34	15.38
1.933	13.34	15.38
1.933	13.35	15.38
1.932	13.35	15.38
1.932	13.35	15.38
1.931	13.36	15.38
1.931	13.37	15.38
1.930	13.38	15.38
1.929	13.38	15.38
1.928	13.38	15.38
1.927	13.38	15.38
1.927	13.38	15.38
1.927	13.38	15.38
1.926	13.39	15.38
1.925	13.39	15.38
1.923	13.41	15.38
1.922	13.42	15.38
1.921	13.43	15.38
1.920	13.43	15.38
1.919	13.44	15.38
1.918	13.44	15.38
1.917	13.44	15.38
1.915	13.45	15.38
1.914	13.47	15.38
1.913	13.48	15.38
1.912	13.49	15.38
1.910	13.50	15.38
1.909	13.50	15.38
1.908	13.51	15.38
1.908	13.52	15.38
1.907	13.52	15.38
1.906	13.52	15.38
1.904	13.53	15.38
1.903	13.54	15.38
1.902	13.55	15.38
1.902	13.55	15.38
1.901	13.55	15.38
1.901	13.56	15.38
1.900	13.56	15.38
1.899	13.57	15.38
1.898	13.58	15.38
1.897	13.58	15.38
1.896	13.59	15.38
1.895	13.60	15.38
1.894	13.60	15.38
1.894	13.62	15.38
1.893	13.62	15.38
1.891	13.63	15.38
1.891	13.63	15.38
1.890	13.64	15.38
1.889	13.65	15.38
1.888	13.65	15.38
1.887	13.66	15.38
1.886	13.67	15.38
1.885	13.67	15.38
1.885	13.67	15.38
1.885	13.68	15.38
1.884	13.68	15.38
1.883	13.70	15.38
1.883	13.71	15.38
1.882	13.72	15.38
1.881	13.72	15.38
1.880	13.73	15.38
1.878	13.73	15.38
1.878	13.73	15.38
1.877	13.75	15.38
1.876	13.75	15.38
1.876	13.76	15.38
1.875	13.77	15.38
1.875	13.77	15.38
1.874	13.77	15.38
1.873	13.78	15.38
1.873	13.78	15.38
1.872	13.78	15.38
1.871	13.79	15.38
1.870	13.80	15.38
1.869	13.81	15.38
1.868	13.82	15.38
1.866	13.83	15.38
1.865	13.83	15.38
1.864	13.84	15.38
1.863	13.85	15.38
1.862	13.85	15.38
1.862	13.85	15.38
1.861	13.87	15.38
1.859	13.87	15.38
1.858	13.89	15.38
1.857	13.90	15.38
1.856	13.90	15.38
1.855	13.90	15.38
1.854	13.91	15.38
1.853	13.92	15.38
1.852	13.92	15.38
1.851	13.94	15.38
1.849	13.95	15.38
1.847	13.96	15.38
1.846	13.97	15.38
1.844	13.98	15.38
1.843	13.99	15.38
1.842	14.01	15.38
1.841	14.02	15.38
1.840	14.03	15.38
1.839	14.03	15.38
1.838	14.03	15.38
1.837	14.05	15.38
1.836	14.05	15.38
1.836	14.05	15.38
1.835	14.07	15.38
1.834	14.07	15.38
1.833	14.08	15.38
1.832	14.09	15.38
1.831	14.10	15.38
1.830	14.11	15.38
1.829	14.12	15.38
1.829	14.12	15.38
1.828	14.13	15.38
1.827	14.13	15.38
1.826	14.14	15.38
1.825	14.15	15.38
1.824	14.16	15.38
1.824	14.16	15.38
1.823	14.16	15.38
1.822	14.17	15.38
1.822	14.18	15.38
1.822	14.18	15.38
1.821	14.18	15.38
1.821	14.19	15.38
1.820	14.20	15.38
1.819	14.20	15.38
1.818	14.21	15.38
1.817	14.22	15.38
1.816	14.22	15.38
1.816	14.23	15.38
1.814	14.24	15.38
1.813	14.26	15.38
1.812	14.26	15.38
1.811	14.28	15.38
1.809	14.28	15.38
1.808	14.30	15.38
1.807	14.30	15.38
1.806	14.31	15.38
1.805	14.31	15.38
1.805	14.32	15.38
1.804	14.32	15.38
1.803	14.34	15.38
1.803	14.34	15.38
1.802	14.35	15.38
1.802	14.35	15.38
1.801	14.36	15.38
1.800	14.36	15.38
1.799	14.37	15.38
1.798	14.38	15.38
1.796	14.38	15.38
1.795	14.39	15.38
1.794	14.40	15.38
1.793	14.41	15.38
1.792	14.42	15.38
1.791	14.43	15.38
1.790	14.44	15.38
1.789	14.44	15.38
1.788	14.44	15.38
1.788	14.44	15.38
1.787	14.45	15.38
1.787	14.46	15.38
1.786	14.46	15.38
1.786	14.47	15.38
1.785	14.48	15.38
1.784	14.48	15.38
1.784	14.49	15.38
1.783	14.49	15.38
1.782	14.50	15.38
1.782	14.50	15.38
1.781	14.51	15.38
1.781	14.51	15.38
1.780	14.52	15.38
1.779	14.52	15.38
1.779	14.52	15.38
1.779	14.53	15.38
1.778	14.54	15.38
1.778	14.54	15.38
1.777	14.54	15.38
1.776	14.54	15.38
1.776	14.55	15.38
1.775	14.56	15.38
1.774	14.57	15.38
1.774	14.57	15.38
1.773	14.58	15.38
1.773	14.58	15.38
1.772	14.58	15.38
1.771	14.59	15.38
1.771	14.60	15.38
1.771	14.60	15.38
1.770	14.61	15.38
1.770	14.61	15.38
1.769	14.61	15.38
1.769	14.62	15.38
1.768	14.62	15.38
1.768	14.63	15.38
1.767	14.64	15.38
1.766	14.64	15.38
1.765	14.64	15.38
1.765	14.65	15.38
1.764	14.65	15.38
1.764	14.66	15.38
1.763	14.66	15.38
1.762	14.67	15.38
1.761	14.68	15.38
1.760	14.68	15.38
1.760	14.69	15.38
1.759	14.69	15.38
1.759	14.70	15.38
1.759	14.70	15.38
1.758	14.70	15.38
1.757	14.71	15.38
1.756	14.72	15.38
1.756	14.73	15.38
1.755	14.73	15.38
1.755	14.74	15.38
1.755	14.74	15.38
1.754	14.75	15.38
1.753	14.75	15.38
1.752	14.76	15.38
1.752	14.77	15.38
1.751	14.77	15.38
1.750	14.78	15.38
1.750	14.79	15.38
1.749	14.79	15.38
1.748	14.79	15.38
1.747	14.81	15.38
1.747	14.81	15.38
1.746	14.81	15.38
1.746	14.81	15.38
1.746	14.81	15.38
1.745	14.82	15.38
1.745	14.82	15.38
1.745	14.83	15.38
1.744	14.83	15.38
1.744	14.83	15.38
1.743	14.83	15.38
1.743	14.84	15.38
1.742	14.84	15.38
1.742	14.85	15.38
1.741	14.85	15.38
1.741	14.85	15.38
1.740	14.87	15.38
1.739	14.87	15.38
1.738	14.89	15.38
1.737	14.89	15.38
1.736	14.90	15.38
1.736	14.91	15.38
1.735	14.91	15.38
1.735	14.91	15.38
1.734	14.91	15.38
1.733	14.91	15.38
1.733	14.92	15.38
1.733	14.93	15.38
1.733	14.93	15.38
1.733	14.93	15.38
1.733	14.93	15.38
1.733	14.93	15.38
1.733	14.93	15.38
1.732	14.93	15.38
1.732	14.93	15.38
1.732	14.93	15.38
1.732	14.94	15.38
1.732	14.94	15.38
1.732	14.95	15.38
1.731	14.95	15.38
1.731	14.95	15.38
1.730	14.95	15.38
1.730	14.96	15.38
1.730	14.96	15.38
1.729	14.96	15.38
1.728	14.97	15.38
1.727	14.98	15.38
1.726	14.98	15.38
1.725	15.00	15.38
1.725	15.00	15.38
1.724	15.00	15.38
1.724	15.00	15.38
1.723	15.00	15.38
1.723	15.01	15.38
1.722	15.02	15.38
1.722	15.02	15.38
1.721	15.02	15.38
1.721	15.03	15.38
1.721	15.04	15.38
1.720	15.04	15.38
1.719	15.05	15.38
1.718	15.06	15.38
1.718	15.06	15.38
1.718	15.06	15.39
1.718	15.06	15.39
1.717	15.07	15.39
1.717	15.08	15.38
1.716	15.08	15.38
1.716	15.08	15.38
1.715	15.09	15.38
1.715	15.09	15.38
1.715	15.10	15.38
1.714	15.10	15.38
1.714	15.10	15.38
1.714	15.10	15.38
1.714	15.10	15.38
1.713	15.10	15.38
1.713	15.10	15.38
1.713	15.10	15.38
1.713	15.10	15.38
1.713	15.10	15.39
1.712	15.11	15.38
1.712	15.11	15.39
1.712	15.12	15.39
1.712	15.12	15.39
1.711	15.12	15.39
1.711	15.12	15.39
1.711	15.12	15.39
1.711	15.12	15.38
1.711	15.13	15.39
1.711	15.12	15.38
1.710	15.13	15.39
1.710	15.13	15.39
1.710	15.13	15.38
1.710	15.13	15.39
1.710	15.12	15.39
1.710	15.13	15.39
1.710	15.13	15.39
1.710	15.14	15.39
1.709	15.15	15.39
1.709	15.15	15.39
1.709	15.15	15.39
1.708	15.15	15.39
1.708	15.16	15.39
1.707	15.17	15.39
1.707	15.17	15.39
1.706	15.17	15.39
1.706	15.17	15.39
1.706	15.17	15.39
1.705	15.18	15.39
1.705	15.19	15.39
1.705	15.19	15.39
1.704	15.19	15.39
1.704	15.19	15.39
1.704	15.19	15.39
1.703	15.20	15.39
1.703	15.21	15.39
1.703	15.21	15.39
1.702	15.21	15.39
1.702	15.21	15.39
1.701	15.22	15.39
1.701	15.23	15.39
1.700	15.23	15.39
1.699	15.23	15.39
1.699	15.24	15.39
1.698	15.25	15.39
1.698	15.25	15.39
1.697	15.25	15.39
1.697	15.26	15.39
1.697	15.26	15.39
1.696	15.26	15.39
1.696	15.26	15.39
1.695	15.27	15.39
1.695	15.27	15.39
1.694	15.28	15.39
1.694	15.28	15.39
1.693	15.29	15.39
1.693	15.30	15.39
1.692	15.30	15.39
1.692	15.30	15.39
1.691	15.31	15.39
1.691	15.31	15.39
1.690	15.32	15.39
1.690	15.32	15.39
1.689	15.33	15.39
1.689	15.34	15.39
1.688	15.34	15.39
1.688	15.34	15.39
1.687	15.34	15.39
1.687	15.34	15.39
1.687	15.35	15.39
1.686	15.36	15.39
1.685	15.36	15.39
1.685	15.36	15.39
1.684	15.37	15.39
1.684	15.38	15.39
1.683	15.38	15.39
1.683	15.38	15.39
1.682	15.39	15.39
1.682	15.40	15.39
1.682	15.40	15.39
1.681	15.40	15.39
1.681	15.40	15.39
1.680	15.40	15.39
1.680	15.40	15.39
1.680	15.41	15.39
1.679	15.42	15.39
1.678	15.42	15.39
1.678	15.42	15.39
1.677	15.43	15.39
1.677	15.44	15.39
1.677	15.44	15.39
1.676	15.44	15.39
1.676	15.44	15.39
1.675	15.45	15.39
1.674	15.46	15.39
1.674	15.46	15.39
1.674	15.47	15.39
1.673	15.48	15.39
1.673	15.48	15.39
1.672	15.48	15.39
1.672	15.49	15.39
1.671	15.50	15.39
1.671	15.50	15.39
1.670	15.50	15.39
1.670	15.50	15.39
1.669	15.50	15.39
1.668	15.51	15.39
1.668	15.52	15.39
1.667	15.52	15.39
1.667	15.53	15.39
1.666	15.53	15.39
1.666	15.54	15.39
1.665	15.55	15.39
1.664	15.55	15.39
1.664	15.56	15.39
1.663	15.57	15.39
1.662	15.59	15.39
1.661	15.59	15.39
1.661	15.59	15.39
1.660	15.60	15.39
1.660	15.60	15.39
1.659	15.61	15.39
1.659	15.61	15.39
1.658	15.62	15.39
1.658	15.63	15.39
1.657	15.63	15.39
1.656	15.64	15.39
1.655	15.65	15.39
1.655	15.65	15.39
1.654	15.66	15.39
1.653	15.67	15.39
1.653	15.67	15.39
1.652	15.67	15.39
1.652	15.68	15.39
1.652	15.68	15.39
1.651	15.69	15.39
1.651	15.69	15.39
1.650	15.70	15.39
1.650	15.71	15.39
1.649	15.71	15.39
1.648	15.72	15.39
1.647	15.73	15.39
1.646	15.73	15.39
1.646	15.75	15.39
1.645	15.75	15.39
1.644	15.76	15.39
1.644	15.77	15.39
1.643	15.78	15.39
1.643	15.78	15.39
1.642	15.78	15.39
1.642	15.79	15.39
1.641	15.79	15.39
1.641	15.80	15.39
1.641	15.80	15.39
1.640	15.80	15.39
1.640	15.80	15.39
1.639	15.81	15.39
1.639	15.81	15.39
1.639	15.81	15.39
1.639	15.81	15.39
1.639	15.81	15.39
1.638	15.82	15.39
1.638	15.82	15.39
1.638	15.82	15.39
1.638	15.82	15.39
1.637	15.83	15.39
1.637	15.83	15.39
1.637	15.84	15.39
1.636	15.84	15.39
1.636	15.84	15.39
1.636	15.84	15.39
1.636	15.84	15.39
1.636	15.84	15.39
1.636	15.84	15.39
1.636	15.84	15.39
1.635	15.84	15.39
1.635	15.84	15.39
1.635	15.84	15.39
1.635	15.84	15.39
1.635	15.85	15.39
1.634	15.86	15.39
1.634	15.86	15.39
1.634	15.86	15.39
1.633	15.87	15.39
1.633	15.88	15.39
1.632	15.88	15.39
1.631	15.88	15.39
1.631	15.89	15.39
1.630	15.90	15.39
1.629	15.90	15.39
1.629	15.90	15.39
1.628	15.90	15.39
1.628	15.90	15.39
1.628	15.91	15.39
1.627	15.92	15.39
1.627	15.92	15.39
1.627	15.92	15.39
1.626	15.92	15.39
1.626	15.93	15.39
1.626	15.93	15.39
1.626	15.93	15.39
1.625	15.94	15.39
1.625	15.94	15.39
1.625	15.94	15.39
1.624	15.94	15.39
1.624	15.95	15.39
1.623	15.96	15.39
1.623	15.96	15.39
1.623	15.96	15.39
1.622	15.97	15.39
1.622	15.98	15.39
1.622	15.98	15.39
1.622	15.98	15.39
1.621	15.98	15.39
1.621	15.98	15.39
1.621	15.99	15.39
1.620	16.00	15.39
1.620	16.00	15.39
1.619	16.00	15.39
1.619	16.00	15.39
1.619	16.02	15.39
1.618	16.02	15.39
1.617	16.02	15.39
1.617	16.02	15.39
1.617	16.03	15.39
1.617	16.04	15.39
1.616	16.04	15.39
1.616	16.04	15.39
1.616	16.04	15.39
1.616	16.05	15.39
1.616	16.05	15.39
1.615	16.06	15.39
1.615	16.06	15.39
1.615	16.06	15.39
1.615	16.06	15.39
1.614	16.06	15.39
1.614	16.06	15.39
1.614	16.07	15.39
1.613	16.08	15.39
1.613	16.08	15.39
1.612	16.08	15.39
1.612	16.08	15.39
1.612	16.08	15.39
1.611	16.09	15.39
1.611	16.10	15.39
1.610	16.10	15.39
1.609	16.10	15.39
1.609	16.12	15.39
1.608	16.12	15.39
1.607	16.12	15.39
1.607	16.14	15.39
1.606	16.14	15.39
1.605	16.15	15.39
1.605	16.16	15.39
1.604	16.16	15.39
1.604	16.16	15.39
1.604	16.17	15.39
1.603	16.18	15.39
1.602	16.18	15.39
1.602	16.19	15.39
1.601	16.20	15.39
1.601	16.20	15.39
1.601	16.20	15.39
1.600	16.20	15.39
1.600	16.21	15.39
1.600	16.21	15.39
1.599	16.22	15.39
1.599	16.22	15.39
1.598	16.23	15.39
1.598	16.23	15.39
1.597	16.23	15.39
1.597	16.24	15.39
1.596	16.25	15.39
1.596	16.25	15.39
1.596	16.25	15.39
1.595	16.26	15.39
1.594	16.27	15.39
1.594	16.27	15.39
1.593	16.28	15.39
1.593	16.28	15.39
1.593	16.29	15.39
1.592	16.29	15.39
1.591	16.29	15.39
1.591	16.29	15.39
1.591	16.30	15.39
1.590	16.30	15.39
1.590	16.31	15.39
1.589	16.32	15.39
1.589	16.32	15.39
1.588	16.32	15.39
1.588	16.32	15.39
1.587	16.33	15.39
1.587	16.33	15.39
1.586	16.34	15.39
1.586	16.35	15.39
1.585	16.36	15.39
1.585	16.36	15.39
1.584	16.36	15.39
1.584	16.37	15.39
1.583	16.37	15.39
1.583	16.38	15.39
1.582	16.38	15.39
1.582	16.38	15.39
1.582	16.38	15.39
1.581	16.38	15.39
1.581	16.39	15.39
1.580	16.40	15.39
1.580	16.40	15.39
1.580	16.41	15.39
1.579	16.42	15.39
1.578	16.42	15.39
1.578	16.43	15.39
1.577	16.44	15.39
1.577	16.44	15.39
1.577	16.44	15.39
1.576	16.45	15.39
1.575	16.46	15.39
1.575	16.46	15.39
1.574	16.46	15.39
1.574	16.46	15.39
1.574	16.48	15.39
1.573	16.48	15.39
1.573	16.48	15.39
1.572	16.50	15.39
1.571	16.50	15.39
1.571	16.50	15.39
1.570	16.51	15.39
1.570	16.52	15.39
1.569	16.52	15.39
1.569	16.52	15.39
1.569	16.54	15.39
1.568	16.54	15.39
1.568	16.54	15.39
1.567	16.54	15.39
1.567	16.55	15.39
1.567	16.56	15.39
1.566	16.56	15.39
1.566	16.56	15.39
1.565	16.58	15.39
1.564	16.58	15.39
1.564	16.59	15.39
1.563	16.60	15.39
1.563	16.60	15.39
1.562	16.61	15.39
1.562	16.62	15.39
1.561	16.62	15.39
1.561	16.63	15.39
1.561	16.64	15.39
1.560	16.64	15.39
1.560	16.64	15.39
1.559	16.64	15.39
1.559	16.65	15.39
1.558	16.66	15.39
1.558	16.66	15.39
1.557	16.66	15.39
1.557	16.67	15.39
1.557	16.67	15.39
1.556	16.68	15.39
1.556	16.68	15.39
1.556	16.68	15.39
1.556	16.68	15.39
1.555	16.68	15.39
1.555	16.70	15.39
1.555	16.70	15.39
1.554	16.70	15.39
1.554	16.70	15.39
1.554	16.71	15.39
1.553	16.72	15.39
1.553	16.72	15.39
1.553	16.72	15.39
1.552	16.73	15.39
1.552	16.74	15.39
1.551	16.74	15.39
1.551	16.74	15.39
1.551	16.74	15.39
1.551	16.74	15.39
1.550	16.75	15.39
1.550	16.75	15.39
1.549	16.76	15.39
1.549	16.76	15.39
1.548	16.77	15.39
1.548	16.77	15.39
1.548	16.77	15.39
1.547	16.77	15.39
1.547	16.78	15.39
1.547	16.78	15.39
1.546	16.79	15.39
1.546	16.79	15.39
1.546	16.79	15.39
1.545	16.79	15.39
1.545	16.79	15.39
1.544	16.80	15.39
1.544	16.81	15.39
1.543	16.81	15.39
1.543	16.81	15.39
1.543	16.82	15.39
1.542	16.83	15.39
1.542	16.83	15.39
1.541	16.83	15.39
1.541	16.83	15.39
1.540	16.84	15.39
1.540	16.84	15.39
1.540	16.84	15.39
1.540	16.84	15.39
1.539	16.85	15.39
1.539	16.86	15.39
1.539	16.86	15.39
1.538	16.86	15.39
1.538	16.87	15.39
1.538	16.87	15.39
1.537	16.88	15.39
1.537	16.88	15.39
1.537	16.88	15.39
1.536	16.89	15.39
1.536	16.90	15.39
1.536	16.90	15.39
1.535	16.90	15.39
1.535	16.91	15.39
1.535	16.91	15.39
1.534	16.91	15.39
1.534	16.92	15.39
1.533	16.93	15.39
1.533	16.93	15.39
1.532	16.94	15.39
1.532	16.95	15.39
1.531	16.95	15.39
1.531	16.95	15.39
1.530	16.95	15.39
1.530	16.96	15.39
1.530	16.97	15.39
1.530	16.97	15.39
1.529	16.97	15.39
1.529	16.97	15.39
1.529	16.98	15.39
1.529	16.98	15.39
1.528	16.99	15.39
1.528	16.99	15.39
1.527	17.00	15.39
1.527	17.00	15.39
1.527	17.01	15.39
1.526	17.02	15.39
1.525	17.02	15.39
1.525	17.03	15.39
1.524	17.04	15.39
1.524	17.05	15.39
1.523	17.06	15.39
1.522	17.07	15.39
1.521	17.09	15.39
1.520	17.09	15.39
1.519	17.11	15.39
1.519	17.11	15.39
1.518	17.11	15.39
1.518	17.12	15.39
1.518	17.12	15.39
1.517	17.13	15.39
1.517	17.13	15.39
1.517	17.13	15.39
1.516	17.13	15.39
1.516	17.14	15.39
1.516	17.14	15.39
1.516	17.14	15.39
1.515	17.14	15.39
1.515	17.14	15.39
1.514	17.15	15.39
1.514	17.16	15.39
1.513	17.17	15.39
1.512	17.18	15.39
1.512	17.19	15.39
1.512	17.19	15.39
1.512	17.20	15.39
1.511	17.20	15.39
1.510	17.21	15.39
1.510	17.21	15.39
1.509	17.22	15.39
1.509	17.23	15.39
1.509	17.23	15.39
1.509	17.23	15.39
1.509	17.23	15.39
1.508	17.23	15.39
1.508	17.23	15.39
1.508	17.24	15.39
1.507	17.24	15.39
1.506	17.24	15.39
1.506	17.26	15.39
1.506	17.26	15.39
1.506	17.26	15.39
1.506	17.26	15.39
1.506	17.26	15.39
1.505	17.26	15.39
1.505	17.26	15.39
1.505	17.27	15.39
1.504	17.27	15.39
1.504	17.27	15.39
1.503	17.28	15.39
1.503	17.29	15.39
1.503	17.29	15.39
1.503	17.29	15.39
1.503	17.29	15.39
1.502	17.29	15.39
1.502	17.30	15.39
1.502	17.30	15.39
1.501	17.30	15.39
1.501	17.31	15.39
1.500	17.31	15.39
1.500	17.31	15.39
1.500	17.32	15.39
1.499	17.33	15.39
1.499	17.33	15.39
1.498	17.33	15.39
1.498	17.34	15.39
1.497	17.34	15.39
1.497	17.35	15.39
1.496	17.36	15.39
1.496	17.36	15.39
1.495	17.37	15.39
1.495	17.39	15.39
1.494	17.39	15.39
1.493	17.40	15.39
1.493	17.40	15.39
1.492	17.41	15.39
1.492	17.42	15.39
1.492	17.42	15.39
1.491	17.42	15.39
1.491	17.43	15.39
1.490	17.44	15.39
1.490	17.45	15.39
1.489	17.46	15.40
1.489	17.47	15.39
1.488	17.48	15.39
1.488	17.48	15.39
1.487	17.49	15.39
1.486	17.49	15.39
1.486	17.49	15.39
1.486	17.49	15.39
1.485	17.50	15.39
1.485	17.50	15.39
1.484	17.51	15.39
1.484	17.52	15.39
1.483	17.53	15.39
1.483	17.53	15.39
1.482	17.54	15.39
1.482	17.55	15.39
1.482	17.55	15.39
1.481	17.56	15.39
1.481	17.56	15.39
1.481	17.57	15.39
1.480	17.58	15.39
1.480	17.58	15.39
1.480	17.58	15.39
1.479	17.58	15.39
1.479	17.58	15.39
1.478	17.59	15.39
1.478	17.59	15.39
1.478	17.59	15.39
1.477	17.61	15.39
1.476	17.61	15.39
1.475	17.63	15.39
1.475	17.64	15.39
1.474	17.64	15.39
1.473	17.65	15.39
1.473	17.66	15.39
1.472	17.67	15.39
1.472	17.68	15.39
1.471	17.68	15.39
1.471	17.68	15.39
1.470	17.69	15.39
1.470	17.69	15.39
1.469	17.70	15.40
1.469	17.71	15.39
1.468	17.71	15.39
1.468	17.72	15.39
1.467	17.72	15.39
1.467	17.73	15.39
1.467	17.74	15.39
1.466	17.74	15.39
1.466	17.74	15.39
1.466	17.75	15.40
1.465	17.75	15.39
1.464	17.75	15.39
1.464	17.75	15.40
1.464	17.76	15.40
1.463	17.76	15.40
1.463	17.76	15.40
1.462	17.77	15.40
1.462	17.77	15.40
1.462	17.77	15.40
1.461	17.78	15.40
1.461	17.78	15.40
1.461	17.79	15.40
1.461	17.79	15.40
1.460	17.79	15.40
1.460	17.79	15.40
1.460	17.79	15.40
1.460	17.80	15.40
1.460	17.80	15.40
1.459	17.81	15.40
1.459	17.81	15.40
1.459	17.81	15.40
1.459	17.82	15.40
1.458	17.82	15.40
1.457	17.83	15.40
1.457	17.84	15.40
1.457	17.85	15.40
1.456	17.85	15.40
1.456	17.86	15.40
1.455	17.86	15.40
1.455	17.87	15.40
1.454	17.88	15.40
1.454	17.89	15.40
1.454	17.89	15.40
1.453	17.90	15.40
1.453	17.90	15.40
1.453	17.91	15.40
1.453	17.91	15.40
1.452	17.92	15.40
1.452	17.92	15.40
1.451	17.93	15.40
1.451	17.93	15.40
1.451	17.93	15.40
1.451	17.93	15.40
1.450	17.93	15.40
1.450	17.94	15.40
1.449	17.94	15.40
1.449	17.95	15.40
1.449	17.95	15.40
1.449	17.95	15.40
1.449	17.95	15.40
1.449	17.96	15.40
1.448	17.97	15.40
1.448	17.98	15.40
1.447	17.98	15.40
1.446	17.99	15.40
1.445	18.00	15.40
1.444	18.02	15.40
1.443	18.03	15.40
1.443	18.04	15.40
1.442	18.04	15.40
1.442	18.05	15.40
1.441	18.06	15.40
1.441	18.07	15.40
1.440	18.08	15.40
1.440	18.09	15.40
1.439	18.10	15.40
1.439	18.11	15.40
1.438	18.11	15.40
1.437	18.11	15.40
1.437	18.12	15.40
1.436	18.12	15.40
1.435	18.14	15.40
1.435	18.14	15.40
1.434	18.15	15.40
1.434	18.15	15.40
1.433	18.16	15.40
1.433	18.17	15.40
1.432	18.17	15.40
1.432	18.17	15.40
1.431	18.18	15.40
1.431	18.18	15.40
1.431	18.19	15.40
1.430	18.20	15.40
1.430	18.20	15.40
1.430	18.20	15.40
1.429	18.21	15.40
1.429	18.21	15.40
1.429	18.21	15.40
1.428	18.22	15.40
1.428	18.22	15.40
1.427	18.23	15.40
1.427	18.23	15.40
1.426	18.23	15.40
1.426	18.23	15.40
1.425	18.24	15.40
1.425	18.24	15.40
1.425	18.24	15.40
1.425	18.24	15.40
1.425	18.25	15.40
1.424	18.25	15.40
1.424	18.25	15.40
1.424	18.25	15.40
1.424	18.26	15.40
1.423	18.27	15.40
1.423	18.28	15.40
1.422	18.29	15.40
1.422	18.30	15.40
1.421	18.30	15.40
1.420	18.31	15.40
1.420	18.32	15.40
1.419	18.32	15.40
1.419	18.33	15.40
1.418	18.34	15.40
1.418	18.35	15.40
1.417	18.36	15.40
1.416	18.38	15.40
1.415	18.39	15.40
1.414	18.40	15.40
1.413	18.40	15.40
1.413	18.41	15.40
1.412	18.42	15.40
1.412	18.43	15.40
1.411	18.44	15.40
1.410	18.45	15.40
1.409	18.46	15.40
1.409	18.47	15.40
1.408	18.48	15.40
1.407	18.50	15.40
1.407	18.51	15.40
1.406	18.52	15.40
1.405	18.53	15.40
1.405	18.54	15.40
1.404	18.54	15.40
1.403	18.55	15.40
1.403	18.57	15.40
1.402	18.58	15.40
1.401	18.59	15.40
1.400	18.60	15.40
1.399	18.61	15.40
1.399	18.62	15.40
1.398	18.63	15.40
1.397	18.63	15.40
1.396	18.64	15.40
1.395	18.65	15.40
1.395	18.65	15.40
1.394	18.65	15.40
1.394	18.66	15.40
1.394	18.66	15.40
1.393	18.66	15.40
1.393	18.66	15.40
1.393	18.67	15.40
1.392	18.67	15.40
1.392	18.67	15.40
1.392	18.68	15.40
1.391	18.68	15.40
1.391	18.69	15.40
1.391	18.69	15.40
1.391	18.69	15.40
1.391	18.70	15.40
1.390	18.70	15.40
1.390	18.70	15.40
1.390	18.70	15.40
1.389	18.71	15.40
1.389	18.71	15.40
1.389	18.72	15.40
1.388	18.72	15.40
1.388	18.73	15.40
1.388	18.73	15.40
1.387	18.74	15.40
1.387	18.74	15.40
1.386	18.75	15.40
1.386	18.76	15.40
1.386	18.76	15.40
1.385	18.77	15.40
1.385	18.77	15.40
1.385	18.77	15.40
1.385	18.77	15.40
1.385	18.78	15.40
1.384	18.79	15.40
1.384	18.80	15.40
1.384	18.81	15.40
1.383	18.81	15.40
1.383	18.82	15.40
1.383	18.82	15.40
1.382	18.83	15.40
1.382	18.83	15.40
1.381	18.83	15.40
1.380	18.84	15.40
1.380	18.85	15.40
1.379	18.86	15.40
1.378	18.88	15.40
1.377	18.92	15.40
1.377	18.96	15.40
1.376	18.97	15.40
1.376	18.96	15.40
1.376	18.96	15.40
1.375	18.93	15.40
1.375	18.94	15.40
1.375	18.94	15.40
1.375	18.94	15.40
1.375	18.95	15.40
1.374	18.97	15.40
1.374	18.99	15.40
1.374	19.00	15.40
1.373	19.02	15.40
1.373	19.02	15.40
1.373	19.03	15.40
1.372	19.03	15.40
1.372	19.04	15.40
1.372	19.03	15.40
1.371	19.03	15.40
1.371	19.04	15.40
1.370	19.04	15.40
1.370	19.04	15.40
1.370	19.04	15.40
1.369	19.05	15.40
1.369	19.05	15.40
1.369	19.06	15.40
1.368	19.06	15.40
1.368	19.06	15.40
1.368	19.08	15.40
1.368	19.06	15.40
1.367	19.06	15.40
1.367	19.06	15.40
1.367	19.06	15.40
1.366	19.06	15.40
1.366	19.08	15.40
1.366	19.09	15.40
1.365	19.10	15.40
1.365	19.11	15.40
1.365	19.13	15.40
1.364	19.17	15.40
1.364	19.17	15.40
1.364	19.17	15.40
1.364	19.19	15.40
1.363	19.19	15.40
1.363	19.19	15.40
1.363	19.19	15.40
1.362	19.19	15.40
1.362	19.19	15.40
1.362	19.19	15.40
1.362	19.20	15.40
1.362	19.20	15.40
1.361	19.21	15.40
1.361	19.22	15.40
1.361	19.22	15.40
1.360	19.22	15.40
1.360	19.24	15.40
1.360	19.23	15.40
1.359	19.25	15.40
1.359	19.25	15.40
1.359	19.22	15.40
1.358	19.24	15.40
1.358	19.23	15.40
1.358	19.24	15.40
1.358	19.25	15.40
1.357	19.27	15.40
1.357	19.27	15.40
1.357	19.27	15.40
1.357	19.27	15.40
1.356	19.27	15.40
1.356	19.27	15.40
1.356	19.29	15.40
1.356	19.28	15.40
1.355	19.30	15.40
1.355	19.30	15.40
1.355	19.32	15.40
1.355	19.32	15.40
1.355	19.33	15.40
1.354	19.35	15.40
1.354	19.35	15.40
1.354	19.35	15.40
1.354	19.35	15.40
1.353	19.35	15.40
1.353	19.37	15.40
1.353	19.37	15.40
1.353	19.37	15.40
1.353	19.37	15.40
1.353	19.37	15.40
1.353	19.37	15.40
1.353	19.37	15.40
1.352	19.37	15.40
1.352	19.38	15.40
1.352	19.37	15.40
1.352	19.37	15.40
1.351	19.38	15.40
1.351	19.40	15.40
1.351	19.40	15.40
1.350	19.40	15.40
1.350	19.40	15.40
1.350	19.40	15.40
1.350	19.42	15.40
1.349	19.42	15.40
1.349	19.43	15.40
1.349	19.43	15.40
1.348	19.43	15.40
1.348	19.43	15.40
1.348	19.43	15.40
1.348	19.43	15.40
1.347	19.43	15.40
1.347	19.43	15.40
1.347	19.43	15.40
1.347	19.43	15.40
1.346	19.43	15.40
1.346	19.43	15.40
1.346	19.43	15.40
1.346	19.45	15.40
1.345	19.43	15.40
1.345	19.43	15.40
1.345	19.43	15.40
1.345	19.43	15.40
1.344	19.43	15.40
1.344	19.43	15.40
1.344	19.42	15.40
1.343	19.42	15.40
1.343	19.45	15.40
1.343	19.45	15.40
1.342	19.46	15.40
1.342	19.48	15.40
1.341	19.48	15.40
1.341	19.48	15.40
1.341	19.49	15.40
1.340	19.49	15.40
1.340	19.48	15.40
1.339	19.50	15.40
1.339	19.50	15.40
1.339	19.50	15.40
1.339	19.51	15.40
1.338	19.50	15.40
1.338	19.52	15.40
1.338	19.53	15.40
1.338	19.53	15.40
1.338	19.53	15.40
1.337	19.53	15.40
1.337	19.52	15.40
1.337	19.53	15.40
1.336	19.53	15.40
1.336	19.53	15.40
1.336	19.53	15.40
1.336	19.53	15.40
1.335	19.54	15.40
1.335	19.56	15.40
1.335	19.58	15.40
1.335	19.58	15.40
1.334	19.58	15.40
1.334	19.59	15.40
1.334	19.63	15.40
1.334	19.63	15.40
1.333	19.63	15.40
1.333	19.63	15.40
1.332	19.63	15.40
1.332	19.63	15.40
1.332	19.63	15.40
1.331	19.64	15.40
1.331	19.66	15.40
1.331	19.67	15.40
1.330	19.68	15.40
1.330	19.67	15.40
1.330	19.68	15.40
1.330	19.68	15.40
1.329	19.68	15.40
1.329	19.69	15.40
1.329	19.69	15.40
1.329	19.69	15.40
1.328	19.69	15.40
1.328	19.69	15.40
1.328	19.69	15.40
1.328	19.69	15.40
1.327	19.69	15.40
1.327	19.70	15.40
1.327	19.72	15.40
1.327	19.74	15.40
1.326	19.74	15.40
1.326	19.74	15.40
1.326	19.74	15.40
1.326	19.74	15.40
1.325	19.74	15.40
1.325	19.74	15.40
1.325	19.74	15.40
1.324	19.74	15.40
1.324	19.75	15.40
1.323	19.75	15.40
1.322	19.79	15.40
1.322	19.79	15.40
1.322	19.79	15.40
1.321	19.81	15.40
1.321	19.81	15.40
1.320	19.80	15.40
1.319	19.84	15.40
1.319	19.84	15.40
1.318	19.84	15.40
1.318	19.84	15.40
1.318	19.84	15.40
1.317	19.84	15.40
1.316	19.83	15.40
1.316	19.84	15.40
1.315	19.84	15.40
1.315	19.84	15.40
1.314	19.84	15.40
1.314	19.84	15.40
1.313	19.84	15.41
1.313	19.84	15.41
1.313	19.85	15.41
1.313	19.85	15.41
1.312	19.85	15.40
1.312	19.86	15.41
1.312	19.88	15.41
1.312	19.89	15.41
1.311	19.89	15.41
1.311	19.89	15.41
1.311	19.90	15.41
1.311	19.90	15.41
1.311	19.90	15.41
1.311	19.85	15.41
1.310	19.77	15.41
1.310	19.94	15.41
1.309	19.95	15.41
1.309	19.94	15.41
1.309	19.95	15.41
1.308	19.95	15.41
1.308	19.95	15.41
1.307	19.95	15.41
1.307	19.95	15.41
1.306	19.95	15.41
1.306	19.95	15.41
1.306	19.95	15.41
1.306	19.95	15.41
1.306	19.95	15.41
1.306	19.96	15.41
1.305	19.97	15.41
1.305	20.00	15.41
1.305	20.00	15.41
1.305	20.00	15.41
1.304	20.00	15.41
1.304	20.00	15.41
1.303	20.01	15.41
1.303	20.02	15.41
1.303	20.05	15.41
1.303	20.07	15.41
1.302	20.07	15.41
1.302	20.07	15.41
1.302	20.07	15.41
1.302	20.07	15.41
1.301	20.07	15.41
1.301	20.07	15.41
1.301	20.07	15.41
1.301	20.07	15.41
1.301	20.07	15.41
1.300	20.07	15.41
1.300	20.07	15.41
1.300	20.07	15.41
1.300	20.07	15.41
1.300	20.07	15.41
1.300	20.07	15.41
1.299	20.07	15.41
1.299	20.07	15.41
1.299	20.07	15.41
1.299	20.07	15.41
1.299	20.07	15.41
1.299	20.07	15.41
1.299	20.07	15.41
1.299	20.08	15.41
1.298	20.08	15.41
1.298	20.08	15.41
1.298	20.08	15.41
1.298	20.07	15.41
1.298	20.07	15.41
1.298	20.08	15.41
1.297	20.08	15.41
1.297	20.12	15.41
1.297	20.13	15.41
1.297	20.14	15.41
1.297	20.14	15.41
1.297	20.14	15.41
1.297	20.14	15.41
1.297	20.14	15.41
1.296	20.14	15.41
1.296	20.14	15.41
1.296	20.14	15.41
1.296	20.14	15.41
1.296	20.14	15.41
1.296	20.14	15.41
1.295	20.14	15.41
1.295	20.14	15.41
1.295	20.14	15.41
1.295	20.14	15.41
1.295	20.14	15.41
1.295	20.16	15.41
1.295	20.16	15.41
1.294	20.18	15.41
1.294	20.20	15.41
1.294	20.21	15.41
1.294	20.21	15.41
1.294	20.21	15.41
1.294	20.21	15.41
1.294	20.21	15.41
1.293	20.21	15.41
1.293	20.21	15.41
1.293	20.21	15.41
1.293	20.21	15.41
1.292	20.21	15.41
1.292	20.21	15.41
1.292	20.21	15.41
1.292	20.21	15.41
1.291	20.21	15.41
1.291	20.21	15.41
1.291	20.21	15.41
1.291	20.21	15.41
1.291	20.21	15.41
1.291	20.21	15.41
1.290	20.21	15.41
1.290	20.21	15.41
1.289	20.21	15.41
1.289	20.21	15.41
1.289	20.22	15.41
1.288	20.27	15.41
1.288	20.28	15.41
1.288	20.28	15.41
1.288	20.28	15.41
1.288	20.28	15.41
1.287	20.28	15.41
1.287	20.28	15.41
1.287	20.28	15.41
1.287	20.28	15.41
1.287	20.28	15.41
1.286	20.28	15.41
1.286	20.29	15.41
1.286	20.32	15.41
1.285	20.31	15.41
1.285	20.30	15.41
1.285	20.30	15.41
1.285	20.30	15.41
1.284	20.32	15.41
1.284	20.28	15.41
1.284	20.32	15.41
1.284	20.31	15.41
1.284	20.32	15.41
1.283	20.32	15.41
1.283	20.32	15.41
1.283	20.30	15.41
1.283	20.31	15.41
1.283	20.29	15.41
1.283	20.35	15.41
1.282	20.35	15.41
1.282	20.35	15.41
1.281	20.35	15.41
1.281	20.35	15.41
1.281	20.35	15.41
1.281	20.36	15.41
1.280	20.37	15.41
1.280	20.41	15.41
1.280	20.42	15.41
1.279	20.42	15.41
1.279	20.42	15.41
1.279	20.42	15.41
1.279	20.42	15.41
1.279	20.42	15.41
1.278	20.42	15.41
1.278	20.42	15.41
1.278	20.42	15.41
1.278	20.42	15.41
1.278	20.42	15.41
1.278	20.44	15.41
1.278	20.43	15.41
1.278	20.46	15.41
1.278	20.48	15.41
1.277	20.48	15.41
1.277	20.48	15.41
1.277	20.49	15.41
1.277	20.49	15.41
1.277	20.49	15.41
1.276	20.49	15.41
1.276	20.49	15.41
1.276	20.49	15.41
1.276	20.49	15.41
1.276	20.49	15.41
1.275	20.49	15.41
1.275	20.50	15.41
1.275	20.49	15.41
1.275	20.49	15.41
1.275	20.49	15.41
1.274	20.50	15.41
1.274	20.50	15.41
1.274	20.52	15.41
1.274	20.52	15.41
1.273	20.55	15.41
1.273	20.55	15.41
1.273	20.55	15.41
1.273	20.53	15.41
1.273	20.52	15.41
1.273	20.54	15.41
1.272	20.55	15.41
1.272	20.55	15.41
1.272	20.55	15.41
1.272	20.55	15.41
1.272	20.55	15.41
1.271	20.55	15.41
1.271	20.55	15.41
1.271	20.55	15.41
1.271	20.55	15.41
1.270	20.56	15.41
1.270	20.56	15.41
1.270	20.59	15.41
1.269	20.61	15.41
1.269	20.61	15.41
1.269	20.61	15.41
1.268	20.61	15.41
1.268	20.61	15.41
1.268	20.61	15.41
1.268	20.61	15.41
1.268	20.61	15.41
1.267	20.62	15.41
1.267	20.62	15.41
1.267	20.67	15.41
1.267	20.68	15.41
1.266	20.68	15.41
1.266	20.68	15.41
1.266	20.68	15.41
1.266	20.68	15.41
1.265	20.68	15.41
1.265	20.68	15.41
1.265	20.68	15.41
1.265	20.68	15.41
1.265	20.68	15.41
1.265	20.68	15.41
1.265	20.68	15.41
1.264	20.68	15.41
1.264	20.68	15.41
1.264	20.68	15.41
1.264	20.68	15.41
1.264	20.68	15.41
1.264	20.68	15.41
1.264	20.68	15.41
1.263	20.68	15.41
1.263	20.68	15.41
1.263	20.68	15.41
1.263	20.68	15.41
1.262	20.68	15.41
1.262	20.71	15.41
1.262	20.74	15.41
1.261	20.73	15.41
1.261	20.74	15.41
1.260	20.74	15.41
1.260	20.74	15.41
1.260	20.74	15.41
1.259	20.74	15.41
1.259	20.74	15.41
1.258	20.74	15.41
1.258	20.79	15.41
1.258	20.80	15.41
1.258	20.80	15.41
1.257	20.80	15.41
1.257	20.80	15.41
1.257	20.80	15.41
1.257	20.80	15.41
1.257	20.80	15.41
1.257	20.80	15.41
1.256	20.80	15.41
1.256	20.80	15.41
1.256	20.80	15.41
1.256	20.81	15.41
1.256	20.80	15.41
1.255	20.81	15.41
1.255	20.81	15.41
1.255	20.82	15.41
1.255	20.85	15.41
1.254	20.87	15.41
1.254	20.87	15.41
1.254	20.87	15.41
1.254	20.87	15.41
1.253	20.87	15.41
1.253	20.87	15.41
1.253	20.87	15.41
1.253	20.87	15.41
1.252	20.87	15.41
1.252	20.87	15.41
1.252	20.87	15.41
1.252	20.88	15.41
1.251	20.92	15.41
1.251	20.93	15.41
1.251	20.93	15.41
1.250	20.93	15.41
1.250	20.93	15.41
1.250	20.93	15.41
1.249	20.93	15.41
1.249	20.93	15.41
1.249	20.95	15.41
1.249	20.96	15.41
1.248	20.99	15.41
1.248	20.99	15.41
1.248	20.99	15.41
1.248	20.99	15.41
1.248	20.99	15.41
1.248	20.99	15.41
1.248	20.99	15.41
1.247	20.99	15.41
1.247	20.99	15.41
1.247	20.99	15.41
1.247	20.99	15.41
1.247	21.00	15.41
1.246	21.01	15.41
1.246	21.04	15.41
1.246	21.05	15.41
1.246	21.04	15.41
1.246	21.04	15.41
1.245	21.05	15.41
1.245	21.04	15.41
1.245	21.03	15.41
1.245	21.05	15.41
1.245	21.05	15.41
1.244	21.05	15.41
1.244	21.05	15.41
1.244	21.05	15.41
1.243	21.05	15.41
1.243	21.05	15.41
1.243	21.05	15.41
1.243	21.05	15.41
1.243	21.05	15.41
1.243	21.05	15.41
1.242	21.05	15.41
1.242	21.06	15.41
1.242	21.06	15.41
1.242	21.06	15.41
1.242	21.08	15.41
1.242	21.11	15.41
1.242	21.11	15.41
1.241	21.11	15.41
1.241	21.11	15.41
1.241	21.11	15.41
1.240	21.11	15.41
1.240	21.12	15.41
1.240	21.12	15.41
1.240	21.11	15.41
1.240	21.11	15.41
1.240	21.12	15.41
1.239	21.13	15.41
1.239	21.14	15.41
1.239	21.13	15.41
1.239	21.14	15.41
1.239	21.16	15.41
1.238	21.17	15.41
1.238	21.17	15.41
1.238	21.17	15.41
1.238	21.17	15.41
1.238	21.17	15.41
1.237	21.17	15.41
1.237	21.17	15.41
1.237	21.17	15.41
1.237	21.17	15.41
1.236	21.17	15.41
1.236	21.17	15.41
1.236	21.17	15.41
1.236	21.17	15.41
1.235	21.17	15.41
1.235	21.17	15.41
1.235	21.17	15.41
1.235	21.18	15.41
1.235	21.23	15.41
1.234	21.23	15.41
1.234	21.23	15.41
1.233	21.23	15.41
1.233	21.23	15.41
1.233	21.22	15.41
1.232	21.23	15.41
1.232	21.23	15.41
1.231	21.23	15.41
1.230	21.23	15.41
1.230	21.23	15.41
1.230	21.23	15.41
1.229	21.23	15.41
1.229	21.23	15.41
1.229	21.23	15.41
1.228	21.24	15.41
1.228	21.29	15.41
1.228	21.29	15.41
1.227	21.29	15.41
1.227	21.30	15.41
1.227	21.29	15.41
1.227	21.29	15.41
1.226	21.32	15.41
1.226	21.33	15.41
1.226	21.30	15.41
1.225	21.30	15.41
1.225	21.35	15.41
1.225	21.35	15.41
1.224	21.35	15.41
1.224	21.35	15.41
1.223	21.37	15.41
1.223	21.39	15.41
1.222	21.39	15.41
1.222	21.41	15.41
1.222	21.41	15.41
1.221	21.41	15.41
1.221	21.41	15.41
1.221	21.41	15.41
1.221	21.42	15.41
1.221	21.41	15.41
1.220	21.41	15.41
1.220	21.42	15.41
1.220	21.47	15.41
1.219	21.45	15.41
1.219	21.43	15.41
1.219	21.46	15.41
1.219	21.45	15.41
1.219	21.47	15.41
1.218	21.47	15.41
1.218	21.47	15.41
1.218	21.47	15.41
1.217	21.47	15.41
1.217	21.49	15.41
1.217	21.52	15.41
1.216	21.54	15.41
1.216	21.54	15.41
1.216	21.54	15.41
1.215	21.54	15.41
1.215	21.54	15.41
1.214	21.55	15.41
1.214	21.58	15.41
1.214	21.58	15.41
1.213	21.55	15.41
1.213	21.60	15.41
1.212	21.60	15.41
1.212	21.60	15.41
1.212	21.60	15.41
1.211	21.60	15.41
1.211	21.60	15.41
1.210	21.61	15.41
1.210	21.61	15.41
1.209	21.63	15.41
1.209	21.67	15.41
1.208	21.67	15.41
1.207	21.66	15.41
1.206	21.62	15.41
1.204	21.67	15.41
1.204	21.72	15.41
1.203	21.70	15.41
1.202	21.67	15.41
1.202	21.73	15.41
1.201	21.73	15.41
1.201	21.74	15.41
1.201	21.75	15.41
1.201	21.80	15.41
1.200	21.80	15.41
1.200	21.80	15.41
1.200	21.80	15.41
1.200	21.80	15.41
1.199	21.80	15.41
1.199	21.84	15.41
1.199	21.86	15.41
1.198	21.86	15.41
1.198	21.86	15.41
1.198	21.86	15.41
1.198	21.86	15.41
1.198	21.86	15.41
1.197	21.86	15.41
1.197	21.87	15.41
1.197	21.89	15.41
1.197	21.92	15.41
1.196	21.93	15.41
1.196	21.93	15.41
1.196	21.93	15.41
1.196	21.93	15.41
1.196	21.93	15.41
1.196	21.93	15.41
1.195	21.93	15.41
1.195	21.93	15.41
1.195	21.93	15.41
1.195	21.93	15.41
1.195	21.93	15.41
1.194	21.93	15.41
1.194	21.93	15.41
1.194	21.93	15.41
1.194	21.95	15.41
1.193	21.98	15.41
1.193	21.94	15.41
1.193	22.00	15.41
1.192	22.00	15.41
1.192	22.00	15.41
1.191	22.00	15.41
1.191	22.00	15.41
1.191	22.00	15.41
1.191	22.00	15.41
1.191	22.00	15.41
1.191	22.01	15.41
1.190	22.02	15.41
1.190	22.05	15.41
1.190	22.06	15.41
1.190	22.06	15.41
1.190	22.06	15.41
1.190	22.06	15.41
1.190	22.06	15.41
1.190	22.06	15.41
1.189	22.06	15.41
1.189	22.06	15.41
1.189	22.06	15.41
1.189	22.06	15.41
1.189	22.07	15.41
1.189	22.06	15.41
1.189	22.06	15.41
1.189	22.06	15.41
1.189	22.07	15.41
1.188	22.08	15.41
1.188	22.08	15.41
1.188	22.11	15.41
1.188	22.13	15.41
1.187	22.12	15.41
1.187	22.13	15.42
1.187	22.13	15.41
1.187	22.13	15.42
1.186	22.13	15.41
1.186	22.13	15.42
1.186	22.13	15.42
1.185	22.13	15.42
1.185	22.13	15.42
1.184	22.13	15.42
1.184	22.13	15.42
1.184	22.15	15.42
1.184	22.18	15.42
1.184	22.19	15.42
1.183	22.19	15.42
1.183	22.19	15.42
1.183	22.19	15.42
1.183	22.19	15.42
1.183	22.19	15.42
1.182	22.19	15.42
1.182	22.19	15.42
1.182	22.19	15.42
1.182	22.19	15.42
1.181	22.19	15.42
1.181	22.19	15.42
1.181	22.19	15.42
1.180	22.20	15.42
1.180	22.19	15.42
1.180	22.19	15.42
1.180	22.19	15.42
1.179	22.19	15.42
1.179	22.25	15.42
1.179	22.26	15.42
1.178	22.26	15.42
1.178	22.26	15.42
1.178	22.26	15.42
1.178	22.26	15.42
1.177	22.29	15.42
1.177	22.30	15.42
1.177	22.32	15.42
1.176	22.32	15.42
1.176	22.32	15.42
1.176	22.32	15.42
1.175	22.32	15.42
1.175	22.32	15.42
1.175	22.32	15.42
1.175	22.32	15.42
1.175	22.32	15.42
1.174	22.33	15.42
1.174	22.36	15.42
1.174	22.35	15.42
1.174	22.37	15.42
1.173	22.38	15.42
1.173	22.38	15.42
1.173	22.38	15.42
1.173	22.38	15.42
1.173	22.38	15.42
1.172	22.42	15.42
1.172	22.44	15.42
1.171	22.44	15.42
1.171	22.44	15.42
1.171	22.41	15.42
1.171	22.40	15.42
1.171	22.44	15.42
1.170	22.44	15.42
1.170	22.44	15.42
1.170	22.44	15.42
1.170	22.44	15.42
1.170	22.44	15.42
1.170	22.44	15.42
1.169	22.44	15.42
1.169	22.44	15.42
1.169	22.45	15.42
1.169	22.47	15.42
1.168	22.49	15.42
1.168	22.50	15.42
1.168	22.50	15.42
1.168	22.50	15.42
1.168	22.50	15.42
1.168	22.50	15.42
1.168	22.50	15.42
1.167	22.50	15.42
1.167	22.50	15.42
1.167	22.50	15.42
1.167	22.50	15.42
1.167	22.50	15.42
1.167	22.50	15.42
1.166	22.51	15.42
1.166	22.54	15.42
1.166	22.55	15.42
1.166	22.55	15.42
1.165	22.56	15.42
1.165	22.56	15.42
1.165	22.56	15.42
1.165	22.56	15.42
1.165	22.56	15.42
1.165	22.56	15.42
1.164	22.56	15.42
1.164	22.56	15.42
1.164	22.56	15.42
1.164	22.56	15.42
1.164	22.57	15.42
1.164	22.59	15.42
1.164	22.61	15.42
1.164	22.61	15.42
1.164	22.62	15.42
1.164	22.61	15.42
1.164	22.62	15.42
1.163	22.62	15.42
1.163	22.60	15.42
1.163	22.56	15.42
1.163	22.56	15.42
1.162	22.56	15.42
1.162	22.59	15.42
1.162	22.62	15.42
1.161	22.62	15.42
1.161	22.62	15.42
1.161	22.62	15.42
1.161	22.62	15.42
1.160	22.62	15.42
1.160	22.62	15.42
1.160	22.61	15.42
1.160	22.62	15.42
1.160	22.62	15.42
1.159	22.63	15.42
1.159	22.64	15.42
1.159	22.63	15.42
1.159	22.64	15.42
1.158	22.66	15.42
1.158	22.67	15.42
1.158	22.68	15.42
1.158	22.68	15.42
1.157	22.68	15.42
1.157	22.68	15.42
1.157	22.68	15.42
1.157	22.68	15.42
1.157	22.68	15.42
1.157	22.68	15.42
1.156	22.68	15.42
1.156	22.68	15.42
1.156	22.68	15.42
1.156	22.68	15.42
1.156	22.68	15.42
1.155	22.73	15.42
1.155	22.72	15.42
1.155	22.74	15.42
1.155	22.74	15.42
1.155	22.74	15.42
1.155	22.74	15.42
1.154	22.74	15.42
1.154	22.74	15.42
1.154	22.74	15.42
1.153	22.74	15.42
1.153	22.74	15.42
1.152	22.78	15.42
1.152	22.80	15.42
1.152	22.80	15.42
1.151	22.80	15.42
1.150	22.82	15.42
1.150	22.85	15.42
1.149	22.86	15.42
1.149	22.86	15.42
1.149	22.86	15.42
1.148	22.86	15.42
1.148	22.86	15.42
1.148	22.87	15.42
1.148	22.86	15.42
1.148	22.86	15.42
1.147	22.86	15.42
1.147	22.91	15.42
1.147	22.91	15.42
1.147	22.91	15.42
1.146	22.91	15.42
1.146	22.91	15.42
1.146	22.91	15.42
1.145	22.91	15.42
1.145	22.91	15.42
1.145	22.92	15.42
1.145	22.95	15.42
1.144	22.95	15.42
1.144	22.97	15.42
1.144	22.97	15.42
1.144	22.97	15.42
1.143	22.97	15.42
1.143	22.97	15.42
1.143	22.98	15.42
1.143	23.03	15.42
1.143	23.03	15.42
1.142	23.03	15.42
1.142	23.03	15.42
1.142	23.03	15.42
1.142	23.03	15.42
1.142	23.03	15.42
1.142	23.03	15.42
1.142	23.04	15.42
1.141	23.04	15.42
1.141	23.04	15.42
1.141	23.03	15.42
1.141	23.03	15.42
1.140	23.06	15.42
1.140	23.04	15.42
1.140	23.08	15.42
1.140	23.09	15.42
1.140	23.09	15.42
1.140	23.09	15.42
1.139	23.09	15.42
1.139	23.09	15.42
1.139	23.09	15.42
1.139	23.09	15.42
1.139	23.09	15.42
1.139	23.09	15.42
1.139	23.09	15.42
1.139	23.09	15.42
1.139	23.09	15.42
1.138	23.09	15.42
1.138	23.09	15.42
1.138	23.09	15.42
1.138	23.13	15.42
1.137	23.10	15.42
1.137	23.11	15.42
1.137	23.10	15.42
1.136	23.10	15.42
1.136	23.14	15.42
1.135	23.13	15.42
1.135	23.14	15.42
1.135	23.14	15.42
1.135	23.14	15.42
1.135	23.14	15.42
1.134	23.14	15.42
1.134	23.15	15.42
1.134	23.16	15.42
1.134	23.15	15.42
1.134	23.14	15.42
1.134	23.15	15.42
1.134	23.16	15.42
1.134	23.17	15.42
1.134	23.19	15.42
1.134	23.20	15.42
1.134	23.18	15.42
1.134	23.18	15.42
1.134	23.20	15.42
1.133	23.18	15.42
1.133	23.20	15.42
1.132	23.20	15.42
1.131	23.20	15.42
1.131	23.21	15.42
1.130	23.22	15.42
1.129	23.25	15.42
1.129	23.26	15.42
1.129	23.30	15.42
1.128	23.35	15.42
1.128	23.35	15.42
1.128	23.35	15.42
1.128	23.35	15.42
1.128	23.35	15.42
1.127	23.35	15.42
1.127	23.35	15.42
1.127	23.35	15.42
1.127	23.35	15.42
1.127	23.36	15.42
1.127	23.38	15.42
1.127	23.38	15.42
1.126	23.42	15.42
1.126	23.43	15.42
1.126	23.41	15.42
1.126	23.35	15.42
1.126	23.35	15.42
1.126	23.35	15.42
1.125	23.44	15.42
1.125	23.44	15.42
1.124	23.44	15.42
1.124	23.44	15.42
1.124	23.44	15.42
1.124	23.44	15.42
1.123	23.44	15.42
1.123	23.44	15.42
1.123	23.45	15.42
1.122	23.44	15.42
1.122	23.44	15.42
1.122	23.51	15.42
1.121	23.53	15.42
1.121	23.50	15.42
1.121	23.54	15.42
1.121	23.54	15.42
1.121	23.54	15.42
1.120	23.62	15.42
1.120	23.54	15.42
1.120	23.54	15.42
1.120	23.54	15.42
1.119	23.54	15.42
1.119	23.54	15.42
1.119	23.60	15.42
1.118	23.60	15.42
1.118	23.57	15.42
1.118	23.54	15.42
1.117	23.60	15.42
1.117	23.56	15.42
1.116	23.54	15.42
1.116	23.54	15.42
1.115	23.55	15.42
1.114	23.54	15.42
1.114	23.54	15.42
1.114	23.59	15.42
1.113	23.60	15.42
1.113	23.63	15.42
1.113	23.64	15.42
1.113	23.63	15.42
1.113	23.54	15.42
1.113	23.54	15.42
1.113	23.56	15.42
1.113	23.57	15.42
1.112	23.55	15.42
1.112	23.54	15.42
1.112	23.54	15.42
1.112	23.54	15.42
1.112	23.54	15.42
1.112	23.54	15.42
1.111	23.54	15.42
1.111	23.63	15.42
1.111	23.64	15.42
1.111	23.64	15.42
1.110	23.64	15.42
1.109	23.64	15.42
1.109	23.64	15.42
1.108	23.64	15.42
1.108	23.64	15.42
1.108	23.64	15.42
1.108	23.64	15.42
1.107	23.64	15.42
1.107	23.64	15.42
1.107	23.64	15.42
1.107	23.64	15.42
1.106	23.68	15.42
1.106	23.71	15.42
1.106	23.72	15.42
1.106	23.73	15.42
1.106	23.73	15.42
1.106	23.73	15.42
1.105	23.73	15.42
1.105	23.73	15.42
1.105	23.73	15.42
1.105	23.73	15.42
1.105	23.73	15.42
1.105	23.73	15.42
1.105	23.73	15.42
1.104	23.73	15.43
1.104	23.73	15.42
1.104	23.73	15.43
1.104	23.73	15.43
1.104	23.73	15.43
1.103	23.73	15.43
1.103	23.73	15.43
1.103	23.73	15.43
1.103	23.73	15.42
1.103	23.73	15.43
1.103	23.73	15.42
1.103	23.73	15.42
1.103	23.73	15.43
1.103	23.73	15.43
1.102	23.73	15.43
1.102	23.73	15.43
1.102	23.73	15.43
1.102	23.73	15.43
1.102	23.73	15.43
1.102	23.73	15.43
1.102	23.73	15.43
1.102	23.73	15.43
1.101	23.73	15.43
1.101	23.73	15.43
1.101	23.73	15.43
1.101	23.73	15.43
1.101	23.73	15.43
1.101	23.73	15.43
1.100	23.73	15.43
1.100	23.73	15.43
1.100	23.73	15.43
1.099	23.73	15.43
1.099	23.73	15.43
1.099	23.73	15.43
1.099	23.73	15.43
1.098	23.73	15.43
1.098	23.73	15.43
1.098	23.73	15.43
1.098	23.73	15.43
1.098	23.73	15.43
1.098	23.73	15.43
1.098	23.73	15.43
1.097	23.73	15.43
1.097	23.73	15.43
1.097	23.73	15.43
1.097	23.73	15.43
1.097	23.73	15.43
1.096	23.73	15.43
1.096	23.73	15.43
1.096	23.73	15.43
1.095	23.73	15.43
1.095	23.73	15.43
1.095	23.73	15.43
1.095	23.73	15.43
1.095	23.73	15.43
1.095	23.73	15.43
1.095	23.73	15.43
1.094	23.73	15.43
1.094	23.73	15.43
1.094	23.73	15.43
1.094	23.73	15.43
1.094	23.73	15.43
1.093	23.73	15.43
1.093	23.73	15.43
1.093	23.73	15.43
1.093	23.73	15.43
1.093	23.73	15.43
1.093	23.73	15.43
1.092	23.73	15.43
1.092	23.73	15.43
1.092	23.73	15.43
1.092	23.73	15.43
1.092	23.73	15.43
1.092	23.73	15.43
1.092	23.73	15.43
1.092	23.73	15.43
1.092	23.73	15.43
1.091	23.73	15.43
1.091	23.73	15.43
1.091	23.73	15.43
1.091	23.73	15.43
1.091	23.73	15.43
1.090	23.73	15.43
1.091	23.73	15.43
1.090	23.73	15.43
1.090	23.73	15.43
1.090	23.73	15.43
1.090	23.73	15.43
1.090	23.73	15.43
1.090	23.73	15.43
1.090	23.73	15.43
1.090	23.73	15.43
1.090	23.73	15.43
1.090	23.73	15.43
1.090	23.73	15.43
1.090	23.73	15.43
1.090	23.73	15.43
1.090	23.66	15.43
1.090	23.73	15.43
1.090	23.73	15.43
1.090	23.73	15.43
1.090	23.73	15.43
1.090	23.73	15.43
1.090	23.73	15.43
1.090	23.73	15.43
1.090	23.73	15.43
1.090	23.73	15.43
1.090	23.73	15.43
1.090	23.73	15.43
1.090	23.73	15.43
1.090	23.73	15.43
1.090	23.73	15.43
1.090	23.73	15.43
1.090	23.73	15.43
1.090	23.73	15.43
1.090	23.73	15.43
1.090	23.73	15.43
1.090	23.73	15.43
1.090	23.73	15.43
1.090	23.73	15.43
1.090	23.73	15.43
1.090	23.73	15.43
1.090	23.73	15.43
1.090	23.73	15.43
1.090	23.73	15.43
1.090	23.73	15.43
1.090	23.73	15.43
1.090	23.73	15.43
1.090	23.73	15.43
1.090	23.73	15.43
1.090	23.73	15.43
1.090	23.73	15.43
1.090	23.73	15.43
1.090	23.73	15.43
1.090	23.73	15.43
1.090	23.73	15.43
1.090	23.73	15.43
1.090	23.73	15.43
1.090	23.73	15.43
1.090	23.73	15.43
1.090	23.73	15.43
