1.093	23.73	15.01
1.093	23.73	15.01
1.093	23.73	15.02
1.093	23.73	15.02
1.093	23.73	15.02
1.093	23.73	15.03
1.093	23.73	15.03
1.093	23.73	15.03
1.093	23.73	15.04
1.093	23.73	15.04
1.093	23.73	15.04
1.093	23.73	15.04
1.093	23.73	15.05
1.093	23.73	15.05
1.093	23.73	15.05
1.093	23.73	15.06
1.093	23.73	15.06
1.093	23.73	15.06
1.093	23.73	15.06
1.093	23.73	15.07
1.093	23.73	15.07
1.093	23.73	15.07
1.093	23.73	15.07
1.093	23.73	15.08
1.093	23.73	15.08
1.093	23.73	15.08
1.093	23.73	15.08
1.093	23.73	15.08
1.093	23.73	15.09
1.093	23.73	15.09
1.093	23.73	15.09
1.093	23.73	15.09
1.093	23.72	15.10
1.093	23.73	15.10
1.093	23.73	15.10
1.093	23.73	15.10
1.093	23.73	15.10
1.093	23.73	15.11
1.093	23.73	15.11
1.093	23.73	15.11
1.093	23.73	15.11
1.093	23.73	15.11
1.093	23.73	15.11
1.093	23.73	15.12
1.093	23.73	15.12
1.093	23.73	15.12
1.093	23.73	15.12
1.093	23.73	15.12
1.093	23.73	15.13
1.093	23.73	15.13
1.093	23.73	15.13
1.093	23.73	15.13
1.093	23.73	15.13
1.093	23.73	15.13
1.093	23.73	15.14
1.093	23.73	15.14
1.093	23.73	15.14
1.093	23.73	15.14
1.093	23.73	15.14
1.093	23.73	15.15
1.093	23.73	15.15
1.094	23.73	15.15
1.094	23.73	15.15
1.094	23.73	15.15
1.094	23.73	15.15
1.094	23.73	15.15
1.094	23.73	15.16
1.094	23.73	15.16
1.094	23.73	15.16
1.094	23.73	15.16
1.094	23.73	15.16
1.095	23.73	15.17
1.095	23.73	15.17
1.095	23.73	15.17
1.096	23.73	15.17
1.097	23.73	15.17
1.097	23.73	15.18
1.097	23.73	15.18
1.098	23.73	15.18
1.098	23.73	15.18
1.098	23.73	15.18
1.098	23.73	15.18
1.098	23.73	15.19
1.098	23.73	15.19
1.099	23.73	15.19
1.099	23.73	15.19
1.099	23.73	15.20
1.100	23.73	15.20
1.100	23.73	15.20
1.100	23.73	15.20
1.101	23.73	15.20
1.101	23.73	15.20
1.101	23.73	15.21
1.102	23.73	15.21
1.102	23.73	15.21
1.102	23.73	15.21
1.102	23.73	15.22
1.102	23.73	15.22
1.102	23.73	15.22
1.103	23.73	15.22
1.103	23.73	15.22
1.103	23.73	15.22
1.103	23.73	15.22
1.104	23.73	15.23
1.104	23.73	15.23
1.104	23.73	15.23
1.104	23.73	15.23
1.105	23.73	15.23
1.105	23.73	15.23
1.105	23.73	15.23
1.105	23.73	15.24
1.105	23.73	15.24
1.105	23.73	15.24
1.105	23.73	15.24
1.105	23.73	15.24
1.106	23.73	15.25
1.106	23.73	15.25
1.106	23.73	15.25
1.107	23.73	15.25
1.107	23.73	15.25
1.107	23.73	15.25
1.107	23.73	15.25
1.108	23.73	15.25
1.108	23.73	15.25
1.108	23.73	15.26
1.108	23.73	15.26
1.109	23.73	15.26
1.109	23.73	15.26
1.109	23.73	15.26
1.110	23.73	15.26
1.110	23.73	15.27
1.110	23.73	15.27
1.111	23.73	15.27
1.111	23.73	15.27
1.111	23.73	15.27
1.111	23.73	15.27
1.112	23.73	15.27
1.112	23.73	15.27
1.113	23.73	15.27
1.113	23.73	15.28
1.113	23.73	15.28
1.114	23.72	15.28
1.114	23.72	15.28
1.114	23.73	15.28
1.114	23.71	15.28
1.115	23.69	15.28
1.115	23.66	15.28
1.116	23.66	15.29
1.116	23.64	15.29
1.116	23.64	15.29
1.117	23.64	15.29
1.117	23.64	15.29
1.117	23.64	15.29
1.117	23.64	15.29
1.118	23.64	15.29
1.118	23.64	15.29
1.119	23.64	15.29
1.119	23.63	15.29
1.119	23.64	15.29
1.119	23.64	15.29
1.120	23.64	15.29
1.120	23.64	15.30
1.120	23.64	15.30
1.120	23.64	15.30
1.120	23.64	15.30
1.121	23.64	15.30
1.121	23.64	15.30
1.122	23.64	15.30
1.122	23.64	15.30
1.122	23.64	15.30
1.123	23.64	15.30
1.123	23.61	15.30
1.123	23.63	15.30
1.123	23.56	15.30
1.124	23.55	15.30
1.124	23.54	15.31
1.124	23.54	15.31
1.124	23.54	15.31
1.125	23.54	15.31
1.125	23.54	15.31
1.126	23.54	15.31
1.127	23.54	15.31
1.127	23.52	15.31
1.127	23.54	15.31
1.127	23.45	15.31
1.128	23.51	15.31
1.128	23.48	15.31
1.128	23.51	15.31
1.129	23.45	15.31
1.129	23.45	15.31
1.129	23.44	15.31
1.130	23.38	15.32
1.130	23.35	15.32
1.130	23.35	15.32
1.130	23.35	15.32
1.131	23.35	15.32
1.131	23.35	15.32
1.131	23.35	15.32
1.131	23.35	15.32
1.131	23.35	15.32
1.131	23.35	15.32
1.131	23.35	15.32
1.132	23.36	15.32
1.132	23.38	15.32
1.132	23.37	15.32
1.132	23.39	15.32
1.132	23.44	15.32
1.133	23.44	15.32
1.133	23.40	15.32
1.133	23.37	15.32
1.133	23.35	15.32
1.133	23.35	15.32
1.133	23.35	15.32
1.134	23.35	15.32
1.134	23.35	15.32
1.134	23.35	15.32
1.134	23.35	15.32
1.134	23.34	15.32
1.135	23.32	15.32
1.135	23.34	15.32
1.135	23.27	15.32
1.136	23.26	15.32
1.136	23.26	15.33
1.136	23.26	15.33
1.136	23.26	15.33
1.137	23.24	15.33
1.137	23.24	15.33
1.137	23.24	15.33
1.137	23.22	15.33
1.138	23.22	15.33
1.138	23.22	15.33
1.138	23.25	15.33
1.138	23.21	15.33
1.138	23.20	15.33
1.139	23.20	15.33
1.139	23.20	15.33
1.139	23.20	15.33
1.139	23.20	15.33
1.139	23.20	15.33
1.140	23.20	15.33
1.140	23.20	15.33
1.140	23.20	15.33
1.140	23.18	15.33
1.141	23.16	15.33
1.141	23.17	15.33
1.141	23.16	15.33
1.141	23.15	15.33
1.141	23.14	15.33
1.141	23.14	15.33
1.141	23.14	15.33
1.142	23.14	15.33
1.142	23.14	15.33
1.142	23.14	15.33
1.142	23.14	15.33
1.142	23.14	15.33
1.143	23.14	15.33
1.143	23.14	15.33
1.143	23.10	15.33
1.144	23.10	15.33
1.144	23.09	15.33
1.144	23.09	15.33
1.144	23.09	15.33
1.145	23.09	15.33
1.145	23.09	15.33
1.145	23.09	15.33
1.145	23.09	15.33
1.145	23.09	15.33
1.146	23.09	15.33
1.146	23.09	15.33
1.146	23.09	15.33
1.147	23.08	15.33
1.147	23.03	15.33
1.147	23.03	15.33
1.147	23.03	15.33
1.147	23.03	15.33
1.147	23.03	15.33
1.148	23.03	15.33
1.148	23.03	15.33
1.148	23.03	15.33
1.148	23.03	15.34
1.149	23.02	15.33
1.149	22.98	15.34
1.149	22.97	15.34
1.150	22.97	15.34
1.150	22.97	15.34
1.150	22.97	15.34
1.150	22.97	15.34
1.150	22.97	15.34
1.150	22.97	15.34
1.150	22.97	15.34
1.151	22.97	15.34
1.151	22.94	15.34
1.151	22.92	15.34
1.151	22.91	15.34
1.152	22.91	15.34
1.152	22.91	15.34
1.152	22.91	15.34
1.152	22.91	15.34
1.153	22.91	15.34
1.153	22.90	15.34
1.153	22.91	15.34
1.153	22.91	15.34
1.154	22.90	15.34
1.154	22.89	15.34
1.154	22.86	15.34
1.155	22.86	15.34
1.155	22.86	15.34
1.155	22.86	15.34
1.155	22.86	15.34
1.156	22.86	15.34
1.156	22.86	15.34
1.156	22.86	15.34
1.157	22.85	15.34
1.157	22.80	15.34
1.157	22.80	15.34
1.157	22.80	15.34
1.158	22.80	15.34
1.158	22.80	15.34
1.158	22.80	15.34
1.158	22.80	15.34
1.158	22.80	15.34
1.159	22.80	15.34
1.159	22.80	15.34
1.159	22.80	15.34
1.159	22.77	15.34
1.159	22.74	15.34
1.160	22.75	15.34
1.160	22.74	15.34
1.160	22.74	15.34
1.160	22.74	15.34
1.160	22.74	15.34
1.160	22.74	15.34
1.160	22.74	15.34
1.160	22.74	15.34
1.160	22.74	15.34
1.160	22.74	15.34
1.161	22.74	15.34
1.161	22.74	15.34
1.161	22.74	15.34
1.161	22.74	15.34
1.162	22.72	15.34
1.162	22.69	15.34
1.162	22.70	15.34
1.162	22.69	15.34
1.163	22.69	15.34
1.163	22.69	15.34
1.163	22.68	15.34
1.163	22.68	15.34
1.164	22.68	15.34
1.164	22.68	15.34
1.164	22.68	15.34
1.164	22.68	15.34
1.164	22.68	15.34
1.165	22.68	15.34
1.165	22.68	15.34
1.165	22.68	15.34
1.165	22.68	15.34
1.165	22.67	15.34
1.165	22.67	15.34
1.165	22.67	15.34
1.165	22.68	15.34
1.166	22.68	15.34
1.166	22.67	15.34
1.166	22.67	15.34
1.166	22.64	15.34
1.166	22.62	15.34
1.167	22.62	15.34
1.167	22.62	15.34
1.167	22.62	15.34
1.167	22.62	15.34
1.168	22.62	15.34
1.168	22.62	15.34
1.168	22.62	15.34
1.168	22.62	15.34
1.169	22.61	15.34
1.169	22.57	15.34
1.169	22.57	15.34
1.169	22.56	15.34
1.170	22.56	15.34
1.170	22.56	15.34
1.170	22.56	15.34
1.171	22.56	15.34
1.171	22.56	15.34
1.172	22.56	15.34
1.172	22.51	15.34
1.173	22.51	15.34
1.173	22.51	15.34
1.173	22.50	15.34
1.174	22.50	15.34
1.174	22.50	15.34
1.174	22.50	15.34
1.174	22.50	15.34
1.175	22.49	15.34
1.175	22.46	15.34
1.175	22.45	15.34
1.176	22.45	15.34
1.176	22.45	15.34
1.176	22.44	15.34
1.176	22.44	15.34
1.177	22.44	15.34
1.177	22.44	15.34
1.177	22.44	15.34
1.177	22.44	15.34
1.177	22.44	15.34
1.177	22.44	15.34
1.178	22.44	15.34
1.178	22.44	15.34
1.178	22.44	15.34
1.178	22.39	15.34
1.178	22.38	15.34
1.179	22.38	15.34
1.179	22.38	15.34
1.180	22.38	15.34
1.180	22.38	15.34
1.180	22.38	15.34
1.180	22.38	15.34
1.180	22.38	15.34
1.180	22.38	15.34
1.181	22.38	15.34
1.181	22.35	15.34
1.181	22.33	15.34
1.181	22.32	15.34
1.182	22.33	15.34
1.182	22.32	15.34
1.182	22.32	15.34
1.183	22.32	15.34
1.183	22.32	15.34
1.183	22.32	15.34
1.184	22.32	15.34
1.184	22.30	15.34
1.184	22.28	15.34
1.184	22.27	15.34
1.185	22.26	15.34
1.185	22.26	15.34
1.185	22.26	15.34
1.185	22.26	15.34
1.185	22.26	15.34
1.185	22.26	15.34
1.185	22.26	15.34
1.186	22.26	15.34
1.186	22.26	15.34
1.186	22.26	15.34
1.187	22.26	15.34
1.187	22.26	15.34
1.187	22.26	15.34
1.187	22.21	15.34
1.187	22.19	15.34
1.187	22.19	15.34
1.188	22.20	15.34
1.188	22.20	15.34
1.188	22.19	15.34
1.188	22.19	15.34
1.189	22.19	15.34
1.190	22.19	15.34
1.190	22.19	15.34
1.190	22.19	15.34
1.190	22.19	15.34
1.191	22.17	15.34
1.191	22.17	15.34
1.191	22.17	15.34
1.191	22.16	15.34
1.191	22.14	15.34
1.192	22.13	15.34
1.192	22.13	15.34
1.192	22.13	15.34
1.192	22.13	15.34
1.193	22.13	15.34
1.193	22.13	15.34
1.193	22.13	15.34
1.193	22.13	15.34
1.193	22.13	15.34
1.193	22.13	15.34
1.194	22.13	15.34
1.194	22.10	15.34
1.194	22.09	15.34
1.194	22.07	15.34
1.194	22.06	15.34
1.195	22.07	15.34
1.195	22.06	15.34
1.196	22.06	15.34
1.196	22.06	15.34
1.196	22.06	15.34
1.196	22.06	15.34
1.196	22.05	15.34
1.197	22.05	15.34
1.197	22.06	15.34
1.197	22.06	15.34
1.197	22.04	15.34
1.197	22.03	15.34
1.197	22.01	15.34
1.197	22.00	15.34
1.198	22.00	15.34
1.198	22.00	15.34
1.198	22.00	15.34
1.199	22.00	15.34
1.199	22.00	15.34
1.199	22.00	15.34
1.199	22.00	15.34
1.199	22.00	15.34
1.199	22.00	15.34
1.200	22.00	15.34
1.200	22.00	15.34
1.200	21.98	15.34
1.200	21.96	15.34
1.200	21.94	15.34
1.201	21.94	15.34
1.201	21.94	15.34
1.201	21.93	15.34
1.201	21.93	15.34
1.201	21.93	15.34
1.202	21.93	15.34
1.202	21.93	15.34
1.202	21.93	15.34
1.202	21.93	15.34
1.202	21.93	15.34
1.202	21.93	15.34
1.203	21.93	15.34
1.203	21.93	15.34
1.203	21.93	15.34
1.203	21.90	15.34
1.203	21.88	15.34
1.203	21.87	15.34
1.204	21.87	15.34
1.204	21.86	15.34
1.204	21.86	15.34
1.204	21.86	15.34
1.205	21.86	15.34
1.206	21.86	15.34
1.206	21.86	15.34
1.206	21.86	15.34
1.207	21.85	15.34
1.207	21.85	15.34
1.207	21.81	15.34
1.208	21.80	15.34
1.208	21.80	15.34
1.208	21.80	15.34
1.208	21.80	15.34
1.209	21.80	15.34
1.209	21.80	15.34
1.209	21.80	15.34
1.209	21.80	15.34
1.209	21.80	15.34
1.210	21.80	15.34
1.210	21.80	15.34
1.210	21.80	15.34
1.210	21.74	15.34
1.211	21.74	15.34
1.212	21.73	15.34
1.212	21.73	15.34
1.213	21.73	15.34
1.213	21.73	15.34
1.213	21.73	15.34
1.214	21.73	15.34
1.214	21.73	15.34
1.215	21.69	15.34
1.215	21.67	15.34
1.216	21.67	15.34
1.216	21.67	15.34
1.216	21.67	15.34
1.216	21.67	15.34
1.216	21.67	15.34
1.216	21.67	15.34
1.216	21.67	15.34
1.216	21.67	15.34
1.216	21.67	15.34
1.216	21.67	15.34
1.216	21.67	15.34
1.217	21.67	15.34
1.217	21.67	15.34
1.217	21.66	15.34
1.217	21.62	15.34
1.218	21.61	15.34
1.218	21.60	15.34
1.218	21.60	15.34
1.218	21.60	15.34
1.218	21.60	15.34
1.218	21.60	15.34
1.219	21.60	15.34
1.219	21.60	15.34
1.219	21.60	15.34
1.220	21.60	15.34
1.220	21.60	15.34
1.220	21.60	15.34
1.220	21.60	15.34
1.220	21.60	15.34
1.220	21.60	15.34
1.220	21.60	15.34
1.221	21.60	15.34
1.221	21.60	15.34
1.221	21.57	15.34
1.221	21.55	15.34
1.222	21.54	15.34
1.222	21.54	15.34
1.222	21.54	15.34
1.223	21.54	15.34
1.223	21.54	15.34
1.223	21.54	15.34
1.224	21.54	15.34
1.224	21.52	15.34
1.224	21.47	15.34
1.225	21.47	15.34
1.225	21.47	15.34
1.226	21.47	15.34
1.226	21.47	15.34
1.226	21.47	15.34
1.226	21.47	15.34
1.226	21.43	15.34
1.227	21.42	15.34
1.227	21.41	15.34
1.227	21.41	15.34
1.227	21.41	15.34
1.227	21.41	15.34
1.228	21.41	15.34
1.228	21.41	15.34
1.228	21.41	15.34
1.228	21.41	15.34
1.228	21.41	15.34
1.229	21.41	15.34
1.229	21.41	15.34
1.229	21.41	15.34
1.229	21.41	15.34
1.229	21.41	15.34
1.230	21.41	15.34
1.230	21.41	15.34
1.231	21.39	15.34
1.231	21.38	15.34
1.231	21.35	15.34
1.232	21.35	15.34
1.232	21.35	15.34
1.232	21.35	15.34
1.232	21.35	15.34
1.232	21.35	15.34
1.232	21.35	15.34
1.233	21.35	15.34
1.233	21.35	15.34
1.233	21.35	15.34
1.234	21.35	15.34
1.234	21.35	15.34
1.235	21.33	15.34
1.235	21.29	15.34
1.236	21.29	15.34
1.236	21.29	15.34
1.237	21.29	15.34
1.237	21.29	15.34
1.237	21.29	15.34
1.237	21.29	15.34
1.237	21.29	15.34
1.238	21.29	15.34
1.238	21.29	15.34
1.238	21.29	15.34
1.238	21.29	15.34
1.238	21.29	15.34
1.239	21.27	15.34
1.239	21.25	15.34
1.239	21.26	15.34
1.239	21.25	15.34
1.239	21.24	15.34
1.239	21.23	15.34
1.239	21.23	15.34
1.239	21.23	15.34
1.240	21.23	15.34
1.240	21.23	15.34
1.240	21.23	15.34
1.241	21.23	15.34
1.241	21.23	15.34
1.241	21.23	15.34
1.242	21.23	15.34
1.242	21.20	15.34
1.242	21.17	15.34
1.242	21.17	15.34
1.242	21.17	15.34
1.242	21.17	15.34
1.243	21.17	15.34
1.243	21.17	15.34
1.244	21.17	15.34
1.244	21.17	15.34
1.245	21.17	15.34
1.245	21.17	15.34
1.246	21.17	15.34
1.247	21.17	15.34
1.247	21.17	15.34
1.247	21.17	15.34
1.248	21.12	15.34
1.248	21.11	15.34
1.248	21.11	15.34
1.249	21.11	15.34
1.250	21.07	15.34
1.250	21.06	15.34
1.251	21.05	15.34
1.251	21.05	15.34
1.252	21.05	15.34
1.252	21.04	15.34
1.253	21.04	15.34
1.253	21.01	15.34
1.254	21.01	15.34
1.254	20.99	15.34
1.255	20.99	15.34
1.256	20.99	15.34
1.256	20.99	15.34
1.256	20.99	15.34
1.256	20.99	15.34
1.256	20.99	15.34
1.256	20.99	15.34
1.256	20.96	15.34
1.257	20.94	15.34
1.257	20.94	15.34
1.258	20.93	15.34
1.258	20.93	15.34
1.259	20.93	15.34
1.259	20.93	15.34
1.259	20.93	15.34
1.259	20.93	15.34
1.259	20.92	15.34
1.260	20.89	15.34
1.260	20.88	15.34
1.261	20.87	15.34
1.262	20.87	15.34
1.262	20.87	15.34
1.263	20.86	15.34
1.263	20.86	15.34
1.264	20.84	15.34
1.264	20.81	15.34
1.265	20.80	15.34
1.266	20.80	15.34
1.266	20.80	15.34
1.267	20.76	15.34
1.267	20.76	15.34
1.268	20.76	15.34
1.268	20.74	15.34
1.269	20.74	15.34
1.269	20.74	15.34
1.269	20.74	15.34
1.269	20.74	15.34
1.270	20.74	15.34
1.270	20.72	15.34
1.270	20.71	15.34
1.271	20.68	15.34
1.271	20.68	15.34
1.272	20.68	15.34
1.272	20.68	15.34
1.272	20.68	15.34
1.273	20.68	15.34
1.273	20.68	15.34
1.274	20.68	15.34
1.275	20.68	15.34
1.275	20.65	15.34
1.275	20.63	15.34
1.276	20.61	15.34
1.276	20.61	15.34
1.276	20.61	15.34
1.276	20.61	15.34
1.277	20.61	15.34
1.277	20.61	15.34
1.277	20.61	15.34
1.277	20.61	15.34
1.277	20.61	15.34
1.277	20.61	15.34
1.277	20.61	15.34
1.277	20.61	15.34
1.277	20.61	15.34
1.277	20.61	15.34
1.277	20.61	15.34
1.278	20.61	15.34
1.278	20.61	15.34
1.278	20.59	15.34
1.278	20.55	15.34
1.278	20.55	15.34
1.279	20.55	15.34
1.279	20.55	15.34
1.279	20.55	15.34
1.280	20.55	15.34
1.280	20.55	15.34
1.280	20.55	15.34
1.280	20.55	15.34
1.281	20.55	15.34
1.281	20.55	15.34
1.281	20.55	15.34
1.281	20.55	15.34
1.281	20.54	15.34
1.281	20.53	15.34
1.282	20.50	15.34
1.282	20.50	15.33
1.282	20.50	15.34
1.283	20.50	15.34
1.283	20.49	15.34
1.283	20.49	15.33
1.283	20.49	15.34
1.283	20.49	15.34
1.283	20.49	15.33
1.283	20.49	15.33
1.284	20.49	15.33
1.284	20.49	15.34
1.284	20.49	15.33
1.284	20.49	15.33
1.284	20.49	15.33
1.284	20.49	15.33
1.285	20.48	15.33
1.285	20.45	15.33
1.285	20.42	15.33
1.286	20.43	15.33
1.286	20.43	15.33
1.286	20.43	15.33
1.286	20.43	15.33
1.286	20.43	15.33
1.286	20.42	15.33
1.287	20.42	15.33
1.287	20.42	15.33
1.287	20.42	15.33
1.287	20.42	15.33
1.287	20.42	15.33
1.287	20.42	15.33
1.287	20.42	15.33
1.287	20.42	15.33
1.287	20.42	15.33
1.288	20.42	15.33
1.288	20.42	15.33
1.288	20.42	15.33
1.288	20.42	15.33
1.288	20.42	15.33
1.288	20.42	15.33
1.288	20.42	15.33
1.288	20.42	15.33
1.289	20.42	15.33
1.289	20.42	15.33
1.289	20.41	15.33
1.289	20.39	15.33
1.290	20.37	15.33
1.290	20.36	15.33
1.290	20.36	15.33
1.290	20.35	15.33
1.290	20.35	15.33
1.291	20.35	15.33
1.291	20.35	15.33
1.291	20.35	15.33
1.291	20.35	15.33
1.291	20.35	15.33
1.291	20.35	15.33
1.292	20.35	15.33
1.292	20.35	15.33
1.292	20.35	15.33
1.292	20.35	15.33
1.292	20.35	15.33
1.293	20.35	15.33
1.293	20.35	15.33
1.293	20.35	15.33
1.293	20.35	15.33
1.293	20.35	15.33
1.293	20.35	15.33
1.294	20.35	15.33
1.294	20.34	15.33
1.294	20.32	15.33
1.294	20.31	15.33
1.294	20.30	15.33
1.294	20.28	15.33
1.294	20.28	15.33
1.295	20.28	15.33
1.295	20.28	15.33
1.295	20.28	15.33
1.295	20.28	15.33
1.295	20.28	15.33
1.295	20.28	15.33
1.296	20.28	15.33
1.296	20.28	15.33
1.296	20.28	15.33
1.296	20.28	15.33
1.297	20.28	15.33
1.297	20.28	15.33
1.297	20.28	15.33
1.297	20.27	15.33
1.297	20.26	15.33
1.298	20.23	15.33
1.298	20.21	15.33
1.298	20.22	15.33
1.299	20.21	15.33
1.299	20.21	15.33
1.300	20.21	15.33
1.300	20.21	15.33
1.300	20.21	15.33
1.300	20.21	15.33
1.301	20.21	15.33
1.301	20.21	15.33
1.301	20.21	15.33
1.301	20.21	15.33
1.301	20.19	15.33
1.302	20.18	15.33
1.302	20.15	15.33
1.302	20.14	15.33
1.302	20.14	15.33
1.302	20.14	15.33
1.303	20.14	15.33
1.303	20.14	15.33
1.304	20.14	15.33
1.304	20.14	15.33
1.305	20.13	15.33
1.305	20.11	15.33
1.306	20.13	15.33
1.307	20.12	15.33
1.307	20.07	15.33
1.308	20.07	15.33
1.308	20.07	15.33
1.309	20.07	15.33
1.309	20.07	15.33
1.309	20.07	15.33
1.310	20.07	15.33
1.310	20.07	15.33
1.310	20.07	15.33
1.311	20.07	15.33
1.311	20.00	15.33
1.312	20.00	15.33
1.312	20.00	15.33
1.313	20.00	15.33
1.313	20.00	15.33
1.313	20.00	15.33
1.313	20.00	15.33
1.313	20.00	15.33
1.313	20.00	15.33
1.313	20.00	15.33
1.314	20.00	15.33
1.314	20.00	15.33
1.315	19.99	15.33
1.315	19.99	15.33
1.315	19.96	15.33
1.316	19.97	15.33
1.316	19.97	15.33
1.316	19.95	15.33
1.316	19.95	15.33
1.316	19.95	15.33
1.316	19.95	15.33
1.316	19.95	15.33
1.317	19.95	15.33
1.318	19.95	15.33
1.319	19.95	15.33
1.319	19.94	15.33
1.320	19.93	15.33
1.320	19.90	15.33
1.320	19.90	15.33
1.320	19.89	15.33
1.321	19.89	15.33
1.321	19.89	15.33
1.321	19.89	15.33
1.321	19.89	15.33
1.322	19.89	15.33
1.322	19.89	15.33
1.322	19.89	15.33
1.322	19.89	15.33
1.322	19.89	15.33
1.323	19.89	15.33
1.323	19.89	15.33
1.323	19.89	15.33
1.323	19.88	15.33
1.324	19.89	15.33
1.324	19.89	15.33
1.324	19.86	15.33
1.325	19.84	15.33
1.325	19.84	15.33
1.325	19.84	15.33
1.326	19.84	15.33
1.326	19.84	15.33
1.326	19.84	15.33
1.327	19.84	15.33
1.327	19.84	15.33
1.328	19.82	15.33
1.328	19.81	15.33
1.329	19.81	15.33
1.329	19.81	15.33
1.329	19.80	15.33
1.329	19.79	15.33
1.329	19.79	15.33
1.330	19.79	15.33
1.330	19.79	15.33
1.331	19.79	15.33
1.331	19.79	15.33
1.331	19.79	15.33
1.331	19.79	15.33
1.331	19.79	15.33
1.331	19.79	15.33
1.331	19.79	15.33
1.332	19.79	15.33
1.332	19.79	15.33
1.332	19.77	15.33
1.332	19.75	15.33
1.333	19.74	15.33
1.333	19.74	15.33
1.333	19.74	15.33
1.334	19.74	15.33
1.334	19.74	15.33
1.334	19.74	15.33
1.334	19.74	15.33
1.334	19.74	15.33
1.334	19.74	15.33
1.335	19.70	15.33
1.335	19.69	15.33
1.336	19.69	15.33
1.337	19.69	15.33
1.338	19.69	15.33
1.338	19.69	15.33
1.338	19.69	15.33
1.338	19.69	15.33
1.338	19.69	15.33
1.338	19.69	15.33
1.338	19.69	15.33
1.338	19.69	15.33
1.338	19.69	15.33
1.338	19.69	15.33
1.339	19.67	15.33
1.339	19.66	15.33
1.339	19.65	15.33
1.339	19.63	15.33
1.340	19.63	15.33
1.340	19.63	15.33
1.340	19.63	15.33
1.340	19.63	15.33
1.341	19.63	15.33
1.341	19.63	15.33
1.341	19.63	15.33
1.342	19.63	15.33
1.342	19.63	15.33
1.343	19.60	15.33
1.343	19.58	15.33
1.344	19.55	15.33
1.344	19.58	15.33
1.344	19.58	15.33
1.344	19.58	15.33
1.344	19.58	15.33
1.344	19.58	15.33
1.344	19.58	15.33
1.344	19.54	15.33
1.345	19.53	15.33
1.346	19.53	15.33
1.346	19.53	15.33
1.346	19.53	15.33
1.347	19.52	15.33
1.348	19.50	15.33
1.349	19.48	15.33
1.350	19.48	15.33
1.350	19.48	15.33
1.351	19.48	15.33
1.351	19.47	15.33
1.351	19.48	15.33
1.351	19.48	15.33
1.351	19.48	15.33
1.351	19.48	15.33
1.351	19.48	15.33
1.351	19.47	15.33
1.351	19.47	15.33
1.352	19.47	15.33
1.352	19.46	15.33
1.352	19.45	15.33
1.353	19.45	15.33
1.353	19.45	15.33
1.354	19.45	15.33
1.355	19.45	15.33
1.355	19.45	15.33
1.355	19.43	15.33
1.356	19.43	15.33
1.356	19.43	15.33
1.356	19.43	15.33
1.356	19.43	15.33
1.356	19.43	15.33
1.357	19.43	15.33
1.357	19.43	15.33
1.357	19.43	15.33
1.358	19.40	15.33
1.358	19.40	15.33
1.359	19.40	15.33
1.359	19.40	15.33
1.359	19.40	15.33
1.360	19.38	15.33
1.360	19.38	15.33
1.361	19.37	15.33
1.362	19.36	15.33
1.362	19.35	15.33
1.362	19.35	15.33
1.363	19.35	15.33
1.363	19.33	15.33
1.363	19.33	15.33
1.364	19.32	15.33
1.364	19.32	15.33
1.364	19.30	15.33
1.364	19.30	15.33
1.364	19.30	15.33
1.364	19.30	15.33
1.365	19.30	15.33
1.365	19.27	15.33
1.365	19.27	15.33
1.365	19.30	15.33
1.365	19.28	15.33
1.366	19.28	15.33
1.366	19.28	15.33
1.366	19.27	15.33
1.366	19.27	15.33
1.366	19.26	15.33
1.367	19.25	15.33
1.367	19.25	15.33
1.367	19.25	15.33
1.367	19.25	15.33
1.367	19.25	15.33
1.368	19.25	15.33
1.369	19.25	15.33
1.369	19.25	15.33
1.369	19.25	15.33
1.369	19.24	15.33
1.369	19.23	15.33
1.370	19.20	15.33
1.370	19.19	15.33
1.370	19.21	15.33
1.371	19.22	15.33
1.371	19.22	15.33
1.371	19.20	15.33
1.372	19.17	15.33
1.372	19.16	15.33
1.372	19.18	15.33
1.373	19.19	15.33
1.373	19.16	15.33
1.373	19.14	15.33
1.373	19.14	15.33
1.373	19.14	15.33
1.373	19.13	15.33
1.374	19.12	15.33
1.374	19.11	15.33
1.375	19.09	15.33
1.375	19.08	15.33
1.375	19.09	15.33
1.376	19.09	15.33
1.376	19.09	15.33
1.377	19.07	15.33
1.377	19.06	15.33
1.378	19.06	15.33
1.378	19.06	15.33
1.378	19.06	15.33
1.378	19.05	15.33
1.378	19.05	15.33
1.378	19.05	15.33
1.379	19.05	15.33
1.379	19.05	15.33
1.379	19.04	15.33
1.379	19.04	15.33
1.380	19.04	15.33
1.379	19.04	15.33
1.379	19.04	15.33
1.379	19.04	15.33
1.379	19.04	15.33
1.379	19.04	15.33
1.379	19.03	15.33
1.380	19.03	15.33
1.380	19.03	15.33
1.381	19.02	15.33
1.382	19.00	15.33
1.383	18.98	15.33
1.383	18.97	15.33
1.384	18.96	15.33
1.384	18.94	15.33
1.384	18.94	15.33
1.384	18.94	15.33
1.385	18.93	15.33
1.385	18.93	15.33
1.385	18.93	15.33
1.385	18.92	15.33
1.386	18.91	15.33
1.386	18.91	15.33
1.386	18.90	15.33
1.386	18.89	15.33
1.387	18.89	15.33
1.387	18.88	15.33
1.387	18.88	15.33
1.387	18.88	15.33
1.387	18.87	15.33
1.388	18.87	15.33
1.388	18.87	15.33
1.388	18.86	15.33
1.388	18.85	15.33
1.389	18.84	15.33
1.389	18.84	15.33
1.390	18.83	15.33
1.390	18.83	15.33
1.391	18.82	15.33
1.391	18.82	15.33
1.391	18.81	15.33
1.392	18.80	15.33
1.392	18.79	15.33
1.392	18.79	15.33
1.393	18.78	15.33
1.393	18.78	15.33
1.394	18.78	15.33
1.394	18.78	15.33
1.394	18.77	15.33
1.394	18.77	15.33
1.395	18.77	15.33
1.395	18.76	15.33
1.396	18.76	15.33
1.396	18.75	15.33
1.396	18.75	15.33
1.396	18.75	15.33
1.397	18.74	15.33
1.397	18.74	15.33
1.397	18.73	15.33
1.398	18.72	15.33
1.398	18.72	15.33
1.398	18.72	15.33
1.399	18.72	15.33
1.399	18.71	15.33
1.400	18.71	15.33
1.400	18.70	15.33
1.401	18.69	15.33
1.402	18.68	15.33
1.402	18.68	15.33
1.402	18.67	15.33
1.402	18.67	15.33
1.403	18.66	15.33
1.403	18.66	15.33
1.403	18.66	15.33
1.403	18.66	15.33
1.404	18.66	15.33
1.404	18.65	15.33
1.405	18.65	15.33
1.405	18.65	15.33
1.406	18.65	15.33
1.406	18.64	15.33
1.407	18.64	15.33
1.407	18.63	15.33
1.408	18.62	15.33
1.408	18.62	15.33
1.409	18.61	15.33
1.409	18.60	15.33
1.410	18.60	15.33
1.410	18.60	15.33
1.410	18.60	15.33
1.410	18.60	15.33
1.410	18.60	15.33
1.410	18.59	15.33
1.410	18.58	15.33
1.411	18.58	15.33
1.411	18.57	15.33
1.412	18.56	15.33
1.413	18.55	15.33
1.413	18.55	15.33
1.413	18.55	15.33
1.414	18.54	15.33
1.414	18.54	15.33
1.414	18.54	15.33
1.414	18.54	15.33
1.414	18.54	15.33
1.414	18.54	15.33
1.414	18.54	15.33
1.414	18.53	15.33
1.415	18.53	15.33
1.415	18.52	15.33
1.416	18.51	15.33
1.416	18.50	15.33
1.417	18.49	15.33
1.418	18.48	15.33
1.419	18.47	15.33
1.419	18.46	15.33
1.420	18.46	15.33
1.420	18.45	15.33
1.420	18.45	15.33
1.420	18.45	15.33
1.420	18.45	15.33
1.420	18.44	15.33
1.421	18.44	15.33
1.421	18.43	15.33
1.422	18.43	15.33
1.422	18.42	15.33
1.422	18.42	15.33
1.423	18.41	15.33
1.423	18.41	15.33
1.424	18.40	15.33
1.424	18.40	15.33
1.424	18.39	15.33
1.424	18.39	15.33
1.425	18.38	15.33
1.425	18.37	15.33
1.426	18.37	15.33
1.426	18.37	15.33
1.426	18.36	15.33
1.427	18.36	15.33
1.427	18.36	15.33
1.427	18.35	15.33
1.428	18.35	15.33
1.428	18.34	15.33
1.428	18.33	15.33
1.429	18.33	15.33
1.429	18.32	15.33
1.429	18.32	15.33
1.430	18.31	15.33
1.430	18.31	15.33
1.430	18.31	15.33
1.430	18.31	15.33
1.431	18.30	15.33
1.431	18.30	15.33
1.432	18.28	15.33
1.433	18.27	15.33
1.434	18.26	15.33
1.434	18.26	15.33
1.434	18.25	15.33
1.435	18.25	15.33
1.436	18.24	15.33
1.437	18.23	15.33
1.437	18.23	15.33
1.437	18.22	15.33
1.438	18.22	15.33
1.438	18.21	15.33
1.438	18.21	15.33
1.439	18.21	15.33
1.439	18.20	15.33
1.439	18.20	15.33
1.439	18.20	15.33
1.440	18.20	15.33
1.440	18.19	15.33
1.440	18.19	15.33
1.440	18.18	15.33
1.440	18.18	15.33
1.441	18.18	15.33
1.441	18.17	15.33
1.441	18.17	15.33
1.442	18.17	15.33
1.442	18.17	15.33
1.443	18.16	15.33
1.443	18.15	15.33
1.443	18.15	15.33
1.444	18.14	15.33
1.444	18.14	15.33
1.444	18.13	15.33
1.445	18.13	15.33
1.446	18.12	15.33
1.446	18.12	15.33
1.446	18.12	15.33
1.446	18.11	15.33
1.447	18.11	15.33
1.447	18.11	15.33
1.447	18.11	15.33
1.448	18.11	15.33
1.448	18.11	15.33
1.448	18.09	15.33
1.449	18.08	15.33
1.449	18.08	15.33
1.450	18.07	15.33
1.450	18.06	15.33
1.450	18.05	15.33
1.451	18.05	15.33
1.451	18.05	15.33
1.451	18.05	15.33
1.451	18.04	15.33
1.452	18.04	15.33
1.452	18.04	15.33
1.452	18.03	15.33
1.453	18.03	15.33
1.453	18.02	15.33
1.454	18.01	15.33
1.454	18.00	15.33
1.455	17.99	15.33
1.456	17.99	15.33
1.456	17.98	15.33
1.457	17.98	15.33
1.457	17.97	15.33
1.457	17.97	15.33
1.458	17.96	15.33
1.458	17.96	15.33
1.459	17.95	15.33
1.459	17.93	15.33
1.459	17.93	15.33
1.460	17.93	15.33
1.460	17.92	15.33
1.461	17.92	15.33
1.461	17.91	15.33
1.462	17.91	15.33
1.462	17.91	15.33
1.463	17.90	15.33
1.463	17.90	15.33
1.464	17.89	15.33
1.464	17.89	15.33
1.464	17.88	15.33
1.465	17.87	15.33
1.465	17.87	15.33
1.465	17.87	15.33
1.465	17.86	15.33
1.466	17.86	15.33
1.466	17.85	15.33
1.466	17.85	15.33
1.466	17.84	15.33
1.466	17.84	15.33
1.467	17.84	15.33
1.467	17.83	15.33
1.467	17.82	15.33
1.468	17.82	15.33
1.468	17.81	15.33
1.468	17.81	15.33
1.469	17.81	15.33
1.469	17.81	15.33
1.470	17.80	15.33
1.470	17.80	15.33
1.470	17.80	15.33
1.471	17.79	15.33
1.472	17.78	15.33
1.472	17.78	15.33
1.473	17.76	15.33
1.474	17.76	15.33
1.474	17.75	15.33
1.475	17.75	15.33
1.476	17.74	15.33
1.477	17.73	15.33
1.478	17.71	15.33
1.479	17.71	15.33
1.480	17.69	15.33
1.481	17.69	15.33
1.481	17.68	15.33
1.482	17.67	15.33
1.483	17.66	15.33
1.483	17.65	15.33
1.483	17.65	15.33
1.483	17.65	15.33
1.483	17.64	15.33
1.484	17.64	15.33
1.484	17.64	15.33
1.484	17.64	15.33
1.485	17.64	15.33
1.485	17.63	15.33
1.485	17.62	15.33
1.486	17.61	15.33
1.487	17.60	15.33
1.487	17.59	15.33
1.488	17.59	15.33
1.488	17.59	15.33
1.488	17.59	15.33
1.489	17.58	15.33
1.489	17.58	15.33
1.489	17.58	15.33
1.490	17.57	15.33
1.490	17.56	15.33
1.491	17.56	15.33
1.491	17.56	15.33
1.491	17.55	15.33
1.492	17.54	15.33
1.492	17.53	15.33
1.493	17.52	15.33
1.493	17.52	15.33
1.494	17.52	15.33
1.494	17.52	15.33
1.494	17.51	15.33
1.495	17.50	15.33
1.495	17.50	15.33
1.495	17.49	15.33
1.496	17.49	15.33
1.496	17.49	15.33
1.497	17.48	15.33
1.497	17.48	15.33
1.497	17.48	15.33
1.497	17.47	15.33
1.498	17.47	15.33
1.498	17.46	15.33
1.498	17.46	15.33
1.498	17.45	15.33
1.499	17.45	15.33
1.499	17.45	15.33
1.500	17.45	15.33
1.500	17.44	15.33
1.500	17.44	15.33
1.500	17.43	15.33
1.500	17.43	15.33
1.500	17.43	15.33
1.501	17.43	15.33
1.501	17.43	15.33
1.501	17.42	15.33
1.501	17.42	15.33
1.502	17.42	15.33
1.502	17.41	15.33
1.502	17.41	15.33
1.503	17.40	15.33
1.503	17.39	15.33
1.503	17.39	15.33
1.504	17.39	15.33
1.504	17.38	15.33
1.504	17.37	15.33
1.505	17.37	15.33
1.505	17.37	15.33
1.505	17.37	15.33
1.506	17.37	15.33
1.506	17.36	15.33
1.506	17.36	15.33
1.507	17.35	15.33
1.507	17.34	15.33
1.507	17.34	15.33
1.508	17.33	15.33
1.508	17.33	15.33
1.509	17.33	15.33
1.510	17.32	15.33
1.510	17.31	15.33
1.511	17.30	15.33
1.511	17.30	15.33
1.512	17.29	15.33
1.512	17.29	15.33
1.513	17.28	15.33
1.513	17.27	15.33
1.514	17.27	15.33
1.514	17.27	15.33
1.514	17.26	15.33
1.514	17.26	15.33
1.515	17.26	15.33
1.515	17.26	15.33
1.516	17.25	15.33
1.516	17.25	15.33
1.516	17.24	15.33
1.516	17.24	15.33
1.517	17.24	15.33
1.517	17.24	15.33
1.517	17.23	15.33
1.518	17.23	15.33
1.518	17.23	15.33
1.519	17.23	15.33
1.519	17.21	15.33
1.519	17.21	15.33
1.520	17.20	15.33
1.520	17.20	15.33
1.520	17.20	15.33
1.520	17.20	15.33
1.521	17.20	15.33
1.521	17.20	15.33
1.521	17.20	15.33
1.522	17.18	15.33
1.522	17.18	15.33
1.522	17.16	15.33
1.523	17.16	15.33
1.523	17.16	15.33
1.523	17.16	15.33
1.523	17.15	15.33
1.523	17.15	15.33
1.524	17.15	15.33
1.524	17.14	15.33
1.524	17.14	15.33
1.524	17.14	15.33
1.525	17.14	15.33
1.525	17.13	15.33
1.526	17.13	15.33
1.527	17.13	15.33
1.527	17.13	15.33
1.527	17.12	15.33
1.527	17.12	15.33
1.527	17.11	15.33
1.528	17.11	15.33
1.528	17.11	15.33
1.529	17.11	15.33
1.529	17.09	15.33
1.530	17.09	15.33
1.530	17.09	15.33
1.530	17.08	15.33
1.531	17.08	15.33
1.531	17.07	15.33
1.532	17.07	15.33
1.532	17.07	15.33
1.532	17.06	15.33
1.532	17.06	15.33
1.533	17.06	15.33
1.533	17.04	15.33
1.534	17.04	15.33
1.534	17.04	15.33
1.534	17.03	15.33
1.535	17.02	15.33
1.535	17.02	15.33
1.535	17.01	15.33
1.536	17.01	15.33
1.536	17.00	15.33
1.536	17.00	15.33
1.536	17.00	15.33
1.537	16.99	15.33
1.537	16.99	15.33
1.537	16.99	15.33
1.537	16.99	15.33
1.538	16.99	15.33
1.538	16.98	15.33
1.538	16.98	15.33
1.539	16.97	15.33
1.539	16.97	15.33
1.540	16.97	15.33
1.540	16.96	15.33
1.540	16.95	15.33
1.541	16.95	15.33
1.541	16.95	15.33
1.541	16.93	15.33
1.542	16.93	15.33
1.542	16.93	15.33
1.542	16.93	15.33
1.543	16.92	15.33
1.543	16.92	15.33
1.543	16.91	15.33
1.543	16.91	15.33
1.544	16.91	15.33
1.544	16.91	15.33
1.544	16.91	15.33
1.545	16.91	15.33
1.545	16.90	15.33
1.545	16.90	15.33
1.545	16.90	15.33
1.546	16.90	15.33
1.546	16.90	15.33
1.546	16.89	15.33
1.546	16.88	15.33
1.547	16.88	15.33
1.547	16.88	15.33
1.547	16.87	15.33
1.548	16.86	15.33
1.548	16.86	15.33
1.549	16.86	15.33
1.549	16.85	15.33
1.550	16.84	15.33
1.550	16.84	15.33
1.551	16.84	15.33
1.551	16.83	15.33
1.552	16.83	15.33
1.553	16.83	15.33
1.553	16.81	15.33
1.554	16.81	15.33
1.554	16.80	15.33
1.554	16.79	15.33
1.555	16.79	15.33
1.556	16.79	15.33
1.556	16.78	15.33
1.557	16.77	15.33
1.558	16.77	15.33
1.558	16.76	15.33
1.559	16.75	15.33
1.559	16.75	15.33
1.560	16.74	15.33
1.560	16.74	15.33
1.560	16.74	15.33
1.561	16.74	15.33
1.561	16.74	15.33
1.561	16.73	15.33
1.562	16.72	15.33
1.562	16.72	15.33
1.563	16.70	15.33
1.563	16.70	15.33
1.564	16.69	15.33
1.564	16.68	15.33
1.564	16.68	15.33
1.565	16.68	15.33
1.565	16.68	15.33
1.565	16.68	15.33
1.566	16.67	15.33
1.566	16.66	15.33
1.567	16.66	15.33
1.568	16.65	15.33
1.568	16.64	15.33
1.569	16.64	15.33
1.569	16.64	15.33
1.570	16.63	15.33
1.571	16.62	15.33
1.571	16.62	15.33
1.572	16.61	15.33
1.572	16.60	15.33
1.573	16.60	15.33
1.574	16.59	15.33
1.574	16.58	15.33
1.575	16.58	15.33
1.576	16.56	15.33
1.576	16.56	15.33
1.577	16.55	15.33
1.578	16.54	15.33
1.578	16.54	15.33
1.578	16.54	15.33
1.579	16.52	15.33
1.579	16.52	15.33
1.580	16.52	15.33
1.581	16.50	15.33
1.582	16.50	15.33
1.582	16.50	15.33
1.583	16.49	15.33
1.583	16.48	15.33
1.584	16.47	15.33
1.585	16.46	15.33
1.586	16.46	15.33
1.586	16.45	15.33
1.587	16.44	15.33
1.587	16.44	15.33
1.588	16.44	15.33
1.588	16.43	15.33
1.589	16.42	15.33
1.590	16.42	15.33
1.591	16.40	15.33
1.591	16.40	15.33
1.592	16.38	15.33
1.592	16.38	15.33
1.593	16.38	15.33
1.594	16.37	15.33
1.595	16.36	15.33
1.595	16.36	15.33
1.596	16.36	15.33
1.596	16.35	15.33
1.597	16.34	15.33
1.597	16.33	15.33
1.598	16.33	15.33
1.599	16.32	15.33
1.599	16.32	15.33
1.600	16.31	15.33
1.600	16.31	15.33
1.601	16.30	15.33
1.601	16.29	15.33
1.602	16.29	15.33
1.602	16.29	15.33
1.603	16.29	15.33
1.603	16.28	15.33
1.604	16.27	15.33
1.605	16.26	15.33
1.605	16.26	15.33
1.605	16.25	15.33
1.606	16.25	15.33
1.606	16.24	15.33
1.607	16.23	15.33
1.607	16.23	15.33
1.607	16.22	15.33
1.608	16.22	15.33
1.608	16.22	15.33
1.608	16.21	15.33
1.609	16.21	15.33
1.610	16.20	15.33
1.610	16.20	15.33
1.611	16.20	15.33
1.612	16.19	15.33
1.612	16.18	15.33
1.613	16.18	15.33
1.614	16.16	15.33
1.614	16.16	15.33
1.615	16.15	15.33
1.615	16.14	15.33
1.616	16.14	15.33
1.617	16.13	15.33
1.618	16.12	15.33
1.618	16.12	15.33
1.619	16.11	15.33
1.620	16.10	15.33
1.620	16.10	15.33
1.620	16.10	15.33
1.621	16.10	15.33
1.621	16.09	15.33
1.621	16.08	15.33
1.621	16.08	15.33
1.621	16.08	15.33
1.622	16.08	15.33
1.622	16.08	15.33
1.622	16.08	15.33
1.623	16.07	15.33
1.623	16.07	15.33
1.623	16.06	15.33
1.623	16.06	15.33
1.623	16.06	15.33
1.624	16.06	15.33
1.624	16.06	15.33
1.624	16.05	15.33
1.625	16.04	15.33
1.625	16.04	15.33
1.625	16.04	15.33
1.626	16.04	15.33
1.626	16.03	15.33
1.626	16.03	15.33
1.626	16.02	15.33
1.627	16.02	15.33
1.627	16.02	15.33
1.627	16.02	15.33
1.627	16.02	15.33
1.628	16.02	15.33
1.628	16.02	15.33
1.628	16.01	15.33
1.628	16.01	15.33
1.629	16.00	15.33
1.629	16.00	15.33
1.629	16.00	15.33
1.629	16.00	15.33
1.629	16.00	15.33
1.630	16.00	15.33
1.630	16.00	15.33
1.630	16.00	15.33
1.630	15.99	15.33
1.631	15.98	15.33
1.631	15.98	15.33
1.631	15.98	15.33
1.631	15.98	15.33
1.631	15.98	15.33
1.632	15.98	15.33
1.632	15.98	15.33
1.632	15.97	15.33
1.633	15.96	15.33
1.633	15.96	15.33
1.634	15.95	15.33
1.634	15.94	15.33
1.634	15.94	15.33
1.635	15.94	15.33
1.636	15.93	15.33
1.636	15.92	15.33
1.636	15.92	15.33
1.637	15.92	15.33
1.638	15.92	15.33
1.638	15.90	15.33
1.639	15.90	15.33
1.640	15.90	15.33
1.640	15.90	15.33
1.640	15.89	15.33
1.641	15.88	15.33
1.642	15.88	15.33
1.642	15.88	15.33
1.642	15.88	15.33
1.643	15.88	15.33
1.643	15.87	15.33
1.643	15.86	15.33
1.644	15.86	15.33
1.645	15.84	15.33
1.645	15.84	15.33
1.646	15.84	15.33
1.647	15.83	15.33
1.647	15.82	15.33
1.648	15.82	15.33
1.648	15.82	15.33
1.649	15.81	15.33
1.649	15.80	15.33
1.650	15.80	15.33
1.650	15.80	15.33
1.650	15.80	15.33
1.650	15.80	15.33
1.651	15.80	15.33
1.651	15.79	15.33
1.651	15.79	15.33
1.652	15.78	15.33
1.653	15.77	15.33
1.654	15.76	15.33
1.655	15.75	15.33
1.655	15.75	15.33
1.656	15.74	15.33
1.656	15.74	15.33
1.656	15.74	15.33
1.656	15.73	15.33
1.657	15.73	15.33
1.657	15.72	15.33
1.658	15.72	15.33
1.659	15.71	15.33
1.659	15.70	15.33
1.660	15.69	15.33
1.661	15.69	15.33
1.661	15.68	15.33
1.662	15.67	15.33
1.663	15.67	15.33
1.663	15.66	15.33
1.664	15.65	15.33
1.664	15.65	15.33
1.665	15.65	15.33
1.665	15.65	15.33
1.666	15.64	15.33
1.666	15.64	15.33
1.666	15.63	15.33
1.666	15.63	15.33
1.667	15.63	15.33
1.667	15.63	15.33
1.668	15.61	15.33
1.668	15.61	15.33
1.669	15.61	15.33
1.669	15.61	15.33
1.669	15.61	15.33
1.669	15.60	15.33
1.669	15.60	15.33
1.670	15.59	15.33
1.670	15.59	15.33
1.670	15.59	15.33
1.671	15.59	15.33
1.671	15.58	15.33
1.671	15.57	15.33
1.672	15.57	15.33
1.672	15.57	15.33
1.673	15.57	15.33
1.674	15.56	15.33
1.674	15.55	15.33
1.675	15.55	15.33
1.675	15.55	15.33
1.675	15.55	15.33
1.676	15.55	15.33
1.677	15.54	15.33
1.677	15.53	15.33
1.677	15.53	15.33
1.678	15.52	15.33
1.678	15.52	15.33
1.679	15.51	15.33
1.679	15.51	15.33
1.679	15.51	15.33
1.680	15.50	15.33
1.680	15.50	15.33
1.680	15.50	15.33
1.681	15.50	15.33
1.681	15.49	15.33
1.682	15.48	15.33
1.684	15.48	15.33
1.685	15.46	15.33
1.685	15.46	15.33
1.686	15.44	15.33
1.686	15.44	15.33
1.687	15.44	15.33
1.687	15.44	15.33
1.688	15.43	15.33
1.688	15.43	15.33
1.688	15.42	15.33
1.688	15.42	15.33
1.689	15.42	15.33
1.689	15.42	15.33
1.690	15.41	15.33
1.690	15.40	15.33
1.691	15.40	15.33
1.692	15.40	15.33
1.692	15.40	15.33
1.692	15.39	15.33
1.692	15.39	15.33
1.693	15.38	15.33
1.693	15.38	15.33
1.693	15.38	15.33
1.693	15.38	15.33
1.694	15.38	15.33
1.694	15.37	15.33
1.694	15.36	15.33
1.695	15.36	15.33
1.695	15.36	15.33
1.696	15.35	15.33
1.697	15.34	15.33
1.697	15.34	15.33
1.697	15.34	15.33
1.697	15.34	15.33
1.697	15.34	15.33
1.698	15.34	15.33
1.698	15.34	15.33
1.698	15.33	15.33
1.699	15.32	15.33
1.699	15.32	15.33
1.699	15.31	15.33
1.700	15.31	15.33
1.700	15.30	15.33
1.701	15.30	15.33
1.701	15.30	15.33
1.702	15.29	15.33
1.704	15.27	15.33
1.706	15.25	15.33
1.708	15.25	15.33
1.708	15.25	15.33
1.709	15.24	15.33
1.710	15.23	15.33
1.711	15.22	15.33
1.712	15.21	15.33
1.714	15.21	15.33
1.715	15.19	15.33
1.715	15.19	15.33
1.716	15.18	15.33
1.716	15.17	15.33
1.717	15.17	15.33
1.717	15.17	15.33
1.717	15.16	15.33
1.718	15.15	15.33
1.718	15.15	15.33
1.719	15.15	15.33
1.720	15.15	15.33
1.720	15.14	15.33
1.721	15.13	15.33
1.721	15.13	15.33
1.722	15.13	15.33
1.722	15.12	15.33
1.723	15.11	15.33
1.723	15.11	15.33
1.724	15.10	15.33
1.725	15.10	15.33
1.725	15.10	15.33
1.726	15.10	15.33
1.726	15.09	15.33
1.727	15.08	15.33
1.727	15.08	15.33
1.728	15.08	15.33
1.728	15.06	15.33
1.729	15.06	15.33
1.729	15.06	15.33
1.729	15.05	15.33
1.730	15.05	15.33
1.730	15.04	15.33
1.730	15.04	15.33
1.730	15.04	15.33
1.731	15.04	15.33
1.731	15.04	15.33
1.731	15.03	15.33
1.732	15.02	15.33
1.733	15.02	15.33
1.733	15.01	15.33
1.734	15.00	15.33
1.734	15.00	15.33
1.735	15.00	15.33
1.736	15.00	15.33
1.736	14.99	15.33
1.737	14.98	15.33
1.738	14.98	15.33
1.738	14.97	15.33
1.739	14.96	15.33
1.739	14.96	15.33
1.740	14.96	15.33
1.740	14.95	15.33
1.741	14.95	15.33
1.741	14.95	15.33
1.742	14.95	15.33
1.742	14.94	15.33
1.743	14.93	15.33
1.744	14.93	15.33
1.744	14.92	15.33
1.745	14.91	15.33
1.746	14.91	15.33
1.747	14.90	15.33
1.747	14.89	15.33
1.748	14.89	15.33
1.749	14.88	15.33
1.750	14.87	15.33
1.751	14.86	15.33
1.752	14.85	15.33
1.754	14.83	15.33
1.757	14.82	15.33
1.758	14.81	15.33
1.759	14.81	15.33
1.759	14.80	15.33
1.759	14.79	15.33
1.759	14.79	15.33
1.760	14.79	15.33
1.760	14.79	15.33
1.760	14.78	15.33
1.761	14.77	15.33
1.763	14.77	15.33
1.764	14.75	15.33
1.765	14.75	15.33
1.765	14.75	15.33
1.766	14.74	15.33
1.766	14.73	15.33
1.766	14.73	15.33
1.766	14.73	15.33
1.767	14.72	15.33
1.767	14.71	15.33
1.768	14.70	15.33
1.769	14.70	15.33
1.769	14.70	15.33
1.770	14.69	15.33
1.771	14.69	15.33
1.771	14.69	15.33
1.772	14.68	15.33
1.773	14.68	15.33
1.773	14.68	15.33
1.773	14.68	15.33
1.773	14.68	15.33
1.773	14.68	15.33
1.774	14.67	15.33
1.774	14.66	15.33
1.774	14.66	15.33
1.775	14.66	15.33
1.775	14.65	15.33
1.775	14.65	15.33
1.776	14.64	15.33
1.776	14.64	15.33
1.776	14.64	15.33
1.777	14.64	15.33
1.777	14.64	15.33
1.777	14.63	15.33
1.778	14.63	15.33
1.778	14.63	15.33
1.778	14.63	15.33
1.778	14.62	15.33
1.779	14.62	15.33
1.779	14.62	15.33
1.779	14.62	15.33
1.780	14.62	15.33
1.780	14.62	15.33
1.780	14.61	15.33
1.781	14.60	15.33
1.781	14.60	15.33
1.782	14.60	15.33
1.782	14.60	15.33
1.782	14.59	15.33
1.782	14.58	15.33
1.783	14.58	15.33
1.783	14.58	15.33
1.783	14.58	15.33
1.784	14.58	15.33
1.784	14.58	15.33
1.784	14.57	15.33
1.784	14.57	15.33
1.784	14.56	15.33
1.785	14.56	15.33
1.785	14.56	15.33
1.786	14.56	15.33
1.787	14.55	15.33
1.788	14.54	15.33
1.788	14.54	15.33
1.789	14.54	15.33
1.790	14.53	15.33
1.791	14.52	15.33
1.791	14.52	15.33
1.792	14.51	15.33
1.792	14.50	15.33
1.793	14.50	15.33
1.793	14.50	15.33
1.794	14.50	15.33
1.794	14.50	15.33
1.795	14.49	15.33
1.795	14.48	15.33
1.797	14.48	15.33
1.797	14.47	15.33
1.797	14.46	15.33
1.798	14.46	15.33
1.798	14.46	15.33
1.799	14.45	15.33
1.800	14.44	15.33
1.800	14.44	15.33
1.801	14.44	15.33
1.801	14.44	15.33
1.801	14.43	15.33
1.801	14.43	15.33
1.802	14.42	15.33
1.803	14.42	15.33
1.804	14.42	15.33
1.805	14.40	15.33
1.806	14.40	15.33
1.806	14.40	15.33
1.807	14.39	15.33
1.808	14.38	15.33
1.809	14.38	15.33
1.811	14.36	15.33
1.812	14.35	15.33
1.813	14.35	15.33
1.813	14.34	15.33
1.813	14.35	15.33
1.813	14.34	15.33
1.813	14.34	15.33
1.813	14.34	15.33
1.813	14.34	15.33
1.813	14.34	15.33
1.814	14.34	15.33
1.814	14.34	15.33
1.815	14.33	15.33
1.816	14.32	15.33
1.817	14.31	15.33
1.818	14.30	15.33
1.819	14.30	15.33
1.820	14.29	15.33
1.820	14.28	15.33
1.820	14.28	15.33
1.821	14.28	15.33
1.822	14.28	15.33
1.822	14.28	15.33
1.822	14.28	15.33
1.822	14.28	15.33
1.822	14.28	15.33
1.823	14.26	15.33
1.823	14.26	15.33
1.824	14.26	15.33
1.824	14.25	15.33
1.825	14.25	15.33
1.825	14.24	15.33
1.825	14.24	15.33
1.826	14.24	15.33
1.827	14.23	15.33
1.827	14.22	15.33
1.828	14.22	15.33
1.830	14.21	15.33
1.831	14.19	15.33
1.832	14.19	15.33
1.832	14.18	15.33
1.832	14.18	15.33
1.832	14.18	15.33
1.832	14.18	15.33
1.832	14.18	15.33
1.833	14.18	15.33
1.833	14.18	15.33
1.833	14.18	15.33
1.834	14.18	15.33
1.834	14.18	15.33
1.834	14.18	15.33
1.834	14.18	15.33
1.835	14.17	15.33
1.836	14.16	15.33
1.836	14.16	15.33
1.837	14.15	15.33
1.837	14.15	15.33
1.837	14.14	15.33
1.838	14.14	15.33
1.838	14.14	15.33
1.838	14.14	15.33
1.838	14.14	15.33
1.838	14.13	15.33
1.838	14.13	15.33
1.838	14.13	15.33
1.838	14.13	15.33
1.838	14.13	15.33
1.839	14.13	15.33
1.839	14.13	15.33
1.839	14.12	15.33
1.840	14.12	15.33
1.840	14.12	15.33
1.840	14.12	15.33
1.841	14.11	15.33
1.841	14.11	15.33
1.842	14.11	15.33
1.843	14.09	15.33
1.844	14.09	15.33
1.845	14.08	15.33
1.846	14.07	15.33
1.846	14.07	15.33
1.847	14.06	15.33
1.848	14.05	15.33
1.849	14.05	15.33
1.849	14.04	15.33
1.850	14.03	15.33
1.851	14.03	15.33
1.852	14.03	15.33
1.852	14.03	15.33
1.853	14.02	15.33
1.853	14.01	15.33
1.854	14.01	15.33
1.854	14.01	15.33
1.855	13.99	15.33
1.856	13.99	15.33
1.856	13.99	15.33
1.856	13.99	15.33
1.857	13.98	15.33
1.857	13.98	15.33
1.857	13.98	15.33
1.857	13.97	15.33
1.857	13.97	15.33
1.858	13.97	15.33
1.858	13.97	15.33
1.858	13.97	15.33
1.858	13.97	15.33
1.859	13.97	15.33
1.859	13.97	15.33
1.859	13.97	15.33
1.859	13.96	15.33
1.860	13.95	15.33
1.860	13.95	15.33
1.860	13.95	15.33
1.861	13.95	15.33
1.861	13.95	15.33
1.861	13.95	15.33
1.861	13.95	15.33
1.861	13.95	15.33
1.861	13.95	15.33
1.861	13.94	15.33
1.862	13.93	15.33
1.863	13.93	15.33
1.863	13.92	15.33
1.864	13.92	15.33
1.865	13.91	15.33
1.865	13.91	15.33
1.866	13.90	15.33
1.867	13.90	15.33
1.867	13.90	15.33
1.869	13.89	15.33
1.870	13.88	15.33
1.871	13.87	15.33
1.871	13.87	15.33
1.872	13.86	15.33
1.873	13.85	15.33
1.874	13.84	15.33
1.875	13.84	15.33
1.876	13.83	15.33
1.876	13.83	15.33
1.876	13.83	15.33
1.877	13.83	15.33
1.877	13.82	15.33
1.878	13.82	15.33
1.878	13.82	15.33
1.878	13.82	15.33
1.879	13.82	15.33
1.879	13.81	15.33
1.880	13.81	15.33
1.880	13.81	15.33
1.881	13.80	15.33
1.881	13.80	15.33
1.882	13.79	15.33
1.883	13.78	15.33
1.883	13.78	15.33
1.884	13.78	15.33
1.884	13.77	15.33
1.885	13.77	15.33
1.885	13.77	15.33
1.885	13.77	15.33
1.886	13.76	15.33
1.886	13.76	15.33
1.886	13.75	15.33
1.887	13.75	15.33
1.887	13.75	15.33
1.888	13.74	15.33
1.889	13.74	15.33
1.890	13.73	15.33
1.890	13.72	15.33
1.891	13.72	15.33
1.891	13.72	15.33
1.891	13.72	15.33
1.892	13.72	15.33
1.892	13.71	15.33
1.892	13.71	15.33
1.893	13.71	15.33
1.893	13.70	15.33
1.894	13.70	15.33
1.894	13.70	15.33
1.895	13.70	15.33
1.896	13.69	15.33
1.896	13.68	15.33
1.897	13.68	15.33
1.897	13.68	15.33
1.897	13.67	15.33
1.898	13.67	15.33
1.898	13.67	15.33
1.898	13.67	15.33
1.898	13.67	15.33
1.898	13.67	15.33
1.898	13.67	15.33
1.899	13.66	15.33
1.900	13.66	15.33
1.901	13.65	15.33
1.902	13.64	15.33
1.902	13.64	15.33
1.902	13.64	15.33
1.902	13.63	15.33
1.902	13.63	15.33
1.902	13.63	15.33
1.903	13.63	15.33
1.903	13.62	15.33
1.904	13.62	15.33
1.905	13.61	15.33
1.906	13.61	15.33
1.907	13.60	15.33
1.908	13.59	15.33
1.908	13.58	15.33
1.909	13.58	15.33
1.909	13.58	15.33
1.909	13.58	15.33
1.910	13.58	15.33
1.910	13.58	15.33
1.910	13.58	15.33
1.911	13.57	15.33
1.911	13.57	15.33
1.912	13.57	15.33
1.913	13.55	15.33
1.914	13.55	15.33
1.915	13.55	15.33
1.915	13.54	15.33
1.916	13.53	15.33
1.917	13.53	15.33
1.917	13.52	15.33
1.918	13.52	15.33
1.918	13.52	15.33
1.918	13.52	15.33
1.919	13.52	15.33
1.919	13.52	15.33
1.919	13.51	15.33
1.919	13.51	15.33
1.920	13.51	15.33
1.921	13.50	15.33
1.921	13.50	15.33
1.922	13.50	15.33
1.922	13.49	15.33
1.923	13.48	15.33
1.923	13.48	15.33
1.924	13.48	15.33
1.924	13.48	15.33
1.925	13.47	15.33
1.925	13.47	15.33
1.926	13.46	15.33
1.927	13.45	15.33
1.927	13.45	15.33
1.928	13.44	15.33
1.928	13.44	15.33
1.929	13.44	15.33
1.929	13.44	15.33
1.929	13.43	15.33
1.930	13.43	15.33
1.930	13.42	15.33
1.931	13.42	15.33
1.931	13.42	15.33
1.932	13.42	15.33
1.932	13.42	15.33
1.932	13.42	15.33
1.933	13.41	15.33
1.933	13.41	15.33
1.933	13.41	15.33
1.933	13.41	15.33
1.933	13.41	15.33
1.934	13.40	15.33
1.934	13.40	15.33
1.934	13.40	15.33
1.934	13.40	15.33
1.935	13.40	15.33
1.935	13.39	15.33
1.935	13.40	15.33
1.935	13.40	15.33
1.935	13.40	15.33
1.935	13.39	15.33
1.936	13.39	15.33
1.937	13.38	15.33
1.937	13.38	15.33
1.938	13.37	15.33
1.938	13.37	15.33
1.939	13.36	15.33
1.939	13.36	15.33
1.940	13.36	15.33
1.940	13.36	15.33
1.941	13.36	15.33
1.941	13.36	15.33
1.941	13.36	15.33
1.941	13.35	15.33
1.942	13.35	15.33
1.942	13.35	15.33
1.943	13.34	15.33
1.943	13.34	15.33
1.944	13.33	15.33
1.945	13.33	15.33
1.945	13.33	15.33
1.945	13.33	15.33
1.946	13.32	15.33
1.946	13.32	15.33
1.947	13.32	15.33
1.947	13.32	15.33
1.948	13.32	15.33
1.948	13.32	15.33
1.948	13.32	15.33
1.949	13.31	15.33
1.949	13.31	15.33
1.949	13.31	15.33
1.949	13.31	15.33
1.950	13.30	15.33
1.951	13.29	15.33
1.952	13.29	15.33
1.953	13.28	15.33
1.953	13.27	15.33
1.954	13.26	15.33
1.954	13.26	15.33
1.955	13.26	15.33
1.957	13.25	15.33
1.958	13.24	15.33
1.958	13.23	15.33
1.959	13.23	15.33
1.960	13.22	15.33
1.961	13.22	15.33
1.962	13.22	15.33
1.963	13.20	15.33
1.964	13.20	15.33
1.964	13.19	15.33
1.965	13.19	15.33
1.965	13.19	15.33
1.965	13.19	15.33
1.965	13.19	15.33
1.965	13.19	15.33
1.965	13.19	15.33
1.965	13.19	15.33
1.965	13.19	15.33
1.965	13.19	15.33
1.965	13.18	15.33
1.967	13.16	15.33
1.968	13.16	15.33
1.969	13.14	15.33
1.971	13.14	15.33
1.971	13.14	15.33
1.971	13.14	15.33
1.972	13.13	15.33
1.973	13.13	15.33
1.974	13.13	15.33
1.975	13.12	15.33
1.976	13.11	15.33
1.977	13.11	15.33
1.977	13.10	15.33
1.977	13.10	15.33
1.977	13.10	15.33
1.977	13.10	15.33
1.977	13.10	15.33
1.978	13.09	15.33
1.979	13.08	15.33
1.981	13.07	15.33
1.982	13.07	15.33
1.983	13.06	15.33
1.984	13.06	15.33
1.985	13.05	15.33
1.986	13.04	15.33
1.987	13.04	15.33
1.988	13.03	15.33
1.990	13.02	15.33
1.991	13.01	15.33
1.992	13.00	15.33
1.992	13.00	15.33
1.993	13.00	15.33
1.994	12.99	15.33
1.995	12.98	15.33
1.995	12.98	15.33
1.996	12.97	15.33
1.996	12.97	15.33
1.997	12.97	15.33
1.997	12.96	15.33
1.997	12.96	15.33
1.997	12.96	15.33
1.997	12.96	15.33
1.998	12.96	15.33
1.998	12.96	15.33
1.998	12.96	15.33
1.998	12.96	15.33
1.998	12.95	15.33
1.998	12.95	15.33
1.999	12.95	15.33
2.000	12.94	15.33
2.002	12.93	15.33
2.005	12.91	15.33
2.006	12.90	15.33
2.007	12.90	15.33
2.008	12.89	15.33
2.009	12.88	15.33
2.009	12.88	15.33
2.010	12.88	15.33
2.011	12.87	15.33
2.011	12.87	15.33
2.012	12.87	15.33
2.012	12.87	15.33
2.013	12.86	15.33
2.014	12.86	15.33
2.015	12.86	15.33
2.016	12.86	15.33
2.016	12.85	15.33
2.017	12.85	15.33
2.018	12.84	15.33
2.018	12.84	15.33
2.019	12.83	15.33
2.020	12.82	15.33
2.021	12.82	15.33
2.022	12.81	15.33
2.023	12.81	15.33
2.024	12.80	15.33
2.025	12.79	15.33
2.026	12.78	15.33
2.026	12.78	15.33
2.026	12.78	15.33
2.027	12.78	15.33
2.027	12.77	15.33
2.028	12.77	15.33
2.029	12.77	15.33
2.029	12.76	15.33
2.030	12.76	15.33
2.031	12.75	15.33
2.031	12.75	15.33
2.032	12.75	15.33
2.033	12.74	15.33
2.034	12.74	15.33
2.034	12.73	15.33
2.035	12.73	15.33
2.036	12.73	15.33
2.037	12.71	15.33
2.038	12.70	15.33
2.039	12.69	15.33
2.041	12.68	15.33
2.043	12.68	15.33
2.044	12.67	15.33
2.045	12.66	15.33
2.046	12.65	15.33
2.048	12.65	15.33
2.050	12.64	15.33
2.052	12.62	15.33
2.053	12.62	15.33
2.053	12.61	15.33
2.054	12.61	15.33
2.055	12.60	15.33
2.056	12.59	15.33
2.056	12.58	15.33
2.057	12.58	15.33
2.057	12.57	15.33
2.058	12.57	15.33
2.059	12.57	15.33
2.060	12.56	15.33
2.061	12.55	15.33
2.062	12.55	15.33
2.063	12.54	15.33
2.064	12.54	15.33
2.065	12.53	15.33
2.066	12.52	15.33
2.068	12.52	15.33
2.069	12.52	15.33
2.070	12.51	15.33
2.070	12.51	15.33
2.071	12.50	15.33
2.072	12.49	15.33
2.073	12.48	15.33
2.073	12.48	15.33
2.073	12.48	15.33
2.074	12.47	15.33
2.076	12.46	15.33
2.077	12.45	15.33
2.077	12.45	15.33
2.079	12.45	15.33
2.079	12.44	15.33
2.079	12.44	15.33
2.080	12.44	15.33
2.080	12.44	15.33
2.081	12.44	15.33
2.081	12.44	15.33
2.082	12.43	15.33
2.083	12.43	15.33
2.083	12.42	15.33
2.083	12.42	15.33
2.084	12.42	15.33
2.084	12.41	15.33
2.085	12.41	15.33
2.086	12.41	15.33
2.086	12.41	15.33
2.086	12.40	15.33
2.087	12.40	15.33
2.087	12.40	15.33
2.087	12.40	15.33
2.087	12.40	15.33
2.088	12.40	15.33
2.088	12.39	15.33
2.089	12.39	15.33
2.089	12.38	15.33
2.090	12.38	15.33
2.091	12.37	15.33
2.092	12.36	15.33
2.094	12.36	15.33
2.094	12.35	15.33
2.095	12.35	15.33
2.096	12.34	15.33
2.096	12.34	15.33
2.097	12.33	15.33
2.098	12.33	15.33
2.098	12.33	15.33
2.099	12.33	15.33
2.100	12.32	15.33
2.100	12.32	15.33
2.102	12.31	15.33
2.103	12.30	15.33
2.104	12.29	15.33
2.105	12.29	15.33
2.105	12.29	15.33
2.106	12.28	15.33
2.106	12.28	15.33
2.107	12.28	15.33
2.108	12.27	15.33
2.109	12.27	15.33
2.109	12.27	15.33
2.110	12.26	15.33
2.111	12.26	15.33
2.112	12.25	15.33
2.114	12.24	15.33
2.115	12.23	15.33
2.116	12.22	15.33
2.117	12.22	15.33
2.120	12.21	15.33
2.123	12.19	15.33
2.124	12.18	15.33
2.125	12.18	15.33
2.127	12.17	15.33
2.128	12.16	15.33
2.128	12.16	15.33
2.129	12.15	15.33
2.130	12.15	15.33
2.130	12.15	15.33
2.131	12.14	15.33
2.131	12.14	15.33
2.132	12.14	15.33
2.133	12.13	15.33
2.134	12.13	15.33
2.135	12.12	15.33
2.136	12.11	15.33
2.137	12.11	15.33
2.137	12.11	15.33
2.137	12.10	15.33
2.139	12.09	15.33
2.140	12.08	15.33
2.140	12.08	15.33
2.141	12.07	15.33
2.142	12.06	15.33
2.143	12.06	15.33
2.144	12.05	15.33
2.146	12.05	15.33
2.146	12.04	15.33
2.147	12.04	15.34
2.147	12.04	15.34
2.147	12.04	15.33
2.147	12.04	15.33
2.147	12.04	15.33
2.148	12.03	15.34
2.149	12.03	15.33
2.149	12.03	15.33
2.150	12.02	15.33
2.151	12.02	15.33
2.151	12.01	15.33
2.152	12.01	15.33
2.153	12.00	15.34
2.154	12.00	15.34
2.156	11.99	15.33
2.158	11.98	15.34
2.160	11.98	15.34
2.161	11.98	15.34
2.162	11.97	15.33
2.164	11.96	15.33
2.165	11.96	15.34
2.165	11.95	15.33
2.166	11.94	15.33
2.167	11.94	15.34
2.168	11.93	15.33
2.169	11.92	15.34
2.170	11.92	15.33
2.171	11.91	15.34
2.172	11.90	15.33
2.172	11.90	15.33
2.173	11.90	15.34
2.175	11.89	15.33
2.176	11.88	15.34
2.176	11.88	15.34
2.177	11.88	15.34
2.177	11.87	15.33
2.179	11.87	15.34
2.180	11.86	15.33
2.181	11.86	15.34
2.182	11.85	15.34
2.184	11.85	15.33
2.185	11.84	15.33
2.187	11.84	15.34
2.188	11.83	15.34
2.189	11.82	15.34
2.190	11.82	15.33
2.190	11.81	15.33
2.191	11.81	15.34
2.192	11.80	15.34
2.195	11.79	15.34
2.196	11.78	15.34
2.199	11.77	15.34
2.201	11.76	15.34
2.202	11.75	15.34
2.203	11.75	15.34
2.205	11.74	15.34
2.206	11.73	15.34
2.207	11.73	15.34
2.208	11.72	15.34
2.209	11.72	15.34
2.210	11.71	15.34
2.211	11.70	15.34
2.211	11.70	15.34
2.212	11.69	15.34
2.213	11.69	15.34
2.214	11.68	15.34
2.215	11.67	15.34
2.215	11.67	15.34
2.216	11.67	15.34
2.216	11.66	15.34
2.216	11.66	15.34
2.217	11.66	15.34
2.217	11.65	15.34
2.217	11.65	15.34
2.218	11.65	15.34
2.218	11.65	15.34
2.218	11.64	15.34
2.219	11.64	15.34
2.219	11.64	15.34
2.220	11.63	15.34
2.221	11.63	15.34
2.222	11.62	15.34
2.223	11.62	15.34
2.224	11.61	15.34
2.224	11.60	15.34
2.225	11.60	15.34
2.225	11.60	15.34
2.226	11.60	15.34
2.226	11.60	15.34
2.226	11.59	15.34
2.227	11.59	15.34
2.227	11.58	15.34
2.228	11.58	15.34
2.228	11.58	15.34
2.228	11.58	15.34
2.229	11.58	15.34
2.230	11.57	15.34
2.231	11.57	15.34
2.232	11.56	15.34
2.233	11.56	15.34
2.234	11.56	15.34
2.235	11.55	15.34
2.235	11.55	15.34
2.236	11.54	15.34
2.237	11.54	15.34
2.237	11.54	15.34
2.238	11.54	15.34
2.238	11.53	15.34
2.239	11.53	15.34
2.240	11.53	15.34
2.241	11.52	15.34
2.242	11.52	15.34
2.243	11.52	15.34
2.244	11.51	15.34
2.245	11.51	15.34
2.246	11.50	15.34
2.247	11.50	15.34
2.248	11.49	15.34
2.249	11.49	15.34
2.250	11.49	15.34
2.250	11.48	15.34
2.250	11.48	15.34
2.251	11.48	15.34
2.252	11.47	15.34
2.254	11.46	15.34
2.255	11.46	15.34
2.256	11.45	15.34
2.256	11.45	15.34
2.257	11.45	15.34
2.257	11.44	15.34
2.257	11.44	15.34
2.257	11.44	15.34
2.258	11.43	15.34
2.258	11.43	15.34
2.259	11.42	15.34
2.259	11.42	15.34
2.260	11.41	15.34
2.260	11.41	15.34
2.261	11.41	15.34
2.263	11.40	15.34
2.264	11.39	15.34
2.265	11.39	15.34
2.266	11.39	15.34
2.267	11.38	15.34
2.268	11.38	15.34
2.268	11.38	15.34
2.269	11.38	15.34
2.269	11.38	15.34
2.270	11.38	15.34
2.270	11.38	15.34
2.271	11.37	15.34
2.272	11.37	15.34
2.273	11.37	15.34
2.274	11.36	15.34
2.274	11.35	15.34
2.275	11.35	15.34
2.275	11.35	15.34
2.275	11.35	15.34
2.276	11.35	15.34
2.277	11.33	15.34
2.278	11.32	15.34
2.279	11.32	15.34
2.279	11.32	15.34
2.279	11.32	15.34
2.280	11.31	15.34
2.281	11.31	15.34
2.282	11.30	15.34
2.283	11.30	15.34
2.284	11.29	15.34
2.286	11.28	15.34
2.287	11.28	15.34
2.289	11.27	15.34
2.291	11.26	15.34
2.293	11.25	15.34
2.294	11.24	15.34
2.295	11.23	15.34
2.297	11.23	15.34
2.298	11.22	15.34
2.299	11.21	15.34
2.300	11.21	15.34
2.300	11.21	15.34
2.301	11.21	15.34
2.301	11.20	15.34
2.302	11.20	15.34
2.302	11.20	15.34
2.302	11.20	15.34
2.302	11.19	15.34
2.303	11.19	15.34
2.304	11.18	15.34
2.305	11.17	15.34
2.306	11.17	15.34
2.307	11.17	15.34
2.308	11.16	15.34
2.309	11.16	15.34
2.309	11.16	15.34
2.310	11.15	15.34
2.310	11.15	15.34
2.311	11.15	15.34
2.311	11.15	15.34
2.312	11.15	15.34
2.312	11.15	15.34
2.312	11.14	15.34
2.312	11.14	15.34
2.312	11.14	15.34
2.312	11.14	15.34
2.313	11.14	15.34
2.313	11.14	15.34
2.314	11.13	15.34
2.314	11.13	15.34
2.315	11.12	15.34
2.316	11.12	15.34
2.317	11.12	15.34
2.318	11.11	15.34
2.318	11.11	15.34
2.319	11.10	15.34
2.320	11.10	15.34
2.321	11.09	15.34
2.322	11.08	15.34
2.324	11.08	15.34
2.325	11.08	15.34
2.326	11.08	15.34
2.326	11.07	15.34
2.327	11.07	15.34
2.328	11.06	15.34
2.328	11.06	15.34
2.329	11.05	15.34
2.331	11.04	15.34
2.332	11.03	15.34
2.333	11.02	15.34
2.334	11.02	15.34
2.336	11.02	15.34
2.337	11.01	15.34
2.339	11.01	15.34
2.340	11.00	15.34
2.341	10.99	15.34
2.342	10.98	15.34
2.343	10.98	15.34
2.344	10.97	15.34
2.344	10.97	15.34
2.345	10.97	15.34
2.346	10.96	15.34
2.347	10.95	15.34
2.348	10.94	15.34
2.349	10.93	15.34
2.350	10.93	15.34
2.351	10.92	15.34
2.352	10.92	15.34
2.353	10.91	15.34
2.354	10.91	15.34
2.355	10.91	15.34
2.356	10.90	15.34
2.357	10.90	15.34
2.358	10.90	15.34
2.358	10.87	15.34
2.359	10.86	15.34
2.360	10.85	15.34
2.361	10.85	15.34
2.361	10.84	15.34
2.362	10.84	15.34
2.363	10.82	15.34
2.365	10.80	15.34
2.366	10.80	15.34
2.368	10.79	15.34
2.370	10.78	15.34
2.371	10.78	15.34
2.372	10.78	15.34
2.373	10.77	15.34
2.374	10.76	15.34
2.374	10.74	15.34
2.376	10.73	15.34
2.377	10.73	15.34
2.380	10.72	15.34
2.383	10.71	15.34
2.385	10.70	15.34
2.386	10.70	15.34
2.387	10.70	15.34
2.388	10.70	15.34
2.389	10.70	15.34
2.391	10.70	15.34
2.393	10.70	15.34
2.394	10.70	15.34
2.395	10.70	15.34
2.396	10.69	15.34
2.398	10.69	15.34
2.400	10.68	15.34
2.402	10.69	15.34
2.404	10.68	15.34
2.406	10.68	15.34
2.408	10.68	15.34
2.409	10.67	15.34
2.411	10.67	15.34
2.412	10.67	15.34
2.413	10.67	15.34
2.414	10.66	15.34
2.414	10.66	15.34
2.414	10.66	15.34
2.415	10.66	15.34
2.417	10.64	15.34
2.419	10.60	15.34
2.421	10.59	15.34
2.423	10.58	15.34
2.425	10.55	15.34
2.429	10.52	15.34
2.432	10.50	15.34
2.432	10.49	15.34
2.433	10.49	15.34
2.435	10.49	15.34
2.437	10.49	15.34
2.440	10.48	15.34
2.443	10.48	15.34
2.447	10.48	15.34
2.450	10.47	15.34
2.452	10.46	15.34
2.456	10.43	15.34
2.459	10.41	15.34
2.461	10.40	15.34
2.462	10.39	15.34
2.463	10.38	15.34
2.464	10.38	15.34
2.464	10.38	15.34
2.464	10.37	15.34
2.464	10.37	15.34
2.465	10.37	15.34
2.465	10.37	15.34
2.465	10.37	15.34
2.465	10.37	15.34
2.465	10.37	15.34
2.465	10.37	15.34
2.466	10.38	15.34
2.466	10.38	15.34
2.467	10.38	15.34
2.468	10.38	15.34
2.469	10.37	15.34
2.471	10.37	15.34
2.471	10.36	15.34
2.472	10.37	15.34
2.473	10.36	15.34
2.474	10.36	15.34
2.475	10.35	15.34
2.476	10.35	15.34
2.477	10.33	15.34
2.479	10.31	15.34
2.480	10.30	15.34
2.481	10.30	15.34
2.482	10.30	15.34
2.483	10.29	15.34
2.483	10.29	15.34
2.484	10.29	15.34
2.486	10.29	15.34
2.487	10.29	15.34
2.489	10.27	15.34
2.490	10.27	15.34
2.490	10.28	15.34
2.491	10.27	15.34
2.492	10.28	15.34
2.492	10.27	15.34
2.492	10.28	15.34
2.492	10.27	15.34
2.492	10.27	15.34
2.492	10.27	15.34
2.493	10.27	15.34
2.493	10.27	15.34
2.493	10.26	15.34
2.494	10.26	15.34
2.494	10.26	15.34
2.496	10.26	15.34
2.496	10.25	15.34
2.497	10.25	15.34
2.498	10.25	15.34
2.499	10.24	15.34
2.499	10.25	15.34
2.500	10.25	15.34
2.500	10.25	15.34
2.501	10.25	15.34
2.502	10.24	15.34
2.504	10.23	15.34
2.506	10.23	15.34
2.507	10.23	15.34
2.509	10.23	15.34
2.510	10.23	15.34
2.512	10.23	15.34
2.514	10.23	15.34
2.516	10.22	15.34
2.517	10.22	15.34
2.518	10.22	15.34
2.519	10.21	15.34
2.519	10.21	15.34
2.520	10.21	15.34
2.520	10.21	15.34
2.520	10.21	15.34
2.521	10.21	15.34
2.523	10.20	15.34
2.524	10.19	15.34
2.524	10.19	15.34
2.524	10.18	15.34
2.524	10.17	15.34
2.523	10.17	15.34
2.523	10.18	15.34
2.525	10.19	15.34
2.525	10.18	15.34
2.525	10.17	15.34
2.526	10.17	15.34
2.526	10.16	15.34
2.526	10.17	15.34
2.526	10.17	15.34
2.527	10.17	15.34
2.528	10.17	15.34
2.530	10.16	15.34
2.532	10.14	15.34
2.535	10.13	15.34
2.536	10.12	15.34
2.538	10.12	15.34
2.539	10.11	15.34
2.539	10.11	15.34
2.540	10.11	15.34
2.540	10.11	15.34
2.540	10.10	15.34
2.540	10.11	15.34
2.540	10.11	15.34
2.541	10.11	15.34
2.542	10.11	15.34
2.542	10.12	15.34
2.543	10.11	15.34
2.544	10.10	15.34
2.544	10.09	15.34
2.545	10.10	15.34
2.546	10.08	15.34
2.546	10.07	15.34
2.547	10.07	15.34
2.547	10.07	15.34
2.548	10.06	15.34
2.549	10.05	15.34
2.549	10.05	15.34
2.550	10.04	15.34
2.551	10.04	15.34
2.552	10.04	15.34
2.553	10.04	15.34
2.554	10.04	15.34
2.554	10.03	15.34
2.555	10.03	15.34
2.556	10.02	15.34
2.557	10.02	15.34
2.558	10.02	15.34
2.559	10.02	15.34
2.560	10.02	15.34
2.562	10.01	15.34
2.563	10.01	15.34
2.564	10.00	15.34
2.565	10.00	15.34
2.566	9.99	15.34
2.566	9.99	15.34
2.566	9.99	15.34
2.567	9.99	15.34
2.567	9.99	15.34
2.568	9.97	15.34
2.568	9.97	15.34
2.569	9.97	15.34
2.570	9.96	15.34
2.570	9.96	15.34
2.571	9.95	15.34
2.571	9.95	15.34
2.571	9.96	15.34
2.571	9.96	15.34
2.573	9.96	15.34
2.574	9.95	15.34
2.575	9.96	15.34
2.576	9.95	15.34
2.577	9.94	15.34
2.578	9.94	15.34
2.579	9.93	15.34
2.581	9.93	15.34
2.583	9.92	15.34
2.584	9.93	15.34
2.585	9.93	15.34
2.587	9.92	15.34
2.588	9.90	15.34
2.590	9.91	15.34
2.591	9.91	15.34
2.592	9.90	15.34
2.594	9.89	15.34
2.596	9.90	15.34
2.598	9.89	15.34
2.600	9.86	15.34
2.601	9.86	15.34
2.602	9.86	15.34
2.603	9.85	15.34
2.604	9.85	15.34
2.605	9.85	15.34
2.607	9.85	15.34
2.608	9.83	15.34
2.609	9.82	15.34
2.611	9.81	15.34
2.613	9.82	15.34
2.615	9.81	15.34
2.617	9.80	15.34
2.620	9.81	15.34
2.622	9.81	15.34
2.624	9.81	15.34
2.625	9.80	15.34
2.627	9.79	15.34
2.628	9.77	15.34
2.629	9.77	15.34
2.629	9.77	15.34
2.630	9.77	15.34
2.632	9.77	15.34
2.633	9.77	15.34
2.635	9.77	15.34
2.636	9.76	15.34
2.637	9.75	15.34
2.637	9.74	15.34
2.638	9.73	15.34
2.638	9.72	15.34
2.638	9.72	15.34
2.639	9.72	15.34
2.640	9.71	15.34
2.641	9.70	15.34
2.642	9.69	15.34
2.643	9.69	15.34
2.644	9.69	15.34
2.646	9.68	15.34
2.648	9.67	15.34
2.649	9.67	15.34
2.650	9.68	15.34
2.652	9.69	15.34
2.655	9.64	15.34
2.656	9.64	15.34
2.658	9.63	15.34
2.660	9.62	15.34
2.661	9.62	15.34
2.662	9.62	15.34
2.663	9.62	15.34
2.664	9.62	15.34
2.666	9.63	15.34
2.668	9.62	15.34
2.670	9.61	15.34
2.671	9.60	15.34
2.672	9.58	15.34
2.673	9.59	15.34
2.673	9.59	15.34
2.674	9.60	15.34
2.675	9.60	15.34
2.675	9.60	15.34
2.676	9.59	15.34
2.677	9.58	15.34
2.677	9.57	15.34
2.679	9.57	15.34
2.679	9.57	15.34
2.680	9.58	15.34
2.680	9.58	15.34
2.681	9.58	15.34
2.681	9.58	15.34
2.683	9.58	15.34
2.684	9.58	15.34
2.686	9.58	15.34
2.687	9.57	15.34
2.689	9.57	15.34
2.690	9.57	15.34
2.690	9.56	15.34
2.691	9.57	15.34
2.692	9.56	15.34
2.693	9.55	15.34
2.694	9.54	15.34
2.695	9.53	15.34
2.696	9.53	15.34
2.697	9.53	15.34
2.697	9.53	15.34
2.698	9.52	15.34
2.699	9.52	15.34
2.699	9.51	15.34
2.700	9.50	15.34
2.701	9.50	15.34
2.703	9.49	15.34
2.705	9.49	15.34
2.707	9.49	15.34
2.709	9.49	15.34
2.710	9.49	15.34
2.711	9.46	15.34
2.713	9.46	15.34
2.714	9.46	15.34
2.714	9.46	15.34
2.715	9.45	15.34
2.717	9.45	15.34
2.718	9.42	15.34
2.719	9.43	15.34
2.720	9.43	15.34
2.722	9.42	15.34
2.723	9.42	15.34
2.724	9.41	15.34
2.724	9.41	15.34
2.726	9.41	15.34
2.727	9.41	15.34
2.729	9.41	15.34
2.730	9.40	15.34
2.731	9.40	15.34
2.732	9.39	15.34
2.734	9.39	15.34
2.734	9.39	15.34
2.736	9.39	15.34
2.738	9.39	15.34
2.740	9.38	15.34
2.741	9.38	15.34
2.742	9.38	15.34
2.743	9.37	15.34
2.743	9.37	15.34
2.745	9.37	15.34
2.748	9.36	15.34
2.750	9.33	15.34
2.752	9.33	15.34
2.754	9.31	15.34
2.755	9.30	15.34
2.757	9.31	15.34
2.760	9.31	15.34
2.762	9.29	15.34
2.763	9.29	15.34
2.764	9.28	15.34
2.767	9.27	15.34
2.768	9.27	15.34
2.771	9.26	15.34
2.773	9.26	15.34
2.775	9.26	15.34
2.778	9.25	15.34
2.780	9.23	15.34
2.782	9.22	15.34
2.783	9.21	15.34
2.785	9.21	15.34
2.787	9.21	15.34
2.787	9.21	15.34
2.788	9.21	15.34
2.790	9.20	15.34
2.791	9.19	15.34
2.791	9.18	15.34
2.791	9.18	15.34
2.791	9.17	15.34
2.791	9.17	15.34
2.791	9.17	15.34
2.791	9.17	15.34
2.791	9.17	15.34
2.791	9.17	15.34
2.792	9.17	15.34
2.793	9.17	15.34
2.794	9.17	15.34
2.795	9.18	15.34
2.796	9.17	15.34
2.796	9.17	15.34
2.797	9.18	15.34
2.801	9.16	15.34
2.805	9.16	15.34
2.809	9.16	15.34
2.813	9.16	15.34
2.815	9.14	15.34
2.817	9.12	15.34
2.818	9.11	15.34
2.818	9.09	15.34
2.819	9.08	15.34
2.820	9.07	15.34
2.821	9.08	15.34
2.822	9.08	15.34
2.824	9.07	15.34
2.826	9.06	15.34
2.828	9.05	15.34
2.830	9.08	15.34
2.832	9.07	15.34
2.833	9.06	15.34
2.833	9.05	15.34
2.834	9.04	15.34
2.836	9.02	15.34
2.837	9.02	15.34
2.838	9.01	15.34
2.839	9.01	15.34
2.840	9.01	15.34
2.842	9.01	15.34
2.843	9.00	15.34
2.845	8.98	15.34
2.848	8.99	15.34
2.851	8.98	15.34
2.854	8.98	15.34
2.856	8.97	15.34
2.859	8.95	15.34
2.862	8.93	15.34
2.864	8.93	15.34
2.865	8.92	15.34
2.866	8.91	15.34
2.867	8.91	15.34
2.869	8.92	15.34
2.870	8.91	15.34
2.871	8.90	15.34
2.872	8.89	15.34
2.874	8.89	15.34
2.875	8.89	15.34
2.878	8.89	15.34
2.879	8.88	15.34
2.881	8.87	15.34
2.882	8.86	15.34
2.883	8.85	15.34
2.885	8.85	15.34
2.887	8.84	15.34
2.890	8.84	15.34
2.892	8.83	15.34
2.893	8.81	15.34
2.895	8.82	15.34
2.896	8.83	15.34
2.899	8.81	15.34
2.901	8.81	15.34
2.903	8.82	15.34
2.906	8.82	15.34
2.907	8.80	15.34
2.909	8.79	15.34
2.911	8.78	15.34
2.913	8.77	15.34
2.915	8.76	15.34
2.917	8.75	15.34
2.918	8.75	15.34
2.919	8.75	15.34
2.920	8.75	15.34
2.920	8.75	15.34
2.921	8.75	15.34
2.922	8.75	15.34
2.925	8.73	15.34
2.930	8.71	15.34
2.933	8.69	15.34
2.935	8.68	15.34
2.937	8.68	15.34
2.939	8.67	15.34
2.941	8.66	15.34
2.943	8.66	15.34
2.944	8.65	15.34
2.945	8.66	15.34
2.946	8.66	15.34
2.948	8.65	15.34
2.951	8.66	15.34
2.953	8.66	15.34
2.955	8.64	15.34
2.957	8.63	15.34
2.959	8.63	15.34
2.960	8.63	15.34
2.962	8.62	15.34
2.963	8.61	15.34
2.964	8.61	15.34
2.966	8.62	15.34
2.967	8.63	15.34
2.968	8.61	15.34
2.969	8.60	15.34
2.969	8.59	15.34
2.970	8.60	15.34
2.972	8.59	15.34
2.973	8.59	15.34
2.974	8.60	15.34
2.976	8.60	15.34
2.977	8.59	15.34
2.978	8.59	15.34
2.979	8.61	15.34
2.980	8.62	15.34
2.982	8.61	15.34
2.984	8.60	15.34
2.987	8.61	15.34
2.990	8.61	15.34
2.992	8.61	15.34
2.996	8.62	15.34
3.000	8.59	15.34
3.003	8.56	15.34
3.007	8.53	15.34
3.010	8.49	15.34
3.013	8.48	15.34
3.016	8.47	15.34
3.018	8.47	15.34
3.019	8.47	15.34
3.021	8.47	15.34
3.021	8.46	15.34
3.022	8.44	15.34
3.023	8.43	15.34
3.024	8.43	15.34
3.025	8.43	15.34
3.026	8.43	15.34
3.027	8.45	15.34
3.028	8.43	15.34
3.029	8.43	15.34
3.030	8.42	15.34
3.031	8.43	15.34
3.032	8.42	15.34
3.034	8.41	15.34
3.037	8.41	15.34
3.039	8.40	15.34
3.041	8.40	15.34
3.043	8.40	15.34
3.045	8.40	15.34
3.047	8.39	15.34
3.048	8.38	15.34
3.049	8.38	15.34
3.051	8.38	15.34
3.054	8.37	15.34
3.056	8.36	15.34
3.060	8.34	15.34
3.063	8.33	15.34
3.065	8.34	15.34
3.066	8.34	15.34
3.067	8.33	15.34
3.068	8.32	15.34
3.069	8.32	15.34
3.070	8.31	15.34
3.071	8.30	15.34
3.072	8.29	15.34
3.073	8.29	15.34
3.074	8.28	15.34
3.076	8.28	15.34
3.078	8.27	15.34
3.080	8.27	15.34
3.081	8.27	15.34
3.082	8.27	15.34
3.084	8.27	15.34
3.086	8.27	15.34
3.088	8.26	15.34
3.089	8.27	15.34
3.091	8.26	15.34
3.092	8.25	15.34
3.093	8.25	15.34
3.095	8.24	15.34
3.097	8.23	15.34
3.099	8.22	15.34
3.101	8.22	15.34
3.103	8.21	15.34
3.105	8.22	15.34
3.107	8.21	15.34
3.109	8.20	15.34
3.112	8.18	15.34
3.113	8.17	15.34
3.114	8.17	15.34
3.116	8.17	15.34
3.117	8.16	15.34
3.118	8.16	15.34
3.119	8.15	15.34
3.119	8.14	15.34
3.120	8.14	15.34
3.121	8.15	15.34
3.121	8.15	15.34
3.122	8.13	15.34
3.124	8.13	15.34
3.125	8.13	15.34
3.126	8.13	15.34
3.127	8.13	15.34
3.130	8.13	15.34
3.132	8.13	15.34
3.134	8.14	15.34
3.136	8.13	15.34
3.137	8.11	15.34
3.138	8.11	15.34
3.138	8.10	15.34
3.138	8.10	15.34
3.138	8.10	15.34
3.139	8.11	15.34
3.141	8.10	15.34
3.143	8.11	15.34
3.145	8.11	15.34
3.146	8.10	15.34
3.146	8.09	15.34
3.147	8.09	15.34
3.147	8.09	15.34
3.147	8.08	15.34
3.147	8.08	15.34
3.149	8.07	15.34
3.154	8.04	15.34
3.160	8.03	15.34
3.164	8.03	15.34
3.167	8.02	15.34
3.169	8.01	15.34
3.170	8.00	15.34
3.171	7.99	15.34
3.173	7.99	15.34
3.174	8.00	15.34
3.175	7.99	15.34
3.175	7.99	15.34
3.175	7.99	15.34
3.176	7.99	15.34
3.177	7.99	15.34
3.179	7.99	15.34
3.181	7.98	15.34
3.184	7.98	15.34
3.186	7.98	15.34
3.188	7.98	15.34
3.189	7.99	15.34
3.191	7.96	15.34
3.193	7.95	15.34
3.194	7.94	15.34
3.197	7.94	15.34
3.198	7.95	15.34
3.199	7.94	15.34
3.199	7.94	15.34
3.200	7.95	15.34
3.202	7.94	15.34
3.203	7.94	15.34
3.204	7.94	15.34
3.205	7.94	15.34
3.208	7.93	15.34
3.211	7.91	15.34
3.213	7.91	15.34
3.216	7.91	15.34
3.218	7.90	15.34
3.219	7.89	15.34
3.219	7.89	15.34
3.219	7.89	15.34
3.220	7.89	15.34
3.221	7.89	15.34
3.222	7.88	15.34
3.223	7.88	15.34
3.224	7.87	15.34
3.225	7.87	15.34
3.227	7.86	15.34
3.230	7.86	15.34
3.233	7.85	15.34
3.235	7.85	15.34
3.236	7.84	15.34
3.236	7.84	15.34
3.236	7.84	15.34
3.236	7.83	15.34
3.236	7.85	15.34
3.236	7.84	15.34
3.236	7.83	15.34
3.236	7.83	15.34
3.236	7.83	15.34
3.236	7.83	15.34
3.236	7.83	15.34
3.236	7.83	15.34
3.235	7.83	15.34
3.236	7.83	15.34
3.237	7.82	15.34
3.241	7.83	15.34
3.247	7.83	15.34
3.250	7.82	15.34
3.253	7.80	15.34
3.257	7.80	15.34
3.261	7.79	15.34
3.263	7.77	15.34
3.264	7.77	15.34
3.265	7.77	15.34
3.266	7.76	15.34
3.267	7.76	15.34
3.268	7.74	15.35
3.268	7.74	15.34
3.269	7.74	15.34
3.271	7.73	15.34
3.273	7.73	15.34
3.273	7.73	15.34
3.274	7.74	15.34
3.274	7.73	15.34
3.275	7.72	15.34
3.277	7.71	15.34
3.279	7.71	15.34
3.281	7.71	15.34
3.285	7.72	15.34
3.287	7.72	15.34
3.289	7.71	15.34
3.292	7.70	15.34
3.296	7.68	15.34
3.299	7.67	15.34
3.302	7.68	15.34
3.306	7.69	15.34
3.309	7.66	15.35
3.310	7.65	15.34
3.311	7.64	15.35
3.312	7.64	15.34
3.314	7.64	15.34
3.315	7.63	15.35
3.317	7.63	15.35
3.319	7.63	15.34
3.320	7.63	15.35
3.323	7.62	15.35
3.325	7.61	15.34
3.326	7.60	15.34
3.328	7.59	15.34
3.331	7.59	15.34
3.333	7.59	15.35
3.336	7.58	15.35
3.338	7.58	15.34
3.341	7.59	15.34
3.344	7.56	15.34
3.347	7.56	15.35
3.351	7.56	15.35
3.356	7.55	15.35
3.358	7.55	15.35
3.360	7.55	15.35
3.364	7.53	15.35
3.368	7.55	15.35
3.372	7.53	15.35
3.376	7.48	15.35
3.380	7.48	15.35
3.384	7.47	15.35
3.388	7.48	15.35
3.391	7.47	15.35
3.393	7.46	15.35
3.396	7.46	15.35
3.399	7.47	15.35
3.402	7.46	15.35
3.405	7.44	15.35
3.406	7.43	15.35
3.408	7.42	15.35
3.410	7.40	15.35
3.413	7.39	15.35
3.415	7.40	15.35
3.417	7.41	15.35
3.419	7.42	15.35
3.422	7.41	15.35
3.425	7.43	15.35
3.428	7.39	15.35
3.429	7.38	15.35
3.431	7.38	15.35
3.432	7.38	15.35
3.434	7.37	15.35
3.437	7.36	15.35
3.439	7.36	15.35
3.441	7.35	15.35
3.442	7.33	15.35
3.443	7.33	15.35
3.443	7.34	15.35
3.443	7.34	15.35
3.443	7.33	15.35
3.445	7.34	15.35
3.448	7.35	15.35
3.451	7.34	15.35
3.457	7.33	15.35
3.463	7.31	15.35
3.467	7.28	15.35
3.471	7.25	15.35
3.477	7.24	15.35
3.481	7.25	15.35
3.484	7.24	15.35
3.487	7.24	15.35
3.490	7.22	15.35
3.493	7.21	15.35
3.495	7.20	15.35
3.497	7.19	15.35
3.500	7.19	15.35
3.502	7.18	15.35
3.505	7.19	15.35
3.508	7.20	15.35
3.510	7.18	15.35
3.512	7.17	15.35
3.514	7.16	15.35
3.516	7.15	15.35
3.517	7.14	15.35
3.520	7.13	15.35
3.523	7.13	15.35
3.524	7.13	15.35
3.526	7.13	15.35
3.528	7.13	15.35
3.531	7.12	15.35
3.534	7.12	15.35
3.537	7.13	15.35
3.539	7.11	15.35
3.541	7.11	15.35
3.543	7.11	15.35
3.545	7.13	15.35
3.548	7.13	15.35
3.550	7.12	15.35
3.552	7.12	15.35
3.554	7.11	15.35
3.556	7.10	15.35
3.557	7.09	15.35
3.560	7.08	15.35
3.561	7.07	15.35
3.562	7.06	15.35
3.564	7.06	15.35
3.565	7.05	15.35
3.567	7.03	15.35
3.569	7.04	15.35
3.571	7.02	15.35
3.575	7.02	15.35
3.578	7.02	15.35
3.581	7.00	15.35
3.583	7.02	15.35
3.587	7.02	15.35
3.589	7.02	15.35
3.592	7.02	15.35
3.594	7.01	15.35
3.597	6.99	15.35
3.602	6.99	15.35
3.606	6.97	15.35
3.608	6.96	15.35
3.611	6.95	15.35
3.613	6.94	15.35
3.614	6.93	15.35
3.615	6.93	15.35
3.618	6.93	15.35
3.622	6.93	15.35
3.624	6.92	15.35
3.626	6.92	15.35
3.628	6.93	15.35
3.629	6.94	15.35
3.632	6.93	15.35
3.636	6.92	15.35
3.639	6.90	15.35
3.641	6.92	15.35
3.644	6.94	15.35
3.646	6.94	15.35
3.649	6.94	15.35
3.653	6.92	15.35
3.655	6.89	15.35
3.657	6.87	15.35
3.659	6.85	15.35
3.662	6.85	15.35
3.665	6.84	15.35
3.668	6.84	15.35
3.671	6.82	15.35
3.672	6.81	15.35
3.674	6.82	15.35
3.677	6.82	15.35
3.680	6.82	15.35
3.684	6.80	15.35
3.688	6.79	15.35
3.691	6.78	15.35
3.695	6.78	15.35
3.702	6.79	15.35
3.710	6.80	15.35
3.715	6.80	15.35
3.718	6.77	15.35
3.721	6.75	15.35
3.723	6.75	15.35
3.725	6.74	15.35
3.727	6.73	15.35
3.728	6.72	15.35
3.730	6.74	15.35
3.732	6.74	15.35
3.733	6.74	15.35
3.734	6.73	15.35
3.736	6.73	15.35
3.738	6.73	15.35
3.740	6.72	15.35
3.741	6.72	15.35
3.743	6.71	15.35
3.744	6.70	15.35
3.745	6.71	15.35
3.747	6.70	15.35
3.749	6.69	15.35
3.751	6.69	15.35
3.754	6.68	15.35
3.756	6.68	15.35
3.758	6.67	15.35
3.761	6.66	15.35
3.764	6.66	15.35
3.766	6.64	15.35
3.769	6.64	15.35
3.772	6.63	15.35
3.775	6.63	15.35
3.777	6.62	15.35
3.781	6.62	15.35
3.785	6.61	15.35
3.790	6.60	15.35
3.794	6.60	15.35
3.798	6.58	15.35
3.802	6.59	15.35
3.806	6.58	15.35
3.809	6.58	15.35
3.813	6.58	15.35
3.817	6.57	15.35
3.822	6.56	15.35
3.827	6.55	15.35
3.831	6.55	15.35
3.836	6.55	15.35
3.840	6.55	15.35
3.844	6.54	15.35
3.849	6.55	15.35
3.854	6.54	15.35
3.859	6.52	15.35
3.863	6.52	15.35
3.867	6.52	15.35
3.871	6.50	15.35
3.873	6.49	15.35
3.875	6.49	15.35
3.878	6.50	15.35
3.881	6.50	15.35
3.886	6.49	15.35
3.893	6.47	15.35
3.899	6.47	15.35
3.903	6.45	15.35
3.905	6.44	15.35
3.907	6.42	15.35
3.907	6.42	15.35
3.907	6.41	15.35
3.908	6.42	15.35
3.913	6.42	15.35
3.917	6.41	15.35
3.923	6.40	15.35
3.926	6.37	15.35
3.927	6.37	15.35
3.929	6.38	15.35
3.931	6.38	15.35
3.937	6.38	15.35
3.944	6.36	15.35
3.948	6.37	15.35
3.951	6.37	15.35
3.954	6.35	15.35
3.958	6.36	15.35
3.961	6.37	15.35
3.964	6.36	15.35
3.969	6.36	15.35
3.974	6.35	15.35
3.978	6.35	15.35
3.982	6.35	15.35
3.986	6.36	15.35
3.991	6.37	15.35
3.996	6.38	15.35
4.000	6.37	15.35
4.003	6.37	15.35
4.006	6.38	15.35
4.010	6.28	15.35
4.014	6.28	15.35
4.016	6.28	15.35
4.018	6.28	15.35
4.021	6.28	15.35
4.024	6.27	15.35
4.028	6.28	15.35
4.033	6.28	15.35
4.037	6.27	15.35
4.041	6.27	15.35
4.043	6.28	15.35
4.043	6.27	15.35
4.043	6.27	15.35
4.043	6.27	15.35
4.043	6.27	15.35
4.043	6.28	15.35
4.043	6.28	15.35
4.043	6.28	15.35
4.043	6.28	15.35
4.043	6.28	15.35
4.043	6.27	15.35
4.043	6.28	15.35
4.043	6.28	15.35
4.043	6.28	15.35
4.043	6.28	15.35
4.043	6.28	15.35
4.043	6.28	15.35
4.043	6.28	15.35
4.043	6.28	15.35
4.043	6.27	15.35
4.043	6.27	15.35
4.043	6.28	15.35
4.043	6.27	15.35
4.043	6.28	15.35
4.043	6.28	15.35
4.043	6.28	15.35
4.043	6.28	15.35
4.043	6.28	15.35
4.043	6.28	15.35
4.043	6.28	15.35
4.043	6.28	15.35
4.043	6.28	15.35
4.043	6.27	15.35
4.043	6.28	15.35
4.043	6.28	15.35
4.043	6.28	15.35
4.043	6.28	15.35
4.043	6.28	15.35
4.043	6.28	15.35
4.043	6.28	15.35
4.043	6.28	15.35
4.043	6.29	15.35
4.043	6.28	15.35
4.043	6.28	15.35
4.043	6.28	15.35
4.043	6.28	15.35
4.043	6.28	15.35
4.043	6.27	15.35
4.043	6.27	15.35
4.043	6.28	15.35
4.043	6.28	15.35
4.043	6.28	15.35
4.043	6.28	15.35
4.043	6.27	15.35
4.043	6.27	15.35
4.043	6.27	15.35
4.043	6.28	15.35
4.043	6.28	15.35
4.043	6.28	15.35
4.043	6.28	15.35
4.043	6.28	15.35
4.043	6.28	15.35
4.043	6.28	15.35
4.043	6.28	15.35
4.043	6.28	15.35
4.043	6.29	15.35
4.043	6.28	15.35
4.043	6.29	15.35
4.043	6.30	15.35
4.043	6.31	15.35
4.043	6.31	15.35
4.043	6.32	15.35
4.043	6.30	15.35
4.043	6.30	15.35
4.043	6.28	15.35
4.043	6.28	15.35
4.043	6.28	15.35
4.043	6.28	15.35
4.043	6.28	15.35
4.043	6.28	15.35
4.043	6.28	15.35
4.043	6.28	15.35
4.043	6.28	15.35
4.043	6.29	15.35
4.043	6.29	15.35
4.043	6.29	15.35
4.043	6.29	15.35
4.043	6.29	15.35
4.043	6.29	15.35
4.043	6.29	15.35
4.043	6.29	15.35
4.043	6.29	15.35
4.043	6.29	15.35
4.043	6.29	15.35
4.043	6.29	15.35
4.043	6.28	15.35
4.043	6.28	15.35
4.043	6.28	15.35
4.043	6.28	15.35
4.043	6.28	15.35
4.043	6.28	15.35
4.043	6.28	15.35
4.043	6.29	15.35
4.043	6.29	15.35
4.043	6.29	15.35
4.043	6.29	15.35
4.043	6.29	15.35
4.043	6.29	15.35
4.043	6.29	15.35
4.043	6.29	15.35
4.043	6.29	15.35
4.043	6.29	15.35
4.043	6.29	15.35
4.043	6.29	15.35
4.043	6.30	15.35
4.043	6.30	15.35
4.043	6.29	15.35