4.043	6.27	25.26
4.043	6.27	25.26
4.043	6.28	25.26
4.043	6.28	25.26
4.043	6.28	25.26
4.043	6.28	25.26
4.043	6.28	25.26
4.043	6.39	25.26
4.043	6.38	25.26
4.043	6.37	25.26
4.043	6.38	25.26
4.043	6.38	25.26
4.043	6.37	25.26
4.043	6.38	25.26
4.043	6.38	25.26
4.041	6.37	25.26
4.032	6.37	25.26
4.026	6.36	25.26
4.019	6.37	25.26
4.005	6.43	25.26
3.993	6.43	25.26
3.988	6.43	25.26
3.979	6.43	25.26
3.970	6.47	25.26
3.965	6.47	25.26
3.964	6.46	25.26
3.964	6.47	25.26
3.957	6.50	25.26
3.954	6.49	25.26
3.953	6.49	25.26
3.951	6.49	25.26
3.943	6.51	25.26
3.940	6.50	25.26
3.939	6.51	25.26
3.935	6.54	25.26
3.933	6.54	25.26
3.931	6.55	25.26
3.927	6.54	25.26
3.926	6.53	25.26
3.925	6.53	25.26
3.924	6.53	25.26
3.924	6.53	25.26
3.924	6.54	25.26
3.920	6.55	25.26
3.918	6.54	25.26
3.917	6.53	25.26
3.917	6.54	25.26
3.915	6.55	25.26
3.911	6.56	25.26
3.909	6.55	25.26
3.907	6.55	25.26
3.904	6.58	25.26
3.901	6.58	25.26
3.897	6.58	25.26
3.893	6.58	25.26
3.890	6.58	25.26
3.888	6.57	25.26
3.888	6.57	25.26
3.886	6.58	25.26
3.882	6.60	25.26
3.875	6.60	25.26
3.871	6.60	25.26
3.871	6.60	25.26
3.871	6.59	25.26
3.871	6.60	25.26
3.869	6.61	25.26
3.866	6.62	25.26
3.864	6.62	25.26
3.864	6.62	25.26
3.863	6.63	25.26
3.860	6.63	25.26
3.858	6.63	25.26
3.857	6.64	25.26
3.853	6.66	25.26
3.849	6.66	25.26
3.847	6.66	25.26
3.844	6.68	25.26
3.841	6.69	25.26
3.840	6.69	25.26
3.836	6.72	25.26
3.830	6.72	25.26
3.826	6.73	25.26
3.822	6.74	25.26
3.821	6.73	25.26
3.819	6.74	25.26
3.814	6.74	25.26
3.811	6.74	25.26
3.804	6.77	25.26
3.797	6.78	25.26
3.794	6.78	25.26
3.790	6.79	25.26
3.787	6.79	25.26
3.781	6.78	25.26
3.776	6.79	25.26
3.774	6.78	25.26
3.774	6.78	25.26
3.774	6.78	25.26
3.773	6.79	25.26
3.771	6.79	25.26
3.769	6.79	25.26
3.767	6.80	25.26
3.767	6.80	25.26
3.766	6.80	25.26
3.765	6.81	25.26
3.763	6.81	25.26
3.758	6.83	25.26
3.754	6.83	25.26
3.752	6.83	25.26
3.748	6.85	25.26
3.744	6.84	25.26
3.744	6.84	25.26
3.744	6.84	25.26
3.744	6.84	25.26
3.744	6.84	25.26
3.744	6.84	25.26
3.741	6.89	25.26
3.737	6.92	25.26
3.733	6.94	25.26
3.729	6.93	25.26
3.725	6.93	25.26
3.720	6.92	25.26
3.716	6.92	25.26
3.713	6.95	25.26
3.704	6.93	25.26
3.699	6.92	25.26
3.698	6.91	25.26
3.694	6.94	25.26
3.690	6.94	25.26
3.690	6.94	25.26
3.690	6.93	25.26
3.686	6.96	25.26
3.683	6.96	25.26
3.682	6.96	25.26
3.682	6.96	25.26
3.681	6.96	25.26
3.681	6.98	25.26
3.680	6.99	25.26
3.679	6.99	25.26
3.678	6.99	25.26
3.677	7.02	25.26
3.676	7.01	25.26
3.674	7.01	25.26
3.673	7.01	25.26
3.671	7.01	25.26
3.669	7.01	25.26
3.667	7.02	25.26
3.665	7.01	25.26
3.664	7.01	25.26
3.662	7.02	25.26
3.658	7.03	25.26
3.654	7.02	25.26
3.653	7.03	25.26
3.652	7.03	25.26
3.651	7.03	25.26
3.650	7.03	25.26
3.648	7.05	25.26
3.645	7.05	25.26
3.644	7.07	25.26
3.643	7.09	25.26
3.642	7.10	25.26
3.640	7.11	25.26
3.639	7.11	25.26
3.638	7.11	25.26
3.637	7.11	25.26
3.637	7.12	25.26
3.636	7.13	25.26
3.634	7.13	25.26
3.632	7.12	25.26
3.631	7.12	25.26
3.628	7.14	25.26
3.625	7.13	25.26
3.623	7.13	25.26
3.621	7.13	25.26
3.619	7.13	25.26
3.617	7.11	25.26
3.616	7.11	25.26
3.614	7.13	25.26
3.611	7.13	25.26
3.610	7.12	25.26
3.609	7.13	25.26
3.606	7.14	25.26
3.602	7.15	25.26
3.597	7.17	25.26
3.594	7.18	25.26
3.590	7.21	25.26
3.587	7.22	25.26
3.585	7.22	25.26
3.582	7.21	25.26
3.577	7.22	25.26
3.574	7.22	25.26
3.572	7.23	25.26
3.567	7.23	25.26
3.564	7.26	25.26
3.562	7.26	25.26
3.559	7.26	25.26
3.556	7.25	25.26
3.554	7.25	25.26
3.550	7.27	25.26
3.547	7.25	25.26
3.547	7.24	25.26
3.547	7.24	25.26
3.546	7.28	25.26
3.541	7.34	25.26
3.539	7.33	25.26
3.539	7.32	25.26
3.539	7.33	25.26
3.535	7.34	25.26
3.529	7.37	25.26
3.528	7.37	25.26
3.527	7.36	25.26
3.526	7.37	25.26
3.523	7.35	25.26
3.520	7.33	25.26
3.519	7.34	25.26
3.518	7.34	25.26
3.518	7.34	25.26
3.515	7.35	25.26
3.512	7.37	25.26
3.510	7.37	25.26
3.508	7.37	25.26
3.505	7.37	25.26
3.506	7.36	25.26
3.506	7.36	25.26
3.506	7.36	25.26
3.506	7.36	25.26
3.507	7.35	25.26
3.506	7.37	25.26
3.498	7.44	25.26
3.493	7.41	25.26
3.492	7.41	25.26
3.492	7.40	25.26
3.492	7.40	25.26
3.489	7.42	25.26
3.484	7.43	25.26
3.481	7.43	25.26
3.478	7.44	25.26
3.476	7.45	25.26
3.474	7.46	25.26
3.472	7.45	25.26
3.471	7.46	25.26
3.470	7.45	25.26
3.470	7.44	25.26
3.470	7.44	25.26
3.470	7.44	25.26
3.470	7.44	25.26
3.471	7.44	25.26
3.471	7.44	25.26
3.471	7.45	25.26
3.469	7.47	25.26
3.467	7.47	25.26
3.467	7.47	25.26
3.466	7.47	25.26
3.466	7.48	25.26
3.464	7.48	25.26
3.463	7.48	25.26
3.461	7.48	25.26
3.460	7.47	25.26
3.460	7.48	25.26
3.458	7.48	25.26
3.457	7.48	25.26
3.455	7.49	25.26
3.454	7.50	25.26
3.452	7.53	25.26
3.449	7.55	25.26
3.446	7.55	25.26
3.444	7.55	25.26
3.442	7.53	25.26
3.441	7.53	25.26
3.439	7.55	25.26
3.437	7.56	25.26
3.436	7.55	25.26
3.434	7.55	25.26
3.431	7.55	25.26
3.430	7.55	25.26
3.428	7.55	25.26
3.427	7.55	25.26
3.424	7.57	25.26
3.420	7.59	25.26
3.418	7.58	25.26
3.417	7.57	25.26
3.416	7.60	25.26
3.411	7.62	25.26
3.408	7.63	25.26
3.403	7.62	25.26
3.399	7.63	25.26
3.397	7.63	25.26
3.394	7.65	25.26
3.387	7.67	25.26
3.383	7.68	25.26
3.378	7.71	25.26
3.374	7.70	25.26
3.373	7.71	25.25
3.368	7.75	25.25
3.361	7.75	25.26
3.358	7.74	25.26
3.355	7.73	25.26
3.352	7.74	25.26
3.350	7.75	25.25
3.349	7.77	25.26
3.347	7.76	25.26
3.345	7.75	25.25
3.343	7.76	25.25
3.340	7.78	25.25
3.337	7.78	25.25
3.335	7.79	25.25
3.332	7.79	25.26
3.332	7.78	25.26
3.332	7.78	25.26
3.331	7.79	25.25
3.329	7.79	25.26
3.328	7.81	25.25
3.324	7.83	25.26
3.323	7.82	25.25
3.323	7.82	25.26
3.323	7.82	25.26
3.324	7.81	25.26
3.324	7.81	25.25
3.324	7.81	25.25
3.319	7.85	25.26
3.315	7.86	25.26
3.313	7.86	25.25
3.312	7.86	25.25
3.310	7.85	25.25
3.309	7.86	25.25
3.305	7.86	25.26
3.304	7.86	25.25
3.304	7.86	25.25
3.301	7.89	25.25
3.295	7.90	25.25
3.294	7.89	25.25
3.294	7.88	25.25
3.294	7.89	25.25
3.292	7.90	25.25
3.288	7.90	25.26
3.286	7.90	25.26
3.284	7.94	25.25
3.282	7.94	25.25
3.281	7.94	25.26
3.280	7.93	25.25
3.280	7.94	25.25
3.278	7.94	25.25
3.278	7.95	25.25
3.278	7.94	25.25
3.277	7.95	25.25
3.276	7.98	25.26
3.273	7.95	25.26
3.272	7.95	25.26
3.271	7.95	25.25
3.269	7.96	25.26
3.267	7.98	25.25
3.265	7.99	25.25
3.264	7.98	25.26
3.261	7.99	25.25
3.258	7.98	25.25
3.256	7.98	25.25
3.253	7.98	25.26
3.251	7.99	25.25
3.248	8.00	25.25
3.246	8.00	25.25
3.244	7.99	25.25
3.243	7.99	25.25
3.243	8.00	25.25
3.241	8.02	25.25
3.238	8.02	25.25
3.238	8.02	25.25
3.237	8.01	25.25
3.237	8.02	25.25
3.235	8.02	25.25
3.232	8.03	25.25
3.232	8.03	25.25
3.231	8.04	25.25
3.228	8.06	25.25
3.227	8.07	25.25
3.225	8.09	25.25
3.223	8.11	25.25
3.221	8.11	25.25
3.219	8.10	25.25
3.216	8.11	25.25
3.212	8.14	25.25
3.211	8.15	25.25
3.208	8.15	25.25
3.205	8.14	25.25
3.204	8.15	25.25
3.201	8.15	25.25
3.198	8.16	25.25
3.196	8.17	25.25
3.194	8.18	25.25
3.191	8.19	25.25
3.187	8.22	25.25
3.185	8.22	25.25
3.184	8.22	25.25
3.183	8.21	25.25
3.180	8.22	25.25
3.177	8.23	25.25
3.174	8.23	25.25
3.172	8.23	25.25
3.172	8.23	25.25
3.171	8.24	25.25
3.170	8.24	25.25
3.170	8.27	25.25
3.167	8.27	25.25
3.165	8.31	25.25
3.164	8.28	25.25
3.163	8.27	25.25
3.162	8.28	25.25
3.160	8.28	25.25
3.160	8.27	25.25
3.158	8.28	25.25
3.155	8.27	25.25
3.154	8.27	25.25
3.154	8.27	25.25
3.153	8.29	25.25
3.149	8.29	25.25
3.146	8.30	25.25
3.142	8.32	25.25
3.141	8.33	25.25
3.139	8.35	25.25
3.134	8.35	25.25
3.130	8.35	25.25
3.127	8.36	25.25
3.125	8.36	25.25
3.124	8.37	25.25
3.121	8.38	25.25
3.119	8.40	25.25
3.118	8.39	25.25
3.116	8.40	25.25
3.113	8.39	25.25
3.112	8.39	25.25
3.112	8.38	25.25
3.111	8.39	25.25
3.109	8.39	25.25
3.108	8.40	25.25
3.107	8.42	25.25
3.105	8.42	25.25
3.104	8.42	25.25
3.103	8.43	25.25
3.102	8.43	25.25
3.102	8.43	25.25
3.101	8.43	25.25
3.099	8.43	25.25
3.098	8.43	25.25
3.096	8.44	25.25
3.095	8.43	25.25
3.094	8.44	25.25
3.092	8.45	25.25
3.090	8.45	25.25
3.088	8.46	25.25
3.085	8.46	25.25
3.083	8.47	25.25
3.081	8.48	25.25
3.079	8.47	25.25
3.078	8.47	25.25
3.077	8.49	25.25
3.076	8.50	25.25
3.075	8.51	25.25
3.074	8.53	25.25
3.074	8.54	25.25
3.073	8.56	25.25
3.072	8.58	25.25
3.071	8.59	25.25
3.071	8.59	25.25
3.070	8.60	25.25
3.070	8.61	25.25
3.069	8.60	25.25
3.068	8.59	25.25
3.067	8.60	25.25
3.065	8.60	25.25
3.064	8.59	25.25
3.063	8.58	25.25
3.063	8.58	25.25
3.063	8.58	25.25
3.062	8.59	25.25
3.061	8.58	25.25
3.060	8.59	25.25
3.057	8.64	25.25
3.056	8.63	25.25
3.054	8.62	25.25
3.052	8.59	25.25
3.050	8.59	25.25
3.049	8.59	25.25
3.046	8.59	25.25
3.044	8.59	25.25
3.042	8.59	25.25
3.039	8.62	25.25
3.037	8.62	25.25
3.036	8.63	25.25
3.033	8.63	25.25
3.031	8.64	25.25
3.028	8.66	25.25
3.026	8.65	25.25
3.025	8.65	25.25
3.021	8.67	25.25
3.018	8.68	25.25
3.015	8.69	25.25
3.008	8.70	25.25
3.005	8.70	25.25
3.004	8.69	25.25
3.003	8.69	25.25
3.001	8.70	25.25
3.000	8.72	25.25
2.998	8.73	25.25
2.997	8.73	25.25
2.996	8.72	25.25
2.993	8.76	25.25
2.990	8.75	25.25
2.989	8.74	25.25
2.984	8.78	25.25
2.981	8.78	25.25
2.980	8.78	25.25
2.978	8.80	25.25
2.973	8.82	25.25
2.971	8.81	25.25
2.969	8.81	25.25
2.966	8.82	25.25
2.964	8.83	25.25
2.962	8.83	25.25
2.961	8.83	25.25
2.960	8.82	25.25
2.959	8.83	25.25
2.959	8.83	25.25
2.958	8.84	25.25
2.957	8.84	25.25
2.957	8.84	25.25
2.956	8.85	25.25
2.954	8.85	25.25
2.954	8.85	25.25
2.953	8.85	25.25
2.951	8.85	25.25
2.950	8.88	25.25
2.949	8.88	25.25
2.947	8.89	25.25
2.946	8.89	25.25
2.946	8.89	25.25
2.945	8.88	25.25
2.945	8.89	25.25
2.945	8.89	25.25
2.944	8.89	25.25
2.943	8.89	25.25
2.942	8.89	25.25
2.941	8.89	25.25
2.940	8.90	25.25
2.938	8.92	25.25
2.938	8.95	25.25
2.936	8.96	25.25
2.935	8.93	25.25
2.934	8.92	25.25
2.933	8.92	25.25
2.932	8.93	25.25
2.932	8.92	25.25
2.931	8.94	25.25
2.930	8.94	25.25
2.929	8.94	25.25
2.928	8.96	25.25
2.927	8.96	25.25
2.927	8.96	25.25
2.927	8.96	25.25
2.926	8.96	25.25
2.926	8.96	25.25
2.926	8.96	25.25
2.926	8.97	25.25
2.925	8.97	25.25
2.923	8.97	25.25
2.923	8.97	25.25
2.922	8.96	25.25
2.922	8.95	25.25
2.922	8.96	25.25
2.921	8.97	25.25
2.920	8.97	25.25
2.920	8.97	25.25
2.919	8.98	25.25
2.917	8.98	25.25
2.914	8.99	25.25
2.912	9.01	25.25
2.912	9.01	25.25
2.910	9.03	25.25
2.907	9.04	25.25
2.905	9.05	25.25
2.903	9.07	25.25
2.900	9.09	25.25
2.898	9.10	25.25
2.896	9.10	25.25
2.894	9.08	25.25
2.892	9.08	25.25
2.890	9.09	25.25
2.888	9.08	25.25
2.886	9.10	25.25
2.885	9.12	25.25
2.883	9.13	25.25
2.882	9.13	25.25
2.880	9.12	25.25
2.879	9.15	25.25
2.877	9.16	25.25
2.876	9.16	25.25
2.874	9.16	25.25
2.872	9.16	25.25
2.871	9.16	25.25
2.870	9.16	25.25
2.869	9.16	25.25
2.867	9.16	25.25
2.866	9.15	25.25
2.866	9.16	25.25
2.865	9.19	25.25
2.863	9.20	25.25
2.861	9.20	25.25
2.859	9.21	25.25
2.858	9.22	25.25
2.855	9.22	25.25
2.851	9.21	25.25
2.851	9.20	25.25
2.851	9.20	25.25
2.849	9.22	25.25
2.846	9.25	25.25
2.843	9.27	25.25
2.842	9.25	25.25
2.839	9.26	25.25
2.835	9.28	25.25
2.832	9.27	25.25
2.832	9.26	25.25
2.832	9.26	25.25
2.831	9.29	25.25
2.828	9.30	25.25
2.825	9.31	25.25
2.825	9.31	25.25
2.824	9.33	25.25
2.821	9.32	25.25
2.819	9.33	25.25
2.818	9.34	25.25
2.817	9.37	25.25
2.814	9.37	25.25
2.813	9.37	25.25
2.812	9.37	25.25
2.811	9.37	25.25
2.810	9.38	25.25
2.809	9.38	25.25
2.809	9.38	25.25
2.809	9.38	25.25
2.805	9.41	25.25
2.804	9.40	25.25
2.803	9.40	25.25
2.802	9.39	25.25
2.801	9.39	25.25
2.799	9.40	25.25
2.797	9.41	25.25
2.794	9.44	25.25
2.792	9.43	25.25
2.790	9.41	25.25
2.787	9.42	25.25
2.784	9.44	25.25
2.782	9.45	25.25
2.781	9.45	25.25
2.780	9.46	25.25
2.779	9.46	25.25
2.777	9.47	25.25
2.777	9.47	25.25
2.776	9.48	25.25
2.776	9.48	25.25
2.776	9.48	25.25
2.777	9.48	25.25
2.776	9.48	25.25
2.776	9.48	25.25
2.775	9.48	25.25
2.775	9.47	25.25
2.774	9.48	25.25
2.773	9.49	25.25
2.773	9.49	25.25
2.772	9.49	25.25
2.772	9.49	25.25
2.770	9.51	25.25
2.769	9.51	25.25
2.768	9.51	25.25
2.766	9.53	25.25
2.764	9.53	25.25
2.762	9.53	25.25
2.759	9.58	25.25
2.757	9.58	25.25
2.755	9.57	25.25
2.753	9.57	25.25
2.753	9.58	25.25
2.751	9.61	25.25
2.749	9.59	25.25
2.748	9.59	25.25
2.746	9.59	25.25
2.745	9.58	25.25
2.745	9.57	25.25
2.743	9.61	25.25
2.742	9.61	25.25
2.742	9.60	25.25
2.742	9.61	25.25
2.741	9.61	25.25
2.741	9.60	25.25
2.741	9.60	25.25
2.741	9.60	25.25
2.741	9.61	25.25
2.741	9.61	25.25
2.739	9.62	25.25
2.735	9.64	25.25
2.734	9.65	25.25
2.731	9.65	25.25
2.727	9.64	25.25
2.725	9.64	25.25
2.723	9.65	25.25
2.719	9.67	25.25
2.718	9.66	25.25
2.717	9.68	25.25
2.717	9.69	25.25
2.716	9.69	25.25
2.715	9.69	25.25
2.713	9.69	25.25
2.713	9.68	25.25
2.713	9.67	25.25
2.713	9.66	25.25
2.713	9.66	25.25
2.711	9.70	25.25
2.707	9.73	25.25
2.700	9.77	25.25
2.696	9.78	25.25
2.695	9.77	25.25
2.696	9.77	25.25
2.696	9.77	25.25
2.696	9.78	25.25
2.694	9.78	25.25
2.692	9.77	25.25
2.692	9.77	25.25
2.690	9.80	25.25
2.687	9.82	25.25
2.686	9.81	25.25
2.686	9.81	25.25
2.686	9.81	25.25
2.687	9.81	25.25
2.687	9.81	25.25
2.687	9.81	25.25
2.686	9.81	25.25
2.684	9.81	25.25
2.683	9.80	25.25
2.682	9.81	25.25
2.678	9.83	25.25
2.675	9.83	25.25
2.674	9.82	25.25
2.674	9.84	25.25
2.672	9.86	25.25
2.670	9.87	25.25
2.667	9.87	25.25
2.664	9.87	25.25
2.663	9.88	25.25
2.662	9.88	25.25
2.661	9.88	25.25
2.661	9.89	25.25
2.660	9.89	25.25
2.659	9.89	25.25
2.658	9.89	25.25
2.658	9.89	25.25
2.657	9.89	25.25
2.657	9.90	25.25
2.655	9.90	25.25
2.655	9.89	25.25
2.655	9.89	25.25
2.655	9.91	25.25
2.654	9.90	25.25
2.653	9.90	25.25
2.652	9.92	25.25
2.651	9.91	25.25
2.651	9.92	25.25
2.650	9.93	25.25
2.649	9.92	25.25
2.648	9.92	25.25
2.649	9.92	25.25
2.649	9.91	25.25
2.649	9.92	25.25
2.648	9.93	25.25
2.647	9.94	25.25
2.646	9.93	25.24
2.646	9.93	25.25
2.646	9.94	25.25
2.644	9.93	25.24
2.643	9.94	25.25
2.643	9.95	25.25
2.641	9.96	25.25
2.640	9.98	25.25
2.638	9.97	25.25
2.636	9.97	25.25
2.635	9.97	25.24
2.634	9.99	25.24
2.633	10.01	25.24
2.631	10.01	25.24
2.630	10.00	25.24
2.629	10.00	25.24
2.627	10.01	25.24
2.626	10.02	25.24
2.625	10.03	25.24
2.625	10.03	25.24
2.623	10.03	25.24
2.621	10.03	25.24
2.620	10.02	25.24
2.619	10.05	25.24
2.616	10.06	25.24
2.614	10.08	25.24
2.612	10.08	25.24
2.610	10.11	25.24
2.608	10.13	25.24
2.607	10.12	25.24
2.606	10.12	25.24
2.605	10.12	25.24
2.603	10.12	25.24
2.603	10.12	25.24
2.602	10.13	25.24
2.601	10.13	25.24
2.601	10.14	25.24
2.600	10.15	25.24
2.598	10.15	25.24
2.596	10.15	25.24
2.596	10.15	25.24
2.595	10.15	25.24
2.595	10.16	25.24
2.595	10.16	25.24
2.595	10.17	25.24
2.593	10.19	25.24
2.590	10.20	25.24
2.585	10.21	25.24
2.580	10.22	25.24
2.578	10.22	25.24
2.579	10.21	25.24
2.579	10.21	25.24
2.579	10.21	25.24
2.579	10.21	25.24
2.579	10.21	25.24
2.580	10.21	25.24
2.577	10.24	25.24
2.573	10.24	25.24
2.571	10.24	25.24
2.572	10.23	25.24
2.572	10.23	25.24
2.572	10.23	25.24
2.572	10.23	25.24
2.571	10.24	25.24
2.571	10.23	25.24
2.571	10.23	25.24
2.571	10.23	25.24
2.571	10.23	25.24
2.570	10.24	25.24
2.569	10.24	25.24
2.568	10.24	25.24
2.568	10.24	25.24
2.568	10.24	25.24
2.568	10.24	25.24
2.568	10.25	25.24
2.567	10.25	25.24
2.566	10.25	25.24
2.565	10.25	25.24
2.564	10.25	25.24
2.563	10.25	25.24
2.563	10.25	25.24
2.563	10.25	25.24
2.563	10.25	25.24
2.563	10.25	25.24
2.562	10.25	25.24
2.562	10.25	25.24
2.561	10.25	25.24
2.561	10.26	25.24
2.560	10.26	25.24
2.560	10.26	25.24
2.559	10.27	25.24
2.559	10.27	25.24
2.558	10.28	25.24
2.557	10.29	25.24
2.556	10.29	25.24
2.554	10.28	25.24
2.553	10.27	25.24
2.551	10.28	25.24
2.549	10.29	25.24
2.546	10.29	25.24
2.545	10.29	25.24
2.544	10.29	25.24
2.544	10.29	25.24
2.544	10.29	25.24
2.543	10.29	25.24
2.542	10.29	25.24
2.542	10.30	25.24
2.541	10.30	25.24
2.540	10.32	25.24
2.539	10.34	25.24
2.537	10.36	25.24
2.535	10.37	25.24
2.534	10.37	25.24
2.533	10.38	25.24
2.531	10.39	25.24
2.529	10.38	25.24
2.528	10.38	25.24
2.527	10.38	25.24
2.525	10.39	25.24
2.523	10.39	25.24
2.523	10.39	25.24
2.521	10.40	25.24
2.519	10.40	25.24
2.519	10.39	25.24
2.518	10.40	25.24
2.517	10.42	25.24
2.515	10.42	25.24
2.514	10.43	25.24
2.512	10.44	25.24
2.511	10.45	25.24
2.510	10.47	25.24
2.508	10.46	25.24
2.506	10.46	25.24
2.505	10.47	25.24
2.503	10.48	25.24
2.501	10.48	25.24
2.499	10.49	25.24
2.497	10.49	25.24
2.496	10.48	25.24
2.495	10.48	25.24
2.495	10.48	25.24
2.495	10.48	25.24
2.495	10.49	25.24
2.494	10.51	25.24
2.491	10.52	25.24
2.490	10.52	25.24
2.489	10.53	25.24
2.486	10.55	25.24
2.483	10.55	25.24
2.483	10.57	25.24
2.482	10.60	25.24
2.480	10.60	25.24
2.480	10.59	25.24
2.479	10.60	25.24
2.476	10.63	25.24
2.474	10.63	25.24
2.474	10.63	25.24
2.473	10.66	25.24
2.469	10.67	25.24
2.468	10.67	25.24
2.469	10.67	25.24
2.468	10.68	25.24
2.465	10.68	25.24
2.464	10.68	25.24
2.464	10.68	25.24
2.464	10.68	25.24
2.464	10.68	25.24
2.462	10.69	25.24
2.459	10.68	25.24
2.459	10.68	25.24
2.458	10.68	25.24
2.456	10.69	25.24
2.454	10.70	25.24
2.451	10.70	25.24
2.449	10.70	25.24
2.448	10.70	25.24
2.446	10.70	25.24
2.445	10.70	25.24
2.444	10.70	25.24
2.443	10.70	25.24
2.442	10.71	25.24
2.440	10.72	25.24
2.440	10.72	25.24
2.439	10.72	25.24
2.439	10.72	25.24
2.439	10.72	25.24
2.438	10.73	25.24
2.438	10.73	25.24
2.437	10.73	25.24
2.437	10.73	25.24
2.436	10.73	25.24
2.436	10.73	25.24
2.435	10.74	25.24
2.435	10.75	25.24
2.434	10.77	25.24
2.434	10.77	25.24
2.432	10.78	25.24
2.432	10.78	25.24
2.431	10.78	25.24
2.431	10.78	25.24
2.430	10.79	25.24
2.429	10.79	25.24
2.427	10.79	25.24
2.426	10.79	25.24
2.426	10.79	25.24
2.426	10.79	25.24
2.425	10.80	25.24
2.424	10.80	25.24
2.423	10.82	25.24
2.422	10.84	25.24
2.421	10.85	25.24
2.420	10.86	25.24
2.419	10.87	25.24
2.419	10.90	25.24
2.417	10.90	25.24
2.415	10.91	25.24
2.414	10.91	25.24
2.414	10.91	25.24
2.412	10.92	25.24
2.410	10.93	25.24
2.407	10.95	25.24
2.405	10.96	25.24
2.404	10.97	25.24
2.402	10.97	25.24
2.401	10.98	25.24
2.400	11.00	25.24
2.398	11.01	25.24
2.397	11.01	25.24
2.396	11.01	25.24
2.395	11.02	25.24
2.394	11.02	25.24
2.391	11.03	25.24
2.390	11.04	25.24
2.390	11.04	25.24
2.390	11.05	25.24
2.389	11.05	25.24
2.389	11.05	25.24
2.390	11.05	25.24
2.390	11.05	25.24
2.390	11.05	25.24
2.390	11.06	25.24
2.386	11.08	25.24
2.384	11.08	25.24
2.384	11.08	25.24
2.384	11.08	25.24
2.382	11.09	25.24
2.380	11.10	25.24
2.379	11.10	25.24
2.378	11.11	25.24
2.376	11.12	25.24
2.375	11.12	25.24
2.373	11.13	25.24
2.370	11.14	25.24
2.369	11.15	25.24
2.367	11.15	25.24
2.366	11.16	25.24
2.365	11.16	25.24
2.363	11.17	25.24
2.362	11.18	25.24
2.360	11.20	25.24
2.358	11.20	25.24
2.358	11.20	25.24
2.357	11.20	25.24
2.355	11.22	25.24
2.354	11.22	25.24
2.353	11.23	25.24
2.352	11.23	25.24
2.350	11.25	25.24
2.349	11.26	25.24
2.348	11.26	25.24
2.346	11.27	25.24
2.344	11.27	25.24
2.344	11.27	25.24
2.344	11.28	25.24
2.343	11.29	25.24
2.342	11.29	25.24
2.342	11.29	25.24
2.342	11.29	25.24
2.342	11.29	25.24
2.342	11.29	25.24
2.341	11.30	25.24
2.341	11.31	25.24
2.341	11.31	25.24
2.341	11.31	25.24
2.341	11.31	25.24
2.341	11.31	25.24
2.341	11.31	25.24
2.341	11.31	25.24
2.341	11.31	25.24
2.339	11.32	25.24
2.337	11.32	25.24
2.337	11.32	25.24
2.337	11.32	25.24
2.337	11.32	25.24
2.334	11.36	25.24
2.332	11.37	25.24
2.332	11.37	25.24
2.332	11.37	25.24
2.332	11.37	25.24
2.332	11.37	25.24
2.332	11.37	25.24
2.332	11.37	25.24
2.332	11.37	25.24
2.332	11.37	25.24
2.330	11.37	25.24
2.328	11.37	25.24
2.327	11.38	25.24
2.326	11.39	25.24
2.324	11.40	25.24
2.322	11.41	25.24
2.322	11.41	25.24
2.322	11.41	25.24
2.321	11.41	25.24
2.320	11.42	25.24
2.319	11.42	25.24
2.319	11.42	25.24
2.319	11.42	25.24
2.319	11.42	25.24
2.318	11.42	25.24
2.318	11.43	25.24
2.315	11.44	25.24
2.313	11.45	25.24
2.313	11.45	25.24
2.313	11.45	25.24
2.313	11.45	25.24
2.310	11.47	25.24
2.307	11.49	25.24
2.306	11.50	25.24
2.305	11.50	25.24
2.303	11.50	25.24
2.301	11.52	25.24
2.299	11.52	25.24
2.299	11.52	25.24
2.298	11.53	25.24
2.295	11.54	25.24
2.294	11.54	25.24
2.293	11.55	25.24
2.293	11.55	25.24
2.293	11.55	25.24
2.293	11.56	25.24
2.291	11.56	25.24
2.290	11.57	25.24
2.289	11.57	25.24
2.289	11.57	25.24
2.290	11.57	25.24
2.290	11.57	25.24
2.290	11.57	25.24
2.289	11.58	25.24
2.287	11.58	25.24
2.286	11.58	25.24
2.286	11.58	25.24
2.286	11.58	25.24
2.286	11.58	25.24
2.286	11.58	25.24
2.285	11.59	25.24
2.284	11.60	25.24
2.283	11.60	25.24
2.283	11.60	25.24
2.282	11.60	25.24
2.280	11.61	25.24
2.278	11.62	25.24
2.277	11.63	25.24
2.275	11.64	25.24
2.274	11.64	25.24
2.274	11.65	25.24
2.272	11.66	25.24
2.269	11.69	25.24
2.267	11.70	25.24
2.266	11.71	25.24
2.265	11.71	25.24
2.264	11.72	25.24
2.264	11.72	25.24
2.263	11.73	25.24
2.261	11.74	25.24
2.259	11.74	25.24
2.258	11.74	25.24
2.258	11.75	25.24
2.257	11.76	25.24
2.255	11.76	25.24
2.254	11.77	25.24
2.252	11.77	25.24
2.251	11.78	25.24
2.251	11.78	25.24
2.250	11.78	25.24
2.248	11.80	25.24
2.247	11.81	25.24
2.247	11.81	25.24
2.246	11.81	25.24
2.247	11.81	25.24
2.247	11.81	25.24
2.247	11.81	25.24
2.247	11.81	25.24
2.247	11.81	25.24
2.246	11.82	25.24
2.246	11.82	25.24
2.245	11.83	25.24
2.244	11.83	25.24
2.244	11.83	25.24
2.244	11.83	25.24
2.243	11.83	25.24
2.243	11.83	25.24
2.242	11.84	25.24
2.242	11.84	25.24
2.241	11.85	25.24
2.239	11.86	25.24
2.237	11.86	25.24
2.236	11.87	25.24
2.235	11.87	25.24
2.234	11.87	25.24
2.233	11.88	25.24
2.231	11.90	25.24
2.229	11.90	25.24
2.227	11.91	25.24
2.225	11.92	25.24
2.223	11.93	25.24
2.221	11.94	25.24
2.220	11.95	25.24
2.219	11.95	25.24
2.218	11.96	25.24
2.217	11.96	25.24
2.216	11.97	25.24
2.214	11.98	25.24
2.213	11.99	25.24
2.212	11.99	25.24
2.212	11.99	25.24
2.212	11.99	25.24
2.211	12.00	25.24
2.210	12.00	25.24
2.209	12.00	25.24
2.209	12.00	25.24
2.209	12.00	25.24
2.209	12.00	25.24
2.209	12.00	25.24
2.209	12.01	25.24
2.209	12.01	25.24
2.208	12.02	25.24
2.206	12.03	25.24
2.205	12.03	25.24
2.205	12.03	25.24
2.204	12.04	25.24
2.201	12.05	25.24
2.200	12.05	25.24
2.200	12.05	25.24
2.200	12.05	25.24
2.200	12.05	25.24
2.199	12.05	25.24
2.199	12.05	25.24
2.198	12.06	25.24
2.197	12.06	25.24
2.197	12.06	25.24
2.196	12.07	25.24
2.195	12.07	25.24
2.193	12.09	25.24
2.193	12.09	25.24
2.193	12.09	25.24
2.192	12.09	25.24
2.192	12.09	25.24
2.192	12.09	25.24
2.192	12.09	25.24
2.192	12.10	25.24
2.191	12.11	25.24
2.190	12.12	25.24
2.189	12.12	25.24
2.189	12.12	25.24
2.188	12.13	25.24
2.186	12.14	25.24
2.186	12.14	25.24
2.185	12.15	25.24
2.185	12.15	25.24
2.183	12.16	25.24
2.182	12.16	25.24
2.180	12.18	25.24
2.178	12.19	25.24
2.177	12.20	25.24
2.175	12.20	25.24
2.174	12.21	25.24
2.173	12.21	25.24
2.172	12.21	25.24
2.172	12.21	25.24
2.172	12.21	25.24
2.172	12.22	25.24
2.171	12.22	25.24
2.170	12.22	25.24
2.170	12.23	25.24
2.169	12.24	25.24
2.168	12.25	25.24
2.167	12.25	25.24
2.166	12.26	25.24
2.165	12.26	25.24
2.165	12.26	25.24
2.165	12.26	25.24
2.164	12.27	25.24
2.163	12.28	25.24
2.163	12.28	25.24
2.163	12.28	25.24
2.163	12.28	25.24
2.163	12.28	25.24
2.163	12.28	25.24
2.163	12.28	25.24
2.162	12.28	25.24
2.162	12.28	25.24
2.162	12.29	25.24
2.161	12.29	25.24
2.161	12.29	25.24
2.159	12.29	25.24
2.158	12.30	25.24
2.157	12.30	25.24
2.156	12.32	25.24
2.155	12.33	25.24
2.154	12.34	25.24
2.152	12.34	25.24
2.151	12.35	25.24
2.151	12.35	25.24
2.150	12.36	25.24
2.149	12.36	25.24
2.148	12.36	25.24
2.147	12.37	25.24
2.145	12.39	25.24
2.143	12.39	25.24
2.142	12.40	25.24
2.142	12.40	25.24
2.142	12.40	25.24
2.140	12.41	25.24
2.139	12.41	25.24
2.138	12.42	25.24
2.138	12.43	25.24
2.136	12.44	25.24
2.134	12.45	25.24
2.134	12.45	25.24
2.133	12.45	25.24
2.131	12.46	25.24
2.129	12.46	25.24
2.128	12.46	25.24
2.127	12.47	25.24
2.126	12.49	25.24
2.125	12.49	25.24
2.125	12.49	25.24
2.125	12.49	25.24
2.125	12.50	25.24
2.125	12.51	25.24
2.124	12.51	25.24
2.124	12.51	25.24
2.124	12.51	25.24
2.124	12.51	25.24
2.123	12.51	25.24
2.123	12.51	25.24
2.123	12.51	25.24
2.122	12.51	25.24
2.122	12.51	25.24
2.122	12.51	25.24
2.122	12.51	25.24
2.122	12.51	25.24
2.122	12.51	25.24
2.122	12.52	25.24
2.121	12.52	25.24
2.121	12.52	25.24
2.119	12.53	25.24
2.117	12.53	25.24
2.117	12.53	25.24
2.117	12.54	25.24
2.116	12.55	25.24
2.115	12.55	25.24
2.115	12.55	25.24
2.115	12.55	25.24
2.114	12.55	25.24
2.113	12.56	25.24
2.112	12.56	25.24
2.112	12.57	25.24
2.111	12.57	25.24
2.110	12.58	25.24
2.109	12.58	25.24
2.109	12.58	25.24
2.108	12.60	25.24
2.108	12.61	25.24
2.107	12.61	25.24
2.106	12.62	25.24
2.104	12.62	25.24
2.102	12.64	25.24
2.101	12.64	25.24
2.100	12.65	25.24
2.099	12.65	25.24
2.098	12.66	25.24
2.097	12.67	25.24
2.097	12.67	25.24
2.096	12.68	25.24
2.093	12.69	25.24
2.089	12.70	25.24
2.088	12.71	25.24
2.088	12.71	25.24
2.089	12.71	25.24
2.088	12.72	25.24
2.088	12.73	25.24
2.088	12.73	25.24
2.088	12.73	25.24
2.088	12.73	25.24
2.087	12.74	25.24
2.086	12.75	25.24
2.085	12.75	25.24
2.084	12.75	25.24
2.083	12.76	25.24
2.080	12.77	25.24
2.078	12.79	25.24
2.075	12.80	25.24
2.072	12.82	25.24
2.070	12.83	25.24
2.070	12.83	25.24
2.069	12.84	25.24
2.067	12.84	25.24
2.065	12.86	25.24
2.064	12.87	25.24
2.061	12.88	25.24
2.060	12.89	25.24
2.059	12.90	25.24
2.056	12.91	25.24
2.054	12.92	25.24
2.053	12.93	25.24
2.052	12.94	25.24
2.051	12.94	25.24
2.050	12.95	25.24
2.049	12.96	25.24
2.048	12.97	25.24
2.047	12.97	25.24
2.047	12.97	25.24
2.046	12.98	25.24
2.045	12.98	25.24
2.045	12.98	25.24
2.045	12.98	25.24
2.045	12.98	25.24
2.045	12.98	25.24
2.046	12.98	25.24
2.046	12.98	25.24
2.046	12.98	25.24
2.046	12.98	25.24
2.046	12.98	25.24
2.046	12.98	25.24
2.046	12.98	25.24
2.046	12.98	25.24
2.046	12.98	25.24
2.046	12.99	25.24
2.046	12.99	25.24
2.045	13.00	25.24
2.043	13.00	25.24
2.043	13.00	25.24
2.043	13.00	25.24
2.043	13.00	25.24
2.042	13.01	25.24
2.041	13.02	25.24
2.040	13.03	25.24
2.040	13.04	25.24
2.039	13.04	25.24
2.039	13.04	25.24
2.038	13.04	25.24
2.038	13.04	25.24
2.038	13.05	25.24
2.037	13.05	25.24
2.036	13.05	25.24
2.036	13.06	25.24
2.035	13.06	25.24
2.035	13.06	25.24
2.034	13.06	25.24
2.034	13.07	25.24
2.034	13.07	25.24
2.033	13.07	25.24
2.033	13.07	25.24
2.032	13.08	25.24
2.032	13.08	25.24
2.031	13.09	25.24
2.030	13.09	25.24
2.030	13.09	25.24
2.030	13.09	25.24
2.030	13.09	25.24
2.030	13.10	25.24
2.029	13.10	25.24
2.029	13.10	25.24
2.029	13.10	25.24
2.029	13.10	25.24
2.029	13.10	25.24
2.029	13.10	25.24
2.029	13.11	25.24
2.028	13.12	25.24
2.028	13.12	25.24
2.028	13.12	25.24
2.028	13.12	25.24
2.027	13.12	25.24
2.027	13.12	25.24
2.027	13.12	25.24
2.027	13.12	25.24
2.027	13.12	25.24
2.027	13.13	25.24
2.026	13.13	25.24
2.026	13.13	25.24
2.026	13.13	25.24
2.026	13.13	25.24
2.025	13.14	25.24
2.025	13.14	25.24
2.025	13.14	25.24
2.024	13.14	25.24
2.024	13.14	25.24
2.024	13.14	25.24
2.024	13.14	25.24
2.023	13.15	25.24
2.021	13.16	25.24
2.021	13.16	25.24
2.019	13.17	25.24
2.018	13.18	25.24
2.016	13.19	25.24
2.016	13.19	25.24
2.015	13.19	25.24
2.015	13.20	25.24
2.013	13.21	25.24
2.013	13.22	25.24
2.013	13.22	25.24
2.013	13.22	25.24
2.011	13.23	25.24
2.010	13.24	25.24
2.010	13.24	25.24
2.009	13.24	25.24
2.009	13.25	25.24
2.008	13.25	25.24
2.008	13.25	25.24
2.007	13.26	25.24
2.007	13.26	25.24
2.006	13.26	25.24
2.006	13.26	25.24
2.005	13.27	25.24
2.005	13.28	25.24
2.005	13.28	25.24
2.005	13.28	25.24
2.005	13.28	25.24
2.005	13.28	25.24
2.004	13.28	25.24
2.004	13.28	25.24
2.004	13.29	25.24
2.002	13.30	25.24
2.002	13.31	25.24
2.001	13.31	25.24
2.000	13.33	25.24
1.997	13.34	25.24
1.996	13.34	25.24
1.995	13.34	25.24
1.994	13.34	25.24
1.994	13.34	25.24
1.994	13.34	25.24
1.994	13.34	25.24
1.993	13.36	25.24
1.991	13.37	25.24
1.991	13.37	25.24
1.990	13.37	25.24
1.990	13.37	25.24
1.989	13.38	25.24
1.987	13.38	25.24
1.987	13.38	25.24
1.987	13.38	25.24
1.987	13.39	25.24
1.985	13.41	25.24
1.983	13.42	25.24
1.983	13.42	25.24
1.983	13.42	25.24
1.983	13.43	25.24
1.982	13.43	25.24
1.981	13.43	25.24
1.980	13.44	25.24
1.979	13.44	25.24
1.978	13.44	25.24
1.978	13.45	25.24
1.978	13.45	25.24
1.978	13.45	25.24
1.978	13.45	25.24
1.977	13.46	25.24
1.975	13.47	25.24
1.974	13.48	25.24
1.974	13.48	25.24
1.973	13.49	25.24
1.972	13.50	25.24
1.971	13.50	25.24
1.971	13.50	25.24
1.971	13.50	25.24
1.971	13.50	25.24
1.971	13.51	25.24
1.970	13.52	25.24
1.970	13.52	25.24
1.969	13.52	25.24
1.968	13.53	25.24
1.967	13.53	25.24
1.967	13.53	25.24
1.967	13.54	25.24
1.966	13.54	25.24
1.966	13.53	25.24
1.966	13.54	25.24
1.965	13.55	25.24
1.964	13.55	25.24
1.964	13.55	25.24
1.963	13.56	25.24
1.962	13.57	25.24
1.961	13.57	25.24
1.961	13.58	25.24
1.960	13.58	25.24
1.959	13.59	25.24
1.958	13.60	25.24
1.956	13.61	25.24
1.954	13.62	25.24
1.953	13.63	25.24
1.951	13.64	25.24
1.949	13.65	25.24
1.949	13.65	25.24
1.949	13.65	25.24
1.949	13.65	25.24
1.949	13.66	25.24
1.948	13.67	25.24
1.948	13.67	25.24
1.948	13.67	25.24
1.947	13.68	25.24
1.946	13.68	25.24
1.945	13.68	25.24
1.945	13.68	25.24
1.945	13.69	25.24
1.945	13.69	25.24
1.945	13.70	25.24
1.944	13.70	25.24
1.942	13.72	25.24
1.941	13.72	25.24
1.941	13.73	25.24
1.939	13.75	25.24
1.937	13.75	25.24
1.936	13.75	25.24
1.935	13.75	25.24
1.935	13.76	25.24
1.934	13.77	25.24
1.932	13.78	25.24
1.932	13.78	25.24
1.931	13.79	25.24
1.929	13.81	25.24
1.927	13.82	25.24
1.925	13.83	25.24
1.924	13.84	25.24
1.924	13.85	25.24
1.924	13.85	25.24
1.923	13.85	25.24
1.921	13.86	25.24
1.919	13.87	25.24
1.918	13.88	25.24
1.918	13.88	25.24
1.918	13.88	25.24
1.918	13.88	25.23
1.918	13.88	25.24
1.918	13.88	25.24
1.918	13.88	25.24
1.918	13.89	25.24
1.917	13.90	25.24
1.915	13.91	25.23
1.914	13.92	25.24
1.913	13.93	25.24
1.912	13.93	25.24
1.911	13.93	25.23
1.911	13.93	25.24
1.911	13.93	25.23
1.911	13.95	25.24
1.909	13.96	25.24
1.909	13.96	25.23
1.909	13.96	25.23
1.909	13.97	25.23
1.909	13.97	25.24
1.909	13.97	25.23
1.908	13.97	25.23
1.906	13.97	25.23
1.905	13.98	25.23
1.905	13.99	25.23
1.905	13.99	25.23
1.905	13.99	25.23
1.905	13.99	25.23
1.904	13.99	25.23
1.903	14.00	25.23
1.902	14.01	25.23
1.902	14.01	25.23
1.901	14.03	25.23
1.900	14.03	25.23
1.899	14.04	25.23
1.899	14.04	25.23
1.899	14.04	25.23
1.899	14.04	25.23
1.899	14.05	25.23
1.897	14.06	25.23
1.896	14.07	25.23
1.895	14.08	25.23
1.894	14.08	25.23
1.893	14.09	25.23
1.892	14.10	25.23
1.891	14.11	25.23
1.890	14.11	25.23
1.889	14.12	25.23
1.888	14.13	25.23
1.887	14.13	25.23
1.886	14.14	25.24
1.885	14.14	25.23
1.885	14.15	25.23
1.883	14.16	25.23
1.882	14.17	25.23
1.881	14.17	25.23
1.881	14.17	25.23
1.881	14.17	25.23
1.882	14.18	25.23
1.881	14.18	25.23
1.880	14.19	25.23
1.879	14.20	25.23
1.879	14.20	25.23
1.879	14.20	25.23
1.879	14.20	25.23
1.879	14.20	25.23
1.879	14.20	25.23
1.878	14.20	25.23
1.878	14.21	25.23
1.877	14.22	25.23
1.876	14.22	25.23
1.876	14.22	25.23
1.875	14.23	25.24
1.875	14.23	25.23
1.875	14.23	25.23
1.874	14.24	25.23
1.873	14.25	25.23
1.872	14.26	25.23
1.870	14.26	25.23
1.868	14.28	25.23
1.866	14.29	25.23
1.864	14.30	25.23
1.863	14.31	25.23
1.862	14.32	25.23
1.861	14.33	25.23
1.860	14.34	25.23
1.859	14.35	25.23
1.858	14.36	25.23
1.858	14.36	25.23
1.857	14.37	25.23
1.856	14.38	25.23
1.855	14.38	25.23
1.856	14.38	25.23
1.856	14.38	25.23
1.855	14.38	25.23
1.855	14.39	25.23
1.855	14.39	25.23
1.855	14.39	25.23
1.855	14.40	25.23
1.855	14.40	25.23
1.854	14.40	25.23
1.853	14.41	25.23
1.852	14.41	25.23
1.852	14.42	25.23
1.851	14.42	25.23
1.851	14.42	25.23
1.851	14.42	25.23
1.851	14.42	25.23
1.850	14.43	25.23
1.849	14.44	25.23
1.848	14.44	25.23
1.847	14.45	25.23
1.846	14.46	25.23
1.846	14.46	25.23
1.845	14.46	25.23
1.845	14.47	25.23
1.844	14.48	25.23
1.843	14.48	25.23
1.843	14.48	25.23
1.842	14.49	25.23
1.841	14.50	25.23
1.840	14.51	25.23
1.840	14.51	25.23
1.839	14.51	25.23
1.838	14.52	25.23
1.838	14.52	25.23
1.838	14.52	25.23
1.837	14.52	25.23
1.836	14.54	25.23
1.836	14.54	25.23
1.835	14.55	25.23
1.835	14.56	25.23
1.834	14.56	25.23
1.834	14.56	25.23
1.834	14.56	25.23
1.834	14.56	25.23
1.834	14.56	25.23
1.834	14.56	25.23
1.834	14.56	25.23
1.834	14.56	25.23
1.834	14.56	25.23
1.834	14.56	25.23
1.833	14.56	25.23
1.833	14.56	25.23
1.832	14.57	25.23
1.832	14.57	25.23
1.832	14.58	25.23
1.831	14.58	25.23
1.831	14.58	25.23
1.830	14.59	25.23
1.830	14.59	25.23
1.829	14.60	25.23
1.829	14.60	25.23
1.829	14.60	25.23
1.828	14.60	25.23
1.828	14.61	25.23
1.827	14.61	25.23
1.827	14.61	25.23
1.826	14.62	25.23
1.826	14.62	25.23
1.825	14.63	25.23
1.825	14.63	25.23
1.824	14.64	25.23
1.823	14.64	25.23
1.823	14.65	25.23
1.822	14.66	25.23
1.821	14.66	25.23
1.821	14.66	25.23
1.820	14.66	25.23
1.819	14.68	25.23
1.818	14.68	25.23
1.818	14.69	25.23
1.817	14.69	25.23
1.816	14.70	25.23
1.815	14.70	25.23
1.814	14.70	25.23
1.813	14.71	25.23
1.812	14.73	25.23
1.810	14.75	25.23
1.809	14.76	25.23
1.808	14.76	25.23
1.808	14.77	25.23
1.807	14.77	25.23
1.806	14.78	25.23
1.806	14.79	25.23
1.806	14.79	25.23
1.805	14.79	25.23
1.805	14.79	25.23
1.805	14.79	25.23
1.804	14.80	25.23
1.804	14.81	25.23
1.804	14.81	25.23
1.803	14.81	25.23
1.803	14.81	25.23
1.803	14.81	25.23
1.803	14.81	25.23
1.803	14.82	25.23
1.802	14.82	25.23
1.802	14.83	25.23
1.802	14.83	25.23
1.802	14.83	25.23
1.801	14.83	25.23
1.801	14.83	25.23
1.801	14.83	25.23
1.800	14.83	25.23
1.800	14.83	25.23
1.800	14.83	25.23
1.800	14.83	25.23
1.800	14.84	25.23
1.799	14.84	25.23
1.799	14.84	25.23
1.799	14.84	25.23
1.799	14.85	25.23
1.799	14.85	25.23
1.798	14.85	25.23
1.798	14.85	25.23
1.798	14.85	25.23
1.798	14.85	25.23
1.797	14.86	25.23
1.797	14.86	25.23
1.797	14.86	25.23
1.796	14.87	25.23
1.796	14.87	25.23
1.796	14.87	25.23
1.795	14.87	25.23
1.795	14.87	25.23
1.795	14.87	25.23
1.794	14.89	25.23
1.794	14.89	25.23
1.794	14.89	25.23
1.794	14.89	25.23
1.793	14.90	25.23
1.793	14.91	25.23
1.793	14.91	25.23
1.793	14.91	25.23
1.792	14.91	25.23
1.792	14.91	25.23
1.792	14.91	25.23
1.791	14.91	25.23
1.791	14.91	25.23
1.791	14.92	25.23
1.791	14.91	25.23
1.790	14.92	25.23
1.790	14.93	25.23
1.790	14.93	25.23
1.790	14.93	25.23
1.789	14.93	25.23
1.789	14.94	25.23
1.789	14.94	25.23
1.789	14.94	25.23
1.789	14.94	25.23
1.789	14.95	25.23
1.788	14.95	25.23
1.788	14.95	25.23
1.788	14.95	25.23
1.787	14.95	25.23
1.787	14.95	25.23
1.787	14.96	25.23
1.786	14.96	25.23
1.785	14.96	25.23
1.784	14.97	25.23
1.783	14.99	25.23
1.781	15.00	25.23
1.780	15.01	25.23
1.778	15.02	25.23
1.777	15.02	25.23
1.776	15.03	25.23
1.775	15.04	25.23
1.774	15.05	25.23
1.773	15.06	25.23
1.773	15.07	25.23
1.772	15.08	25.23
1.771	15.08	25.23
1.771	15.08	25.23
1.771	15.09	25.23
1.770	15.10	25.23
1.770	15.10	25.23
1.769	15.10	25.23
1.769	15.10	25.23
1.769	15.10	25.23
1.768	15.10	25.23
1.768	15.11	25.23
1.767	15.11	25.23
1.767	15.11	25.23
1.767	15.11	25.23
1.766	15.12	25.23
1.766	15.12	25.23
1.765	15.13	25.23
1.765	15.13	25.23
1.764	15.15	25.23
1.764	15.15	25.23
1.763	15.15	25.23
1.763	15.15	25.23
1.762	15.17	25.23
1.761	15.17	25.23
1.761	15.17	25.23
1.760	15.17	25.23
1.760	15.18	25.23
1.759	15.19	25.23
1.759	15.19	25.23
1.758	15.19	25.23
1.757	15.20	25.23
1.757	15.21	25.23
1.756	15.21	25.23
1.756	15.22	25.23
1.755	15.22	25.23
1.755	15.23	25.23
1.755	15.23	25.23
1.754	15.23	25.23
1.754	15.24	25.23
1.754	15.24	25.23
1.753	15.25	25.23
1.753	15.25	25.23
1.752	15.25	25.23
1.752	15.25	25.23
1.751	15.26	25.23
1.751	15.26	25.23
1.751	15.26	25.23
1.750	15.27	25.23
1.750	15.27	25.23
1.749	15.28	25.23
1.748	15.29	25.23
1.748	15.29	25.23
1.747	15.30	25.23
1.747	15.30	25.23
1.746	15.30	25.23
1.746	15.30	25.23
1.745	15.30	25.23
1.745	15.30	25.23
1.745	15.31	25.23
1.744	15.32	25.23
1.743	15.34	25.23
1.743	15.34	25.23
1.742	15.34	25.23
1.741	15.34	25.23
1.741	15.34	25.23
1.740	15.35	25.23
1.740	15.36	25.23
1.739	15.36	25.23
1.739	15.36	25.23
1.739	15.37	25.23
1.739	15.37	25.23
1.738	15.38	25.23
1.738	15.38	25.23
1.738	15.38	25.23
1.737	15.39	25.23
1.737	15.40	25.23
1.736	15.40	25.23
1.735	15.40	25.23
1.735	15.41	25.23
1.734	15.42	25.23
1.734	15.42	25.23
1.733	15.42	25.23
1.733	15.42	25.23
1.732	15.42	25.23
1.732	15.43	25.23
1.731	15.44	25.23
1.731	15.44	25.23
1.730	15.45	25.23
1.730	15.46	25.23
1.729	15.46	25.23
1.729	15.46	25.23
1.728	15.47	25.23
1.728	15.47	25.23
1.727	15.48	25.23
1.727	15.48	25.23
1.726	15.49	25.23
1.725	15.50	25.23
1.725	15.50	25.23
1.724	15.50	25.23
1.724	15.50	25.23
1.723	15.51	25.23
1.723	15.51	25.23
1.722	15.51	25.23
1.722	15.52	25.23
1.721	15.53	25.23
1.721	15.53	25.23
1.720	15.53	25.23
1.720	15.53	25.23
1.719	15.54	25.23
1.719	15.55	25.23
1.719	15.55	25.23
1.718	15.55	25.23
1.718	15.55	25.23
1.718	15.56	25.23
1.717	15.57	25.23
1.717	15.57	25.23
1.716	15.58	25.23
1.716	15.59	25.23
1.716	15.59	25.23
1.715	15.59	25.23
1.715	15.59	25.23
1.715	15.59	25.23
1.714	15.59	25.23
1.714	15.60	25.23
1.714	15.60	25.23
1.713	15.60	25.23
1.713	15.61	25.23
1.713	15.61	25.23
1.712	15.62	25.23
1.712	15.63	25.23
1.711	15.63	25.23
1.711	15.63	25.23
1.710	15.64	25.23
1.709	15.64	25.23
1.709	15.65	25.23
1.708	15.65	25.23
1.708	15.65	25.23
1.708	15.66	25.23
1.707	15.66	25.23
1.707	15.67	25.23
1.707	15.67	25.23
1.706	15.67	25.23
1.706	15.67	25.23
1.705	15.68	25.23
1.705	15.69	25.23
1.704	15.69	25.23
1.703	15.69	25.23
1.703	15.70	25.23
1.702	15.71	25.23
1.701	15.73	25.23
1.700	15.73	25.23
1.699	15.74	25.23
1.699	15.75	25.23
1.698	15.75	25.23
1.698	15.75	25.23
1.697	15.75	25.23
1.697	15.76	25.23
1.697	15.76	25.23
1.696	15.77	25.23
1.696	15.77	25.23
1.696	15.77	25.23
1.696	15.78	25.23
1.696	15.78	25.23
1.695	15.79	25.23
1.695	15.79	25.23
1.695	15.80	25.23
1.695	15.80	25.23
1.694	15.80	25.23
1.694	15.80	25.23
1.694	15.80	25.23
1.694	15.80	25.23
1.693	15.80	25.23
1.693	15.81	25.23
1.693	15.81	25.23
1.693	15.81	25.23
1.692	15.82	25.23
1.692	15.82	25.23
1.692	15.82	25.23
1.691	15.82	25.23
1.690	15.82	25.23
1.690	15.83	25.23
1.689	15.84	25.23
1.689	15.84	25.23
1.688	15.84	25.23
1.688	15.84	25.23
1.687	15.85	25.23
1.686	15.86	25.23
1.686	15.87	25.23
1.685	15.88	25.23
1.684	15.88	25.23
1.684	15.89	25.23
1.683	15.90	25.23
1.682	15.90	25.23
1.681	15.90	25.23
1.681	15.91	25.23
1.681	15.92	25.23
1.680	15.92	25.23
1.680	15.92	25.23
1.679	15.92	25.23
1.679	15.93	25.23
1.678	15.94	25.23
1.678	15.94	25.23
1.678	15.94	25.23
1.678	15.94	25.23
1.677	15.95	25.23
1.677	15.96	25.23
1.677	15.96	25.23
1.677	15.96	25.23
1.676	15.96	25.23
1.676	15.97	25.23
1.675	15.97	25.23
1.674	15.98	25.23
1.674	15.98	25.23
1.673	16.00	25.23
1.672	16.00	25.23
1.672	16.00	25.23
1.671	16.01	25.23
1.670	16.02	25.23
1.669	16.02	25.23
1.669	16.04	25.23
1.668	16.04	25.23
1.668	16.05	25.23
1.667	16.06	25.23
1.667	16.06	25.23
1.666	16.06	25.23
1.665	16.06	25.23
1.665	16.08	25.23
1.664	16.08	25.23
1.663	16.09	25.23
1.662	16.10	25.23
1.662	16.10	25.23
1.661	16.10	25.23
1.660	16.12	25.23
1.660	16.12	25.23
1.659	16.12	25.23
1.659	16.13	25.23
1.658	16.14	25.23
1.658	16.14	25.23
1.657	16.14	25.23
1.657	16.15	25.23
1.656	16.16	25.23
1.656	16.16	25.23
1.655	16.16	25.23
1.655	16.17	25.23
1.654	16.18	25.23
1.654	16.19	25.23
1.653	16.20	25.23
1.653	16.20	25.23
1.652	16.20	25.23
1.652	16.21	25.23
1.651	16.21	25.23
1.650	16.22	25.23
1.650	16.22	25.23
1.649	16.22	25.23
1.649	16.23	25.23
1.648	16.24	25.23
1.648	16.25	25.23
1.647	16.25	25.23
1.647	16.25	25.23
1.646	16.26	25.23
1.646	16.27	25.23
1.645	16.28	25.23
1.644	16.29	25.23
1.644	16.29	25.23
1.643	16.29	25.23
1.643	16.29	25.23
1.642	16.30	25.23
1.642	16.30	25.23
1.641	16.31	25.23
1.641	16.32	25.23
1.640	16.32	25.23
1.640	16.32	25.23
1.640	16.32	25.23
1.639	16.33	25.23
1.639	16.33	25.23
1.638	16.34	25.23
1.637	16.34	25.23
1.637	16.36	25.23
1.636	16.36	25.23
1.635	16.37	25.23
1.634	16.37	25.23
1.634	16.38	25.23
1.633	16.38	25.23
1.633	16.38	25.23
1.633	16.38	25.23
1.633	16.38	25.23
1.633	16.38	25.23
1.632	16.39	25.23
1.632	16.40	25.23
1.631	16.40	25.23
1.631	16.41	25.23
1.631	16.42	25.23
1.630	16.42	25.23
1.630	16.42	25.23
1.629	16.43	25.23
1.629	16.44	25.23
1.628	16.44	25.23
1.627	16.45	25.23
1.627	16.46	25.23
1.626	16.46	25.23
1.626	16.46	25.23
1.625	16.46	25.23
1.625	16.47	25.23
1.624	16.48	25.23
1.624	16.48	25.23
1.623	16.50	25.23
1.622	16.50	25.23
1.622	16.50	25.23
1.621	16.51	25.23
1.621	16.51	25.23
1.621	16.52	25.23
1.620	16.52	25.23
1.620	16.53	25.23
1.619	16.53	25.23
1.619	16.54	25.23
1.619	16.54	25.23
1.619	16.54	25.23
1.619	16.54	25.23
1.618	16.55	25.23
1.618	16.56	25.23
1.617	16.56	25.23
1.617	16.56	25.23
1.616	16.57	25.23
1.616	16.58	25.23
1.615	16.58	25.23
1.615	16.58	25.23
1.615	16.60	25.23
1.614	16.60	25.23
1.614	16.60	25.23
1.614	16.60	25.23
1.613	16.62	25.23
1.612	16.62	25.23
1.612	16.62	25.23
1.611	16.63	25.23
1.611	16.64	25.23
1.610	16.64	25.23
1.609	16.65	25.23
1.609	16.65	25.23
1.608	16.66	25.23
1.608	16.66	25.23
1.607	16.67	25.23
1.607	16.67	25.23
1.607	16.68	25.23
1.606	16.68	25.23
1.606	16.68	25.23
1.605	16.69	25.23
1.605	16.70	25.23
1.604	16.70	25.23
1.603	16.72	25.23
1.602	16.73	25.23
1.602	16.74	25.23
1.600	16.74	25.23
1.600	16.75	25.23
1.599	16.76	25.23
1.598	16.77	25.23
1.597	16.77	25.23
1.596	16.79	25.23
1.595	16.79	25.23
1.594	16.80	25.23
1.593	16.81	25.23
1.592	16.83	25.23
1.592	16.83	25.23
1.592	16.83	25.23
1.592	16.83	25.23
1.591	16.83	25.23
1.591	16.83	25.23
1.591	16.84	25.23
1.591	16.84	25.23
1.590	16.84	25.23
1.590	16.84	25.23
1.590	16.85	25.23
1.590	16.85	25.23
1.590	16.85	25.23
1.590	16.86	25.23
1.589	16.86	25.23
1.589	16.86	25.23
1.589	16.86	25.23
1.589	16.86	25.23
1.589	16.86	25.23
1.588	16.87	25.23
1.588	16.87	25.23
1.587	16.88	25.23
1.587	16.88	25.23
1.586	16.89	25.23
1.586	16.90	25.23
1.585	16.90	25.23
1.585	16.90	25.23
1.585	16.90	25.23
1.585	16.90	25.23
1.585	16.90	25.23
1.585	16.90	25.23
1.585	16.90	25.23
1.585	16.91	25.23
1.585	16.91	25.23
1.585	16.91	25.23
1.584	16.91	25.23
1.584	16.91	25.23
1.584	16.91	25.23
1.584	16.92	25.23
1.584	16.92	25.23
1.583	16.93	25.23
1.583	16.93	25.23
1.583	16.93	25.23
1.583	16.93	25.23
1.583	16.93	25.23
1.582	16.93	25.23
1.582	16.93	25.23
1.582	16.95	25.23
1.581	16.95	25.23
1.581	16.95	25.23
1.581	16.95	25.23
1.580	16.96	25.23
1.580	16.97	25.23
1.580	16.97	25.23
1.579	16.97	25.23
1.579	16.97	25.23
1.579	16.97	25.23
1.579	16.98	25.23
1.578	16.98	25.23
1.578	16.99	25.23
1.578	16.99	25.23
1.578	16.99	25.23
1.578	16.99	25.23
1.578	16.99	25.23
1.577	17.00	25.23
1.577	17.00	25.23
1.576	17.01	25.23
1.576	17.02	25.23
1.576	17.02	25.23
1.575	17.02	25.23
1.575	17.02	25.23
1.575	17.03	25.23
1.575	17.04	25.23
1.574	17.04	25.23
1.574	17.04	25.23
1.574	17.04	25.23
1.573	17.04	25.23
1.573	17.05	25.23
1.573	17.06	25.23
1.573	17.06	25.23
1.572	17.06	25.23
1.572	17.07	25.23
1.572	17.07	25.23
1.571	17.08	25.23
1.571	17.09	25.23
1.570	17.09	25.23
1.570	17.09	25.23
1.569	17.09	25.23
1.569	17.10	25.23
1.568	17.11	25.23
1.568	17.12	25.23
1.567	17.13	25.23
1.566	17.13	25.23
1.566	17.13	25.23
1.565	17.14	25.23
1.565	17.14	25.23
1.565	17.14	25.23
1.564	17.14	25.23
1.564	17.14	25.23
1.564	17.14	25.23
1.563	17.14	25.23
1.563	17.15	25.23
1.563	17.16	25.23
1.563	17.16	25.23
1.563	17.16	25.23
1.562	17.17	25.23
1.562	17.18	25.23
1.562	17.18	25.23
1.562	17.18	25.23
1.561	17.19	25.23
1.561	17.20	25.23
1.561	17.20	25.23
1.560	17.21	25.23
1.560	17.21	25.23
1.559	17.21	25.23
1.559	17.22	25.23
1.559	17.22	25.23
1.558	17.23	25.23
1.558	17.23	25.23
1.558	17.23	25.23
1.557	17.23	25.23
1.557	17.23	25.23
1.556	17.24	25.23
1.556	17.24	25.23
1.555	17.25	25.23
1.555	17.26	25.23
1.555	17.26	25.23
1.554	17.26	25.23
1.554	17.27	25.23
1.553	17.27	25.23
1.553	17.27	25.23
1.552	17.28	25.23
1.552	17.29	25.23
1.551	17.29	25.23
1.551	17.30	25.23
1.550	17.30	25.23
1.550	17.30	25.23
1.549	17.31	25.23
1.549	17.31	25.23
1.549	17.32	25.23
1.548	17.33	25.23
1.548	17.33	25.23
1.547	17.33	25.23
1.547	17.34	25.23
1.546	17.34	25.23
1.546	17.35	25.23
1.545	17.36	25.23
1.545	17.36	25.23
1.544	17.37	25.23
1.544	17.38	25.23
1.543	17.39	25.23
1.543	17.39	25.23
1.542	17.40	25.23
1.542	17.40	25.23
1.541	17.40	25.23
1.541	17.41	25.23
1.541	17.41	25.23
1.541	17.42	25.23
1.540	17.42	25.23
1.540	17.43	25.23
1.540	17.43	25.23
1.539	17.43	25.23
1.539	17.44	25.23
1.538	17.45	25.23
1.538	17.45	25.23
1.537	17.46	25.23
1.537	17.47	25.23
1.537	17.48	25.23
1.537	17.48	25.23
1.537	17.48	25.23
1.536	17.48	25.23
1.536	17.48	25.23
1.536	17.49	25.23
1.535	17.49	25.23
1.535	17.49	25.23
1.534	17.49	25.23
1.534	17.50	25.23
1.534	17.50	25.23
1.533	17.50	25.23
1.533	17.51	25.23
1.533	17.52	25.23
1.532	17.53	25.23
1.531	17.53	25.23
1.531	17.54	25.23
1.530	17.55	25.23
1.530	17.56	25.23
1.529	17.56	25.23
1.528	17.57	25.23
1.528	17.58	25.23
1.527	17.58	25.23
1.527	17.58	25.23
1.526	17.59	25.23
1.526	17.59	25.23
1.525	17.60	25.23
1.525	17.61	25.23
1.524	17.61	25.23
1.524	17.62	25.23
1.523	17.63	25.23
1.523	17.64	25.23
1.523	17.64	25.23
1.522	17.64	25.23
1.522	17.64	25.23
1.522	17.64	25.23
1.521	17.65	25.23
1.521	17.66	25.23
1.520	17.67	25.23
1.520	17.67	25.23
1.520	17.68	25.23
1.519	17.68	25.23
1.519	17.68	25.23
1.519	17.69	25.23
1.518	17.69	25.23
1.518	17.69	25.23
1.518	17.69	25.23
1.517	17.70	25.23
1.517	17.71	25.23
1.516	17.72	25.23
1.516	17.72	25.23
1.515	17.72	25.23
1.515	17.73	25.23
1.515	17.74	25.23
1.514	17.74	25.23
1.514	17.74	25.23
1.513	17.75	25.23
1.513	17.75	25.23
1.513	17.75	25.23
1.512	17.75	25.23
1.512	17.76	25.23
1.512	17.76	25.22
1.511	17.76	25.23
1.511	17.77	25.22
1.510	17.78	25.22
1.510	17.78	25.22
1.509	17.79	25.23
1.509	17.79	25.23
1.509	17.79	25.23
1.508	17.80	25.23
1.508	17.80	25.23
1.507	17.81	25.23
1.507	17.81	25.23
1.506	17.81	25.22
1.506	17.82	25.23
1.505	17.83	25.22
1.505	17.83	25.23
1.504	17.84	25.22
1.504	17.85	25.22
1.503	17.86	25.22
1.503	17.87	25.22
1.502	17.88	25.22
1.501	17.89	25.22
1.500	17.89	25.23
1.500	17.91	25.22
1.499	17.92	25.22
1.498	17.93	25.23
1.498	17.93	25.23
1.498	17.93	25.23
1.498	17.93	25.23
1.498	17.93	25.22
1.497	17.93	25.22
1.497	17.94	25.23
1.497	17.94	25.22
1.496	17.94	25.22
1.496	17.94	25.23
1.496	17.95	25.22
1.496	17.96	25.23
1.496	17.96	25.22
1.495	17.96	25.22
1.495	17.97	25.22
1.495	17.97	25.23
1.494	17.98	25.22
1.493	17.98	25.23
1.492	18.00	25.23
1.490	18.02	25.23
1.489	18.04	25.22
1.488	18.05	25.23
1.487	18.07	25.23
1.486	18.09	25.22
1.485	18.11	25.23
1.485	18.11	25.22
1.484	18.11	25.22
1.483	18.12	25.22
1.482	18.13	25.22
1.482	18.13	25.22
1.481	18.14	25.23
1.481	18.15	25.23
1.481	18.15	25.22
1.480	18.15	25.22
1.480	18.15	25.22
1.480	18.16	25.22
1.480	18.17	25.22
1.479	18.17	25.22
1.479	18.17	25.22
1.478	18.17	25.23
1.478	18.17	25.22
1.478	18.18	25.23
1.478	18.18	25.22
1.478	18.18	25.22
1.478	18.19	25.22
1.477	18.19	25.22
1.477	18.19	25.22
1.477	18.20	25.22
1.477	18.20	25.23
1.477	18.20	25.22
1.476	18.21	25.22
1.476	18.21	25.22
1.475	18.21	25.22
1.475	18.22	25.22
1.475	18.22	25.22
1.474	18.23	25.22
1.474	18.23	25.22
1.474	18.23	25.23
1.474	18.23	25.22
1.473	18.23	25.22
1.473	18.24	25.22
1.473	18.24	25.22
1.472	18.24	25.23
1.472	18.24	25.22
1.472	18.24	25.22
1.472	18.24	25.22
1.472	18.25	25.22
1.471	18.25	25.22
1.471	18.25	25.22
1.471	18.26	25.22
1.471	18.26	25.23
1.470	18.27	25.22
1.470	18.28	25.22
1.469	18.29	25.23
1.468	18.30	25.23
1.467	18.31	25.23
1.466	18.33	25.23
1.464	18.34	25.22
1.463	18.36	25.22
1.463	18.37	25.22
1.462	18.38	25.22
1.461	18.39	25.23
1.461	18.39	25.22
1.460	18.40	25.22
1.460	18.40	25.22
1.459	18.41	25.22
1.459	18.41	25.22
1.459	18.42	25.22
1.459	18.42	25.22
1.459	18.42	25.22
1.458	18.43	25.22
1.458	18.43	25.22
1.457	18.43	25.22
1.457	18.44	25.22
1.456	18.45	25.22
1.455	18.46	25.22
1.455	18.48	25.22
1.454	18.49	25.22
1.454	18.49	25.22
1.453	18.50	25.22
1.453	18.50	25.22
1.453	18.51	25.22
1.453	18.51	25.22
1.453	18.51	25.22
1.453	18.51	25.22
1.453	18.52	25.22
1.452	18.52	25.22
1.452	18.52	25.22
1.452	18.53	25.22
1.452	18.53	25.22
1.452	18.53	25.22
1.452	18.54	25.22
1.451	18.54	25.22
1.451	18.54	25.22
1.451	18.54	25.22
1.450	18.54	25.22
1.450	18.55	25.22
1.450	18.55	25.22
1.450	18.55	25.22
1.449	18.56	25.22
1.449	18.56	25.22
1.449	18.57	25.22
1.449	18.57	25.22
1.449	18.57	25.22
1.448	18.58	25.22
1.448	18.58	25.22
1.448	18.58	25.22
1.447	18.59	25.22
1.447	18.60	25.22
1.447	18.60	25.22
1.446	18.60	25.22
1.446	18.61	25.22
1.446	18.61	25.22
1.445	18.61	25.22
1.445	18.62	25.22
1.444	18.62	25.22
1.444	18.63	25.22
1.444	18.63	25.22
1.443	18.63	25.22
1.443	18.63	25.22
1.443	18.64	25.22
1.442	18.64	25.22
1.442	18.64	25.22
1.442	18.65	25.22
1.442	18.65	25.22
1.442	18.65	25.22
1.441	18.65	25.22
1.441	18.65	25.22
1.441	18.65	25.22
1.440	18.66	25.22
1.440	18.66	25.22
1.439	18.66	25.22
1.439	18.66	25.22
1.439	18.67	25.22
1.439	18.67	25.22
1.439	18.67	25.22
1.439	18.67	25.22
1.439	18.67	25.22
1.439	18.68	25.22
1.438	18.68	25.22
1.438	18.68	25.22
1.438	18.69	25.22
1.438	18.69	25.22
1.438	18.69	25.22
1.437	18.69	25.22
1.437	18.69	25.22
1.437	18.69	25.22
1.437	18.70	25.22
1.437	18.70	25.22
1.436	18.70	25.22
1.436	18.71	25.22
1.436	18.71	25.22
1.436	18.71	25.22
1.435	18.71	25.22
1.435	18.72	25.22
1.435	18.72	25.22
1.434	18.72	25.22
1.434	18.73	25.22
1.434	18.73	25.22
1.433	18.74	25.22
1.433	18.74	25.22
1.433	18.74	25.22
1.432	18.75	25.22
1.432	18.75	25.22
1.431	18.76	25.22
1.431	18.76	25.22
1.431	18.77	25.22
1.431	18.77	25.22
1.430	18.77	25.22
1.430	18.78	25.22
1.430	18.78	25.22
1.430	18.78	25.22
1.430	18.78	25.22
1.429	18.79	25.22
1.429	18.79	25.22
1.429	18.80	25.22
1.429	18.80	25.22
1.429	18.81	25.22
1.429	18.81	25.22
1.428	18.81	25.22
1.428	18.81	25.22
1.428	18.82	25.22
1.428	18.82	25.22
1.428	18.82	25.22
1.428	18.83	25.22
1.427	18.83	25.22
1.427	18.83	25.22
1.427	18.83	25.22
1.426	18.83	25.22
1.426	18.83	25.22
1.426	18.84	25.22
1.426	18.84	25.22
1.426	18.84	25.22
1.426	18.84	25.22
1.425	18.84	25.22
1.425	18.85	25.22
1.425	18.85	25.22
1.425	18.85	25.22
1.425	18.86	25.22
1.424	18.86	25.22
1.424	18.86	25.22
1.424	18.87	25.22
1.424	18.87	25.22
1.423	18.89	25.22
1.423	18.90	25.22
1.423	18.93	25.22
1.422	18.97	25.22
1.422	18.98	25.22
1.421	18.99	25.22
1.421	18.99	25.22
1.421	18.99	25.22
1.420	18.97	25.22
1.420	18.99	25.22
1.419	18.97	25.22
1.419	18.99	25.22
1.418	19.01	25.22
1.418	19.02	25.22
1.418	19.03	25.22
1.417	19.03	25.22
1.417	19.03	25.22
1.417	19.04	25.22
1.417	19.04	25.22
1.416	19.04	25.22
1.416	19.04	25.22
1.416	19.03	25.22
1.415	19.04	25.22
1.415	19.04	25.22
1.415	19.04	25.22
1.415	19.04	25.22
1.414	19.05	25.22
1.414	19.05	25.22
1.414	19.06	25.22
1.413	19.06	25.22
1.413	19.06	25.22
1.413	19.06	25.22
1.412	19.06	25.22
1.412	19.06	25.22
1.411	19.06	25.22
1.411	19.06	25.22
1.411	19.06	25.22
1.410	19.08	25.22
1.410	19.09	25.22
1.410	19.09	25.22
1.410	19.09	25.22
1.409	19.12	25.22
1.409	19.14	25.22
1.409	19.16	25.22
1.409	19.17	25.22
1.409	19.17	25.22
1.408	19.19	25.22
1.408	19.19	25.22
1.408	19.19	25.22
1.407	19.19	25.22
1.407	19.19	25.22
1.407	19.20	25.22
1.407	19.22	25.22
1.406	19.22	25.22
1.406	19.22	25.22
1.406	19.22	25.22
1.405	19.22	25.22
1.405	19.22	25.22
1.405	19.22	25.22
1.405	19.22	25.22
1.405	19.25	25.22
1.404	19.25	25.22
1.404	19.25	25.22
1.404	19.22	25.22
1.403	19.22	25.22
1.403	19.23	25.22
1.402	19.25	25.22
1.402	19.27	25.22
1.401	19.26	25.22
1.401	19.28	25.22
1.400	19.27	25.22
1.400	19.30	25.22
1.399	19.31	25.22
1.399	19.32	25.22
1.399	19.32	25.22
1.399	19.34	25.22
1.398	19.35	25.22
1.398	19.35	25.22
1.398	19.35	25.22
1.398	19.35	25.22
1.398	19.35	25.22
1.397	19.37	25.22
1.397	19.37	25.22
1.397	19.37	25.22
1.396	19.37	25.22
1.396	19.37	25.22
1.396	19.37	25.22
1.396	19.37	25.22
1.395	19.38	25.22
1.395	19.40	25.22
1.394	19.40	25.22
1.394	19.40	25.22
1.394	19.40	25.22
1.393	19.41	25.22
1.393	19.42	25.22
1.393	19.42	25.22
1.392	19.43	25.22
1.392	19.43	25.22
1.392	19.43	25.22
1.391	19.43	25.22
1.391	19.43	25.22
1.391	19.43	25.22
1.390	19.43	25.22
1.390	19.43	25.22
1.389	19.44	25.22
1.389	19.43	25.22
1.388	19.41	25.22
1.388	19.43	25.22
1.387	19.43	25.22
1.386	19.43	25.22
1.386	19.45	25.22
1.386	19.45	25.22
1.385	19.47	25.22
1.385	19.48	25.22
1.385	19.48	25.22
1.384	19.48	25.22
1.384	19.48	25.22
1.383	19.48	25.22
1.383	19.49	25.22
1.382	19.50	25.22
1.382	19.50	25.22
1.381	19.51	25.22
1.381	19.51	25.22
1.380	19.52	25.22
1.379	19.53	25.22
1.379	19.53	25.22
1.378	19.57	25.22
1.377	19.58	25.22
1.377	19.58	25.22
1.377	19.61	25.22
1.376	19.63	25.22
1.376	19.63	25.22
1.376	19.63	25.22
1.376	19.63	25.22
1.375	19.63	25.22
1.375	19.63	25.22
1.375	19.64	25.22
1.374	19.65	25.22
1.374	19.67	25.22
1.373	19.67	25.22
1.373	19.66	25.22
1.373	19.66	25.22
1.372	19.68	25.22
1.372	19.69	25.22
1.372	19.69	25.22
1.371	19.69	25.22
1.371	19.69	25.22
1.370	19.69	25.22
1.370	19.70	25.22
1.370	19.74	25.22
1.370	19.74	25.22
1.370	19.74	25.22
1.369	19.74	25.22
1.369	19.74	25.22
1.368	19.74	25.22
1.368	19.74	25.22
1.367	19.74	25.22
1.367	19.74	25.22
1.367	19.74	25.22
1.366	19.76	25.22
1.365	19.79	25.22
1.365	19.79	25.22
1.364	19.79	25.22
1.364	19.79	25.22
1.363	19.82	25.22
1.363	19.84	25.22
1.363	19.84	25.22
1.362	19.84	25.22
1.362	19.84	25.22
1.362	19.84	25.22
1.361	19.84	25.22
1.361	19.84	25.22
1.361	19.84	25.22
1.360	19.84	25.22
1.360	19.84	25.22
1.360	19.84	25.22
1.359	19.84	25.22
1.359	19.84	25.22
1.359	19.84	25.22
1.359	19.84	25.22
1.358	19.84	25.22
1.358	19.84	25.22
1.357	19.84	25.22
1.357	19.87	25.22
1.357	19.89	25.22
1.356	19.85	25.22
1.356	19.85	25.22
1.356	19.86	25.22
1.355	19.85	25.22
1.355	19.89	25.22
1.354	19.89	25.22
1.353	19.89	25.22
1.353	19.90	25.22
1.352	19.90	25.22
1.352	19.92	25.22
1.351	19.95	25.22
1.351	19.95	25.22
1.351	19.95	25.22
1.350	19.95	25.22
1.350	19.95	25.22
1.350	19.95	25.22
1.349	19.95	25.22
1.349	19.95	25.22
1.349	19.95	25.22
1.348	19.95	25.22
1.348	19.95	25.22
1.347	19.99	25.22
1.347	20.00	25.22
1.347	20.00	25.22
1.346	20.00	25.22
1.346	20.00	25.22
1.346	20.00	25.22
1.346	20.01	25.22
1.345	20.02	25.22
1.345	20.02	25.22
1.345	20.04	25.22
1.345	20.06	25.22
1.345	20.07	25.22
1.345	20.07	25.22
1.345	20.07	25.22
1.344	20.07	25.22
1.344	20.07	25.22
1.344	20.07	25.22
1.344	20.07	25.22
1.344	20.07	25.22
1.343	20.07	25.22
1.343	20.07	25.22
1.343	20.07	25.22
1.342	20.07	25.22
1.342	20.07	25.22
1.342	20.07	25.22
1.341	20.07	25.22
1.341	20.07	25.22
1.341	20.07	25.22
1.341	20.07	25.22
1.340	20.07	25.22
1.340	20.07	25.22
1.340	20.07	25.22
1.340	20.08	25.22
1.340	20.08	25.22
1.340	20.08	25.22
1.340	20.07	25.22
1.340	20.07	25.22
1.339	20.09	25.22
1.339	20.14	25.22
1.339	20.14	25.22
1.339	20.14	25.22
1.338	20.14	25.22
1.338	20.14	25.22
1.338	20.14	25.22
1.338	20.14	25.22
1.338	20.14	25.22
1.338	20.14	25.22
1.337	20.14	25.22
1.337	20.14	25.22
1.337	20.14	25.22
1.337	20.14	25.22
1.336	20.14	25.22
1.336	20.15	25.22
1.336	20.16	25.22
1.335	20.18	25.22
1.335	20.21	25.22
1.335	20.21	25.22
1.335	20.21	25.22
1.334	20.21	25.22
1.334	20.21	25.22
1.334	20.21	25.22
1.334	20.21	25.22
1.333	20.21	25.22
1.333	20.21	25.22
1.333	20.21	25.22
1.333	20.21	25.22
1.333	20.21	25.22
1.333	20.21	25.22
1.333	20.21	25.22
1.332	20.21	25.22
1.332	20.21	25.22
1.332	20.21	25.22
1.331	20.21	25.22
1.331	20.21	25.22
1.331	20.21	25.22
1.331	20.21	25.22
1.330	20.22	25.22
1.330	20.25	25.22
1.330	20.26	25.22
1.330	20.28	25.22
1.329	20.28	25.22
1.329	20.28	25.22
1.329	20.28	25.22
1.328	20.28	25.22
1.328	20.28	25.22
1.327	20.28	25.22
1.327	20.35	25.22
1.327	20.35	25.22
1.327	20.35	25.22
1.327	20.28	25.22
1.326	20.28	25.22
1.325	20.33	25.22
1.324	20.32	25.22
1.324	20.34	25.22
1.324	20.31	25.22
1.324	20.30	25.22
1.324	20.34	25.22
1.323	20.35	25.22
1.323	20.35	25.22
1.323	20.35	25.22
1.322	20.35	25.22
1.321	20.37	25.22
1.321	20.38	25.22
1.321	20.42	25.22
1.320	20.42	25.22
1.319	20.42	25.22
1.319	20.42	25.22
1.318	20.42	25.22
1.318	20.45	25.22
1.317	20.48	25.22
1.317	20.48	25.22
1.317	20.49	25.22
1.316	20.49	25.22
1.316	20.49	25.22
1.316	20.49	25.22
1.316	20.49	25.22
1.316	20.50	25.22
1.316	20.49	25.22
1.315	20.49	25.22
1.315	20.50	25.22
1.315	20.50	25.22
1.315	20.51	25.22
1.315	20.52	25.22
1.315	20.52	25.22
1.314	20.54	25.22
1.314	20.55	25.22
1.314	20.55	25.22
1.314	20.55	25.22
1.314	20.55	25.22
1.314	20.54	25.22
1.314	20.54	25.22
1.314	20.53	25.22
1.313	20.54	25.22
1.313	20.55	25.22
1.313	20.55	25.22
1.313	20.55	25.22
1.313	20.55	25.22
1.312	20.55	25.22
1.312	20.55	25.22
1.311	20.55	25.22
1.311	20.56	25.22
1.311	20.56	25.22
1.310	20.57	25.22
1.310	20.60	25.22
1.310	20.61	25.22
1.310	20.61	25.22
1.310	20.61	25.22
1.310	20.61	25.22
1.309	20.61	25.22
1.309	20.61	25.22
1.309	20.61	25.22
1.309	20.61	25.22
1.308	20.61	25.22
1.308	20.61	25.22
1.308	20.67	25.22
1.307	20.68	25.22
1.307	20.68	25.22
1.307	20.68	25.22
1.307	20.68	25.22
1.306	20.68	25.22
1.306	20.68	25.22
1.305	20.68	25.22
1.305	20.68	25.22
1.305	20.68	25.22
1.305	20.68	25.22
1.305	20.68	25.22
1.305	20.68	25.22
1.304	20.68	25.22
1.304	20.68	25.22
1.304	20.68	25.22
1.303	20.69	25.22
1.303	20.69	25.22
1.303	20.68	25.22
1.303	20.68	25.22
1.303	20.70	25.22
1.302	20.73	25.22
1.302	20.74	25.22
1.302	20.74	25.22
1.302	20.74	25.22
1.302	20.74	25.22
1.302	20.74	25.22
1.301	20.74	25.22
1.301	20.74	25.22
1.300	20.74	25.22
1.300	20.75	25.22
1.300	20.76	25.22
1.300	20.78	25.22
1.299	20.76	25.22
1.299	20.76	25.22
1.298	20.76	25.22
1.298	20.80	25.22
1.298	20.79	25.22
1.297	20.80	25.22
1.296	20.80	25.22
1.296	20.80	25.22
1.295	20.80	25.22
1.295	20.80	25.22
1.294	20.87	25.22
1.294	20.87	25.22
1.294	20.87	25.22
1.293	20.87	25.22
1.293	20.87	25.22
1.293	20.87	25.22
1.292	20.87	25.22
1.292	20.87	25.22
1.292	20.87	25.22
1.292	20.87	25.22
1.291	20.87	25.22
1.291	20.88	25.22
1.291	20.93	25.22
1.291	20.93	25.22
1.291	20.93	25.22
1.290	20.93	25.22
1.290	20.93	25.22
1.290	20.94	25.22
1.289	20.95	25.22
1.289	20.97	25.22
1.289	20.99	25.22
1.288	20.99	25.22
1.288	20.99	25.22
1.288	20.99	25.22
1.287	20.99	25.22
1.287	20.99	25.22
1.287	20.99	25.22
1.287	20.99	25.22
1.287	20.99	25.22
1.287	20.99	25.22
1.287	20.99	25.22
1.287	21.00	25.22
1.286	21.01	25.22
1.286	21.01	25.22
1.286	21.03	25.22
1.286	21.03	25.22
1.286	21.04	25.22
1.286	21.03	25.22
1.286	21.05	25.22
1.285	21.05	25.22
1.285	21.05	25.22
1.285	21.04	25.22
1.285	21.05	25.22
1.285	21.05	25.22
1.284	21.05	25.22
1.284	21.05	25.22
1.284	21.05	25.22
1.284	21.05	25.22
1.284	21.05	25.22
1.284	21.05	25.22
1.283	21.05	25.22
1.283	21.05	25.22
1.283	21.05	25.22
1.283	21.05	25.22
1.283	21.05	25.22
1.283	21.05	25.22
1.282	21.06	25.22
1.282	21.06	25.22
1.282	21.07	25.22
1.282	21.10	25.22
1.282	21.11	25.22
1.281	21.11	25.22
1.281	21.11	25.22
1.281	21.11	25.22
1.281	21.11	25.22
1.281	21.11	25.22
1.281	21.11	25.22
1.281	21.11	25.22
1.281	21.11	25.22
1.281	21.11	25.22
1.281	21.11	25.22
1.281	21.11	25.22
1.281	21.11	25.22
1.281	21.11	25.22
1.281	21.12	25.22
1.281	21.12	25.22
1.280	21.11	25.22
1.280	21.12	25.22
1.279	21.12	25.22
1.279	21.13	25.22
1.278	21.14	25.22
1.278	21.17	25.22
1.278	21.17	25.22
1.277	21.17	25.22
1.276	21.17	25.22
1.276	21.17	25.22
1.276	21.17	25.22
1.275	21.17	25.22
1.275	21.17	25.22
1.275	21.17	25.22
1.275	21.17	25.22
1.275	21.17	25.22
1.274	21.21	25.22
1.274	21.23	25.22
1.274	21.23	25.22
1.274	21.23	25.22
1.273	21.23	25.22
1.273	21.23	25.22
1.273	21.22	25.22
1.272	21.23	25.22
1.272	21.20	25.22
1.272	21.23	25.22
1.271	21.23	25.22
1.271	21.24	25.22
1.270	21.23	25.22
1.270	21.23	25.22
1.269	21.23	25.22
1.269	21.23	25.22
1.269	21.23	25.22
1.268	21.23	25.22
1.268	21.24	25.22
1.268	21.26	25.22
1.268	21.29	25.22
1.267	21.29	25.22
1.267	21.29	25.22
1.267	21.29	25.22
1.267	21.29	25.22
1.266	21.29	25.22
1.266	21.29	25.22
1.266	21.30	25.22
1.266	21.31	25.22
1.265	21.34	25.22
1.265	21.30	25.22
1.265	21.30	25.22
1.265	21.35	25.22
1.264	21.35	25.22
1.264	21.35	25.22
1.263	21.35	25.22
1.263	21.35	25.22
1.263	21.35	25.22
1.262	21.35	25.22
1.262	21.36	25.22
1.262	21.41	25.22
1.261	21.41	25.22
1.261	21.41	25.22
1.261	21.41	25.22
1.260	21.41	25.22
1.260	21.41	25.22
1.260	21.41	25.22
1.259	21.42	25.22
1.259	21.47	25.22
1.259	21.47	25.22
1.258	21.43	25.22
1.258	21.45	25.22
1.258	21.47	25.22
1.258	21.47	25.22
1.257	21.47	25.22
1.257	21.47	25.22
1.257	21.47	25.22
1.257	21.47	25.22
1.256	21.48	25.22
1.256	21.50	25.22
1.256	21.53	25.22
1.256	21.53	25.22
1.256	21.53	25.22
1.256	21.54	25.22
1.255	21.54	25.22
1.255	21.54	25.22
1.255	21.54	25.22
1.254	21.54	25.22
1.254	21.54	25.22
1.254	21.54	25.22
1.253	21.58	25.22
1.253	21.60	25.22
1.252	21.60	25.22
1.252	21.60	25.22
1.252	21.60	25.22
1.251	21.60	25.22
1.251	21.60	25.22
1.251	21.60	25.22
1.250	21.60	25.22
1.250	21.60	25.22
1.250	21.61	25.22
1.249	21.63	25.22
1.249	21.62	25.22
1.249	21.61	25.22
1.249	21.61	25.22
1.249	21.61	25.22
1.249	21.61	25.22
1.249	21.64	25.22
1.249	21.64	25.22
1.249	21.65	25.22
1.249	21.67	25.22
1.248	21.67	25.22
1.248	21.67	25.22
1.248	21.67	25.22
1.248	21.67	25.22
1.248	21.67	25.22
1.248	21.68	25.22
1.247	21.68	25.22
1.247	21.68	25.22
1.247	21.67	25.22
1.246	21.67	25.22
1.246	21.67	25.22
1.246	21.67	25.22
1.245	21.67	25.22
1.245	21.67	25.22
1.244	21.68	25.22
1.244	21.73	25.22
1.244	21.73	25.22
1.244	21.73	25.22
1.243	21.73	25.22
1.243	21.73	25.22
1.243	21.73	25.22
1.243	21.73	25.22
1.243	21.73	25.22
1.242	21.73	25.22
1.242	21.73	25.22
1.241	21.73	25.22
1.241	21.73	25.22
1.241	21.73	25.22
1.241	21.73	25.22
1.240	21.74	25.22
1.240	21.80	25.22
1.240	21.80	25.22
1.239	21.80	25.22
1.239	21.80	25.22
1.239	21.80	25.22
1.238	21.81	25.22
1.238	21.81	25.22
1.238	21.83	25.22
1.238	21.86	25.22
1.237	21.86	25.22
1.237	21.86	25.22
1.237	21.86	25.22
1.237	21.86	25.22
1.236	21.86	25.22
1.236	21.86	25.22
1.235	21.88	25.22
1.235	21.92	25.22
1.235	21.93	25.22
1.235	21.93	25.22
1.235	21.93	25.22
1.234	21.93	25.22
1.234	21.93	25.22
1.234	21.93	25.22
1.234	21.93	25.22
1.233	21.93	25.22
1.233	21.93	25.22
1.233	21.94	25.22
1.232	21.96	25.22
1.232	21.97	25.22
1.232	21.99	25.22
1.232	22.00	25.22
1.232	22.00	25.22
1.232	22.00	25.22
1.231	22.00	25.22
1.231	22.00	25.22
1.231	22.00	25.22
1.231	22.00	25.22
1.231	22.00	25.22
1.230	22.00	25.22
1.230	22.00	25.22
1.230	22.00	25.22
1.230	22.00	25.22
1.230	22.00	25.22
1.229	22.00	25.22
1.229	22.01	25.22
1.229	22.05	25.22
1.228	22.05	25.22
1.228	22.06	25.22
1.227	22.06	25.22
1.227	22.06	25.22
1.227	22.06	25.22
1.226	22.06	25.22
1.226	22.10	25.22
1.226	22.12	25.22
1.225	22.12	25.22
1.224	22.13	25.22
1.224	22.13	25.22
1.224	22.13	25.22
1.224	22.13	25.22
1.224	22.13	25.22
1.224	22.13	25.22
1.223	22.13	25.22
1.223	22.13	25.22
1.223	22.13	25.22
1.222	22.13	25.22
1.222	22.14	25.22
1.222	22.17	25.22
1.222	22.18	25.22
1.222	22.19	25.22
1.221	22.19	25.22
1.221	22.19	25.22
1.221	22.18	25.22
1.220	22.18	25.22
1.220	22.19	25.22
1.220	22.19	25.22
1.220	22.19	25.22
1.220	22.19	25.22
1.220	22.19	25.22
1.220	22.19	25.22
1.220	22.19	25.22
1.220	22.19	25.22
1.220	22.19	25.22
1.220	22.19	25.22
1.219	22.19	25.22
1.219	22.19	25.22
1.219	22.19	25.22
1.219	22.18	25.22
1.218	22.19	25.22
1.218	22.15	25.22
1.218	22.11	25.22
1.218	22.13	25.22
1.217	22.20	25.22
1.217	22.26	25.22
1.217	22.26	25.22
1.216	22.26	25.22
1.216	22.26	25.22
1.216	22.26	25.22
1.215	22.26	25.22
1.215	22.29	25.22
1.215	22.31	25.22
1.215	22.32	25.22
1.214	22.32	25.22
1.214	22.32	25.22
1.214	22.32	25.22
1.214	22.32	25.22
1.213	22.32	25.22
1.213	22.32	25.22
1.213	22.32	25.22
1.213	22.32	25.22
1.212	22.33	25.22
1.212	22.33	25.22
1.212	22.32	25.22
1.211	22.33	25.22
1.211	22.34	25.22
1.211	22.38	25.22
1.211	22.38	25.22
1.210	22.38	25.22
1.210	22.39	25.22
1.210	22.43	25.22
1.210	22.43	25.22
1.209	22.39	25.22
1.209	22.39	25.22
1.209	22.41	25.22
1.208	22.44	25.22
1.208	22.44	25.22
1.208	22.44	25.22
1.208	22.44	25.22
1.208	22.44	25.22
1.208	22.44	25.22
1.208	22.44	25.22
1.207	22.44	25.22
1.206	22.47	25.22
1.206	22.49	25.22
1.206	22.50	25.22
1.205	22.50	25.22
1.205	22.50	25.22
1.205	22.50	25.22
1.205	22.50	25.22
1.205	22.50	25.22
1.205	22.50	25.22
1.205	22.50	25.22
1.204	22.51	25.22
1.204	22.51	25.22
1.203	22.55	25.22
1.203	22.51	25.22
1.203	22.55	25.22
1.202	22.56	25.22
1.202	22.56	25.22
1.202	22.56	25.22
1.201	22.56	25.22
1.201	22.56	25.22
1.201	22.60	25.22
1.201	22.59	25.22
1.200	22.56	25.22
1.200	22.56	25.22
1.200	22.56	25.22
1.200	22.56	25.22
1.199	22.57	25.22
1.199	22.59	25.22
1.199	22.61	25.22
1.199	22.61	25.22
1.198	22.62	25.22
1.198	22.62	25.22
1.198	22.62	25.22
1.198	22.62	25.22
1.197	22.62	25.22
1.197	22.62	25.22
1.197	22.62	25.22
1.197	22.63	25.22
1.196	22.62	25.22
1.196	22.62	25.22
1.195	22.63	25.22
1.195	22.62	25.22
1.194	22.65	25.22
1.194	22.68	25.22
1.194	22.67	25.22
1.193	22.67	25.22
1.193	22.68	25.22
1.192	22.71	25.22
1.192	22.74	25.22
1.192	22.74	25.22
1.192	22.74	25.22
1.192	22.74	25.22
1.191	22.74	25.22
1.191	22.74	25.22
1.191	22.74	25.22
1.190	22.74	25.22
1.190	22.74	25.22
1.190	22.77	25.22
1.189	22.80	25.22
1.189	22.80	25.22
1.189	22.80	25.22
1.189	22.80	25.22
1.188	22.80	25.22
1.188	22.80	25.22
1.188	22.81	25.22
1.188	22.83	25.22
1.188	22.85	25.22
1.188	22.85	25.22
1.187	22.85	25.22
1.187	22.86	25.22
1.187	22.86	25.22
1.186	22.86	25.22
1.186	22.86	25.22
1.186	22.86	25.22
1.186	22.86	25.22
1.186	22.86	25.22
1.185	22.86	25.22
1.185	22.86	25.22
1.185	22.86	25.22
1.184	22.89	25.22
1.184	22.90	25.22
1.184	22.90	25.22
1.184	22.91	25.22
1.183	22.91	25.22
1.183	22.91	25.22
1.183	22.91	25.22
1.183	22.91	25.22
1.183	22.91	25.22
1.183	22.91	25.22
1.182	22.91	25.22
1.182	22.91	25.22
1.182	22.91	25.22
1.182	22.92	25.22
1.182	22.95	25.22
1.182	22.95	25.22
1.182	22.95	25.22
1.182	22.96	25.22
1.181	22.97	25.22
1.181	22.97	25.22
1.181	22.97	25.22
1.180	22.97	25.22
1.180	22.97	25.22
1.180	22.98	25.22
1.179	23.02	25.22
1.179	23.03	25.22
1.179	23.03	25.22
1.179	23.03	25.22
1.178	23.03	25.22
1.178	23.04	25.22
1.177	23.03	25.22
1.177	23.04	25.22
1.177	23.06	25.22
1.176	23.09	25.22
1.176	23.09	25.22
1.176	23.09	25.22
1.176	23.09	25.22
1.176	23.09	25.22
1.175	23.09	25.22
1.175	23.09	25.22
1.175	23.09	25.22
1.175	23.09	25.22
1.175	23.09	25.22
1.174	23.11	25.22
1.174	23.14	25.22
1.174	23.11	25.22
1.174	23.11	25.22
1.173	23.14	25.22
1.173	23.14	25.22
1.173	23.09	25.22
1.173	23.13	25.22
1.172	23.14	25.21
1.172	23.14	25.22
1.172	23.14	25.22
1.171	23.14	25.21
1.171	23.14	25.21
1.171	23.14	25.22
1.171	23.14	25.21
1.171	23.14	25.21
1.171	23.15	25.21
1.171	23.20	25.21
1.170	23.20	25.22
1.170	23.20	25.21
1.170	23.20	25.21
1.170	23.20	25.22
1.169	23.20	25.21
1.169	23.20	25.21
1.169	23.20	25.21
1.169	23.20	25.21
1.168	23.20	25.21
1.168	23.20	25.21
1.168	23.20	25.21
1.168	23.21	25.21
1.168	23.22	25.21
1.168	23.25	25.21
1.168	23.26	25.21
1.168	23.26	25.21
1.168	23.26	25.21
1.168	23.26	25.21
1.167	23.26	25.21
1.167	23.26	25.21
1.167	23.26	25.21
1.167	23.26	25.21
1.167	23.26	25.21
1.167	23.26	25.21
1.166	23.25	25.21
1.165	23.28	25.21
1.165	23.35	25.21
1.165	23.35	25.21
1.164	23.35	25.21
1.164	23.35	25.21
1.164	23.35	25.21
1.164	23.35	25.21
1.163	23.35	25.21
1.163	23.35	25.21
1.163	23.35	25.21
1.163	23.37	25.21
1.163	23.35	25.21
1.163	23.35	25.21
1.163	23.35	25.21
1.162	23.36	25.21
1.162	23.37	25.21
1.162	23.44	25.21
1.162	23.44	25.21
1.162	23.44	25.21
1.162	23.44	25.21
1.162	23.44	25.21
1.162	23.44	25.21
1.161	23.44	25.21
1.161	23.44	25.21
1.161	23.44	25.21
1.161	23.44	25.21
1.161	23.44	25.21
1.161	23.44	25.21
1.161	23.44	25.21
1.161	23.44	25.21
1.161	23.44	25.21
1.160	23.44	25.21
1.160	23.44	25.21
1.160	23.44	25.21
1.160	23.44	25.21
1.160	23.44	25.21
1.160	23.44	25.21
1.160	23.45	25.21
1.159	23.46	25.21
1.159	23.45	25.21
1.159	23.44	25.21
1.158	23.46	25.21
1.158	23.49	25.21
1.158	23.52	25.21
1.158	23.45	25.21
1.157	23.45	25.21
1.157	23.57	25.21
1.157	23.54	25.21
1.156	23.54	25.21
1.156	23.54	25.21
1.155	23.54	25.21
1.155	23.54	25.21
1.155	23.61	25.21
1.155	23.63	25.21
1.155	23.55	25.21
1.154	23.54	25.21
1.154	23.58	25.21
1.154	23.63	25.21
1.153	23.62	25.21
1.153	23.56	25.21
1.153	23.57	25.21
1.152	23.55	25.21
1.152	23.55	25.21
1.152	23.58	25.21
1.152	23.62	25.21
1.152	23.60	25.21
1.152	23.63	25.21
1.152	23.61	25.21
1.151	23.54	25.21
1.151	23.54	25.21
1.150	23.55	25.21
1.150	23.61	25.21
1.150	23.61	25.21
1.150	23.57	25.21
1.149	23.54	25.21
1.149	23.54	25.21
1.149	23.55	25.21
1.149	23.56	25.21
1.149	23.54	25.21
1.149	23.54	25.21
1.148	23.54	25.21
1.148	23.54	25.21
1.148	23.54	25.21
1.147	23.54	25.21
1.147	23.63	25.21
1.147	23.64	25.21
1.147	23.64	25.21
1.147	23.64	25.21
1.147	23.64	25.21
1.147	23.64	25.21
1.147	23.64	25.21
1.146	23.64	25.21
1.146	23.64	25.21
1.146	23.64	25.21
1.145	23.64	25.21
1.145	23.64	25.21
1.145	23.67	25.21
1.144	23.68	25.21
1.144	23.67	25.21
1.144	23.67	25.21
1.144	23.65	25.21
1.144	23.65	25.21
1.144	23.64	25.21
1.144	23.64	25.21
1.144	23.65	25.21
1.143	23.65	25.21
1.143	23.66	25.21
1.143	23.67	25.21
1.143	23.68	25.21
1.143	23.68	25.21
1.143	23.72	25.21
1.143	23.73	25.21
1.142	23.66	25.21
1.142	23.71	25.21
1.142	23.73	25.21
1.142	23.73	25.21
1.142	23.73	25.21
1.142	23.73	25.21
1.142	23.73	25.21
1.141	23.73	25.21
1.141	23.73	25.21
1.141	23.73	25.21
1.141	23.73	25.21
1.141	23.73	25.21
1.141	23.73	25.21
1.140	23.73	25.21
1.140	23.73	25.21
1.140	23.73	25.21
1.140	23.73	25.21
1.140	23.73	25.21
1.139	23.73	25.21
1.139	23.73	25.21
1.139	23.73	25.21
1.139	23.73	25.21
1.139	23.73	25.21
1.138	23.73	25.21
1.138	23.73	25.21
1.138	23.73	25.21
1.138	23.73	25.21
1.138	23.73	25.21
1.138	23.73	25.21
1.137	23.73	25.21
1.137	23.73	25.21
1.137	23.73	25.21
1.137	23.73	25.21
1.136	23.73	25.21
1.136	23.73	25.21
1.136	23.73	25.21
1.136	23.73	25.21
1.136	23.73	25.21
1.135	23.73	25.21
1.135	23.73	25.21
1.135	23.73	25.21
1.135	23.73	25.21
1.134	23.73	25.21
1.134	23.73	25.21
1.134	23.73	25.21
1.134	23.73	25.21
1.133	23.73	25.21
1.133	23.73	25.21
1.133	23.73	25.21
1.132	23.73	25.21
1.132	23.73	25.21
1.132	23.73	25.21
1.132	23.73	25.21
1.132	23.73	25.21
1.131	23.73	25.21
1.131	23.73	25.21
1.131	23.73	25.21
1.131	23.73	25.21
1.130	23.73	25.21
1.130	23.73	25.21
1.130	23.73	25.21
1.129	23.73	25.21
1.129	23.73	25.21
1.129	23.73	25.21
1.129	23.73	25.21
1.129	23.73	25.21
1.128	23.73	25.21
1.128	23.73	25.21
1.128	23.73	25.21
1.128	23.73	25.21
1.127	23.73	25.21
1.127	23.73	25.21
1.127	23.73	25.21
1.127	23.73	25.21
1.127	23.73	25.21
1.126	23.73	25.21
1.126	23.73	25.21
1.126	23.73	25.21
1.126	23.73	25.21
1.126	23.73	25.21
1.126	23.73	25.21
1.126	23.73	25.21
1.126	23.73	25.21
1.126	23.73	25.21
1.126	23.73	25.21
1.125	23.73	25.21
1.125	23.73	25.21
1.125	23.73	25.21
1.125	23.73	25.21
1.125	23.73	25.21
1.125	23.73	25.21
1.125	23.73	25.21
1.125	23.73	25.21
1.125	23.73	25.21
1.125	23.73	25.21
1.125	23.73	25.21
1.125	23.73	25.21
1.125	23.72	25.21
1.125	23.73	25.21
1.125	23.73	25.21
1.125	23.73	25.21
1.125	23.73	25.21
1.125	23.73	25.21
1.125	23.73	25.21
1.125	23.73	25.21
1.125	23.73	25.21
1.125	23.73	25.21
1.125	23.73	25.21
1.125	23.73	25.21
1.125	23.73	25.21
1.125	23.73	25.21
1.125	23.73	25.21
1.125	23.73	25.21
1.125	23.73	25.21
1.125	23.73	25.21
1.125	23.73	25.21
1.125	23.73	25.21
1.125	23.73	25.21
1.125	23.73	25.21
1.125	23.73	25.21
1.125	23.73	25.21
1.125	23.73	25.21
1.125	23.73	25.21
1.125	23.73	25.21