1.127	23.73	25.01
1.127	23.73	25.01
1.127	23.73	25.01
1.127	23.73	25.01
1.127	23.73	25.02
1.127	23.73	25.02
1.127	23.73	25.02
1.127	23.73	25.02
1.127	23.73	25.02
1.127	23.73	25.02
1.127	23.73	25.03
1.127	23.73	25.03
1.127	23.73	25.03
1.127	23.73	25.03
1.127	23.73	25.04
1.127	23.73	25.04
1.127	23.73	25.04
1.127	23.73	25.04
1.127	23.73	25.05
1.127	23.73	25.05
1.127	23.73	25.05
1.127	23.73	25.06
1.127	23.73	25.06
1.127	23.73	25.06
1.127	23.73	25.06
1.127	23.73	25.07
1.127	23.73	25.07
1.127	23.73	25.07
1.127	23.73	25.08
1.127	23.73	25.08
1.127	23.73	25.08
1.127	23.73	25.08
1.127	23.73	25.09
1.128	23.73	25.09
1.128	23.73	25.09
1.128	23.73	25.10
1.128	23.73	25.10
1.128	23.73	25.10
1.128	23.73	25.11
1.128	23.73	25.11
1.129	23.73	25.11
1.129	23.73	25.12
1.129	23.73	25.12
1.129	23.73	25.12
1.129	23.73	25.13
1.129	23.73	25.13
1.129	23.73	25.13
1.129	23.73	25.14
1.129	23.73	25.14
1.130	23.73	25.14
1.130	23.73	25.15
1.130	23.73	25.15
1.130	23.73	25.15
1.130	23.73	25.16
1.130	23.73	25.16
1.131	23.73	25.16
1.131	23.73	25.17
1.131	23.73	25.17
1.132	23.73	25.17
1.132	23.73	25.18
1.132	23.73	25.18
1.132	23.73	25.18
1.133	23.73	25.19
1.133	23.73	25.19
1.133	23.73	25.19
1.133	23.73	25.20
1.133	23.73	25.20
1.134	23.73	25.20
1.134	23.73	25.21
1.134	23.73	25.21
1.135	23.73	25.21
1.135	23.73	25.22
1.135	23.73	25.22
1.136	23.73	25.22
1.136	23.73	25.23
1.136	23.73	25.23
1.136	23.73	25.23
1.137	23.73	25.24
1.137	23.73	25.24
1.137	23.73	25.24
1.138	23.73	25.24
1.138	23.73	25.24
1.138	23.73	25.25
1.138	23.73	25.25
1.138	23.73	25.25
1.138	23.73	25.26
1.139	23.73	25.26
1.139	23.73	25.26
1.139	23.73	25.26
1.139	23.73	25.27
1.139	23.73	25.27
1.139	23.73	25.27
1.139	23.73	25.27
1.139	23.73	25.28
1.139	23.73	25.28
1.139	23.73	25.28
1.139	23.73	25.28
1.140	23.73	25.28
1.140	23.73	25.28
1.140	23.73	25.29
1.140	23.73	25.29
1.140	23.73	25.29
1.141	23.73	25.29
1.141	23.73	25.29
1.141	23.73	25.30
1.141	23.73	25.30
1.141	23.73	25.30
1.141	23.73	25.30
1.142	23.73	25.30
1.142	23.73	25.31
1.142	23.73	25.31
1.142	23.73	25.31
1.142	23.73	25.31
1.142	23.73	25.31
1.142	23.73	25.32
1.143	23.73	25.32
1.143	23.73	25.32
1.144	23.73	25.32
1.144	23.73	25.32
1.144	23.73	25.32
1.144	23.73	25.32
1.144	23.73	25.32
1.144	23.73	25.32
1.145	23.73	25.33
1.145	23.73	25.33
1.145	23.73	25.33
1.145	23.73	25.33
1.146	23.73	25.33
1.146	23.73	25.33
1.146	23.73	25.33
1.146	23.73	25.34
1.147	23.73	25.34
1.147	23.73	25.34
1.147	23.73	25.34
1.147	23.73	25.34
1.147	23.73	25.34
1.147	23.73	25.34
1.147	23.73	25.35
1.148	23.73	25.35
1.148	23.73	25.35
1.148	23.73	25.35
1.148	23.73	25.35
1.148	23.73	25.35
1.148	23.73	25.35
1.148	23.73	25.35
1.149	23.72	25.35
1.149	23.71	25.35
1.149	23.72	25.36
1.149	23.72	25.36
1.149	23.72	25.36
1.149	23.71	25.36
1.149	23.71	25.36
1.149	23.71	25.36
1.150	23.71	25.36
1.150	23.71	25.36
1.150	23.70	25.36
1.150	23.71	25.36
1.150	23.70	25.36
1.150	23.68	25.36
1.150	23.68	25.36
1.151	23.67	25.36
1.151	23.67	25.36
1.151	23.67	25.36
1.151	23.68	25.36
1.151	23.67	25.37
1.151	23.69	25.37
1.151	23.70	25.37
1.151	23.64	25.37
1.151	23.64	25.37
1.151	23.64	25.37
1.152	23.64	25.37
1.152	23.64	25.37
1.152	23.64	25.37
1.152	23.64	25.37
1.152	23.64	25.37
1.152	23.64	25.37
1.153	23.64	25.37
1.153	23.64	25.37
1.153	23.64	25.37
1.153	23.64	25.37
1.154	23.64	25.38
1.154	23.64	25.38
1.154	23.64	25.38
1.154	23.64	25.38
1.154	23.64	25.38
1.154	23.64	25.38
1.154	23.64	25.38
1.155	23.64	25.38
1.155	23.64	25.38
1.155	23.64	25.38
1.155	23.64	25.38
1.155	23.64	25.38
1.155	23.64	25.38
1.155	23.64	25.38
1.156	23.64	25.38
1.156	23.64	25.38
1.156	23.64	25.38
1.156	23.63	25.38
1.157	23.63	25.38
1.157	23.59	25.38
1.157	23.56	25.38
1.157	23.55	25.38
1.158	23.58	25.38
1.158	23.56	25.38
1.158	23.54	25.38
1.158	23.54	25.39
1.158	23.54	25.39
1.158	23.55	25.39
1.159	23.54	25.39
1.159	23.54	25.39
1.159	23.54	25.39
1.159	23.54	25.39
1.159	23.54	25.39
1.159	23.54	25.39
1.159	23.54	25.39
1.159	23.54	25.39
1.159	23.54	25.39
1.160	23.54	25.39
1.160	23.54	25.39
1.160	23.54	25.39
1.160	23.54	25.39
1.160	23.54	25.39
1.160	23.54	25.39
1.160	23.54	25.39
1.161	23.54	25.39
1.161	23.54	25.39
1.161	23.54	25.39
1.161	23.54	25.39
1.161	23.54	25.39
1.161	23.54	25.39
1.161	23.54	25.39
1.161	23.54	25.39
1.162	23.54	25.39
1.162	23.54	25.39
1.162	23.54	25.39
1.162	23.53	25.39
1.163	23.54	25.39
1.163	23.54	25.39
1.163	23.53	25.39
1.163	23.45	25.39
1.164	23.48	25.39
1.164	23.53	25.39
1.164	23.48	25.39
1.164	23.54	25.39
1.164	23.53	25.39
1.164	23.51	25.39
1.164	23.45	25.39
1.165	23.44	25.39
1.165	23.38	25.39
1.166	23.35	25.39
1.166	23.35	25.39
1.167	23.35	25.39
1.167	23.35	25.39
1.167	23.35	25.39
1.167	23.35	25.39
1.167	23.35	25.39
1.167	23.35	25.39
1.168	23.35	25.39
1.168	23.35	25.39
1.168	23.35	25.39
1.168	23.35	25.39
1.168	23.35	25.39
1.168	23.37	25.39
1.169	23.42	25.39
1.169	23.43	25.39
1.169	23.43	25.39
1.169	23.36	25.39
1.169	23.35	25.39
1.169	23.35	25.39
1.170	23.35	25.39
1.170	23.35	25.39
1.171	23.32	25.39
1.171	23.33	25.39
1.171	23.30	25.39
1.171	23.34	25.39
1.171	23.35	25.39
1.171	23.33	25.39
1.171	23.27	25.39
1.172	23.26	25.39
1.172	23.26	25.39
1.172	23.26	25.39
1.172	23.26	25.39
1.172	23.26	25.39
1.172	23.26	25.39
1.172	23.26	25.39
1.173	23.26	25.39
1.173	23.26	25.39
1.173	23.26	25.39
1.173	23.22	25.39
1.173	23.24	25.39
1.173	23.25	25.39
1.174	23.22	25.39
1.174	23.22	25.39
1.174	23.23	25.39
1.174	23.22	25.40
1.174	23.24	25.39
1.174	23.24	25.39
1.174	23.24	25.40
1.174	23.23	25.40
1.175	23.24	25.40
1.175	23.25	25.40
1.175	23.24	25.40
1.175	23.24	25.40
1.175	23.22	25.40
1.175	23.21	25.40
1.175	23.20	25.40
1.175	23.20	25.40
1.175	23.20	25.40
1.175	23.20	25.40
1.175	23.20	25.40
1.175	23.20	25.40
1.176	23.19	25.40
1.176	23.17	25.40
1.176	23.20	25.40
1.177	23.20	25.40
1.177	23.19	25.40
1.177	23.19	25.40
1.177	23.16	25.40
1.178	23.15	25.40
1.178	23.14	25.40
1.178	23.14	25.40
1.178	23.14	25.40
1.178	23.14	25.40
1.178	23.14	25.40
1.178	23.14	25.40
1.178	23.14	25.40
1.178	23.14	25.40
1.179	23.14	25.40
1.179	23.14	25.40
1.179	23.14	25.40
1.179	23.14	25.40
1.179	23.14	25.40
1.179	23.14	25.40
1.179	23.14	25.40
1.179	23.14	25.40
1.179	23.14	25.40
1.179	23.14	25.40
1.180	23.14	25.40
1.180	23.14	25.40
1.180	23.12	25.40
1.180	23.10	25.40
1.181	23.09	25.40
1.181	23.09	25.40
1.181	23.09	25.40
1.181	23.09	25.40
1.181	23.09	25.40
1.181	23.09	25.40
1.181	23.09	25.40
1.182	23.09	25.40
1.182	23.09	25.40
1.182	23.09	25.40
1.182	23.09	25.40
1.182	23.09	25.40
1.182	23.09	25.40
1.182	23.09	25.40
1.182	23.09	25.40
1.182	23.09	25.40
1.182	23.09	25.40
1.182	23.09	25.40
1.182	23.09	25.40
1.182	23.09	25.40
1.182	23.09	25.40
1.182	23.09	25.40
1.182	23.09	25.40
1.182	23.09	25.40
1.182	23.09	25.40
1.182	23.09	25.40
1.183	23.08	25.40
1.183	23.06	25.40
1.183	23.03	25.40
1.184	23.03	25.40
1.184	23.03	25.40
1.185	23.03	25.40
1.185	23.03	25.40
1.185	23.03	25.40
1.186	23.01	25.40
1.186	23.01	25.40
1.186	23.01	25.40
1.186	23.02	25.40
1.186	23.02	25.40
1.186	23.02	25.40
1.186	23.02	25.40
1.186	23.03	25.40
1.186	23.02	25.40
1.186	22.97	25.40
1.186	22.97	25.40
1.187	22.97	25.40
1.187	22.97	25.40
1.187	22.97	25.40
1.187	22.97	25.40
1.187	22.97	25.40
1.188	22.92	25.40
1.188	22.91	25.40
1.189	22.91	25.39
1.189	22.91	25.40
1.189	22.91	25.40
1.189	22.91	25.40
1.189	22.91	25.40
1.190	22.91	25.40
1.190	22.91	25.40
1.190	22.90	25.40
1.190	22.91	25.40
1.190	22.89	25.40
1.190	22.90	25.39
1.191	22.87	25.40
1.191	22.87	25.39
1.191	22.86	25.39
1.192	22.86	25.39
1.192	22.86	25.39
1.192	22.86	25.40
1.192	22.86	25.39
1.192	22.86	25.39
1.192	22.86	25.39
1.192	22.86	25.39
1.192	22.86	25.39
1.192	22.86	25.39
1.192	22.86	25.39
1.192	22.86	25.39
1.192	22.86	25.39
1.192	22.86	25.39
1.193	22.86	25.39
1.193	22.86	25.39
1.193	22.86	25.39
1.193	22.86	25.39
1.194	22.82	25.39
1.194	22.80	25.39
1.194	22.80	25.39
1.194	22.80	25.39
1.194	22.80	25.39
1.194	22.80	25.39
1.194	22.80	25.39
1.194	22.81	25.39
1.194	22.80	25.39
1.195	22.80	25.39
1.195	22.80	25.39
1.195	22.80	25.39
1.195	22.80	25.39
1.195	22.80	25.39
1.195	22.80	25.39
1.195	22.80	25.39
1.195	22.80	25.39
1.195	22.80	25.39
1.196	22.80	25.39
1.196	22.77	25.39
1.197	22.74	25.39
1.197	22.74	25.39
1.197	22.74	25.39
1.198	22.74	25.39
1.198	22.74	25.39
1.198	22.74	25.39
1.199	22.74	25.39
1.199	22.74	25.39
1.199	22.72	25.39
1.200	22.74	25.39
1.199	22.74	25.39
1.199	22.73	25.39
1.200	22.73	25.39
1.200	22.73	25.39
1.200	22.73	25.39
1.200	22.73	25.39
1.200	22.73	25.39
1.200	22.73	25.39
1.200	22.73	25.39
1.200	22.73	25.39
1.200	22.74	25.39
1.200	22.73	25.39
1.200	22.73	25.39
1.200	22.71	25.39
1.200	22.70	25.39
1.200	22.70	25.39
1.200	22.69	25.39
1.200	22.68	25.39
1.201	22.68	25.39
1.201	22.68	25.39
1.202	22.68	25.39
1.202	22.68	25.39
1.202	22.68	25.39
1.202	22.68	25.39
1.202	22.68	25.39
1.203	22.68	25.39
1.203	22.66	25.39
1.203	22.65	25.39
1.203	22.65	25.39
1.203	22.65	25.39
1.203	22.67	25.39
1.203	22.67	25.39
1.204	22.64	25.39
1.204	22.62	25.39
1.204	22.62	25.39
1.205	22.62	25.39
1.205	22.62	25.39
1.206	22.62	25.39
1.206	22.62	25.39
1.206	22.62	25.39
1.206	22.61	25.39
1.207	22.58	25.39
1.207	22.56	25.39
1.207	22.56	25.39
1.207	22.56	25.39
1.208	22.56	25.39
1.208	22.56	25.39
1.208	22.56	25.39
1.208	22.56	25.39
1.208	22.56	25.39
1.209	22.56	25.39
1.209	22.55	25.39
1.210	22.51	25.39
1.211	22.52	25.39
1.211	22.51	25.39
1.211	22.52	25.39
1.211	22.52	25.39
1.211	22.51	25.39
1.211	22.51	25.39
1.211	22.50	25.39
1.211	22.50	25.39
1.211	22.50	25.39
1.211	22.50	25.39
1.211	22.50	25.39
1.212	22.50	25.39
1.212	22.50	25.39
1.212	22.49	25.39
1.212	22.46	25.39
1.213	22.45	25.39
1.213	22.44	25.39
1.213	22.45	25.39
1.213	22.44	25.39
1.213	22.45	25.39
1.213	22.45	25.39
1.213	22.45	25.39
1.213	22.45	25.39
1.213	22.45	25.39
1.213	22.45	25.39
1.213	22.45	25.39
1.213	22.44	25.39
1.214	22.44	25.39
1.214	22.44	25.39
1.214	22.44	25.39
1.214	22.44	25.39
1.214	22.44	25.39
1.214	22.44	25.39
1.214	22.44	25.39
1.214	22.44	25.39
1.214	22.44	25.39
1.214	22.44	25.39
1.214	22.44	25.39
1.214	22.43	25.39
1.215	22.44	25.39
1.215	22.44	25.39
1.215	22.44	25.39
1.215	22.44	25.39
1.216	22.44	25.39
1.216	22.43	25.39
1.216	22.39	25.39
1.216	22.38	25.39
1.216	22.38	25.39
1.216	22.38	25.39
1.216	22.38	25.39
1.216	22.38	25.39
1.216	22.38	25.39
1.216	22.38	25.39
1.216	22.38	25.39
1.216	22.38	25.39
1.216	22.38	25.39
1.216	22.38	25.39
1.217	22.38	25.39
1.217	22.38	25.39
1.217	22.38	25.39
1.217	22.38	25.39
1.217	22.38	25.39
1.217	22.38	25.39
1.217	22.38	25.39
1.217	22.38	25.39
1.218	22.38	25.39
1.218	22.38	25.39
1.218	22.38	25.39
1.218	22.38	25.39
1.218	22.38	25.39
1.219	22.37	25.39
1.219	22.36	25.39
1.219	22.37	25.39
1.219	22.35	25.39
1.219	22.34	25.39
1.219	22.34	25.39
1.219	22.34	25.39
1.219	22.33	25.39
1.219	22.33	25.39
1.219	22.32	25.39
1.219	22.33	25.39
1.219	22.33	25.39
1.219	22.33	25.39
1.220	22.32	25.39
1.220	22.32	25.39
1.220	22.32	25.39
1.220	22.33	25.39
1.220	22.32	25.39
1.220	22.32	25.39
1.220	22.32	25.39
1.220	22.32	25.39
1.220	22.32	25.39
1.220	22.32	25.39
1.221	22.32	25.39
1.221	22.32	25.39
1.221	22.32	25.39
1.221	22.32	25.39
1.221	22.32	25.39
1.222	22.28	25.39
1.222	22.27	25.39
1.222	22.27	25.39
1.222	22.26	25.39
1.223	22.26	25.39
1.223	22.26	25.39
1.223	22.26	25.39
1.223	22.26	25.39
1.223	22.26	25.39
1.223	22.26	25.39
1.224	22.26	25.39
1.224	22.26	25.39
1.224	22.26	25.39
1.225	22.25	25.39
1.225	22.21	25.39
1.226	22.19	25.39
1.226	22.20	25.39
1.226	22.20	25.39
1.226	22.20	25.39
1.226	22.20	25.39
1.227	22.19	25.39
1.227	22.19	25.39
1.227	22.19	25.39
1.228	22.19	25.39
1.228	22.19	25.39
1.228	22.19	25.39
1.228	22.19	25.39
1.229	22.19	25.39
1.229	22.18	25.39
1.229	22.18	25.39
1.229	22.18	25.39
1.229	22.19	25.39
1.229	22.18	25.39
1.229	22.19	25.39
1.229	22.18	25.39
1.229	22.19	25.39
1.229	22.19	25.39
1.229	22.19	25.39
1.229	22.19	25.39
1.229	22.19	25.39
1.230	22.15	25.39
1.230	22.13	25.39
1.231	22.13	25.39
1.231	22.13	25.39
1.232	22.13	25.39
1.232	22.13	25.39
1.232	22.13	25.39
1.232	22.13	25.39
1.232	22.13	25.39
1.232	22.13	25.39
1.232	22.13	25.39
1.232	22.13	25.39
1.232	22.13	25.39
1.232	22.11	25.39
1.232	22.08	25.39
1.233	22.06	25.39
1.233	22.06	25.39
1.233	22.07	25.39
1.233	22.06	25.39
1.233	22.06	25.39
1.233	22.06	25.39
1.233	22.06	25.39
1.233	22.06	25.39
1.234	22.06	25.39
1.234	22.06	25.39
1.234	22.06	25.39
1.234	22.06	25.39
1.234	22.06	25.39
1.234	22.06	25.39
1.234	22.06	25.39
1.234	22.06	25.39
1.234	22.06	25.39
1.234	22.06	25.39
1.234	22.06	25.39
1.234	22.06	25.39
1.234	22.06	25.39
1.234	22.06	25.39
1.234	22.06	25.39
1.234	22.06	25.39
1.234	22.06	25.39
1.234	22.06	25.39
1.234	22.06	25.39
1.234	22.06	25.39
1.234	22.06	25.39
1.234	22.06	25.39
1.234	22.06	25.39
1.235	22.04	25.39
1.235	22.04	25.39
1.236	22.03	25.39
1.236	22.00	25.39
1.236	22.00	25.39
1.237	22.00	25.39
1.237	22.00	25.39
1.237	22.00	25.39
1.237	22.00	25.39
1.237	22.00	25.39
1.238	22.00	25.39
1.238	22.00	25.38
1.238	22.00	25.38
1.238	22.00	25.38
1.238	22.00	25.38
1.238	22.00	25.38
1.238	22.00	25.38
1.238	21.96	25.38
1.239	21.96	25.38
1.239	21.93	25.38
1.239	21.94	25.38
1.239	21.93	25.38
1.239	21.93	25.38
1.239	21.93	25.38
1.239	21.93	25.38
1.239	21.93	25.38
1.240	21.93	25.38
1.240	21.93	25.38
1.240	21.93	25.38
1.240	21.93	25.38
1.240	21.93	25.38
1.241	21.93	25.38
1.241	21.93	25.38
1.241	21.93	25.38
1.241	21.93	25.38
1.241	21.93	25.38
1.242	21.92	25.38
1.242	21.88	25.38
1.242	21.88	25.38
1.242	21.87	25.38
1.242	21.87	25.38
1.243	21.87	25.38
1.243	21.87	25.38
1.243	21.86	25.38
1.243	21.87	25.38
1.243	21.86	25.38
1.243	21.86	25.38
1.243	21.87	25.38
1.243	21.87	25.38
1.243	21.86	25.38
1.243	21.86	25.38
1.244	21.86	25.38
1.244	21.86	25.38
1.244	21.86	25.38
1.244	21.86	25.38
1.244	21.86	25.38
1.244	21.86	25.38
1.244	21.86	25.38
1.244	21.86	25.38
1.245	21.86	25.38
1.245	21.86	25.38
1.245	21.86	25.38
1.245	21.86	25.38
1.245	21.86	25.38
1.245	21.86	25.38
1.245	21.84	25.38
1.246	21.83	25.38
1.246	21.80	25.38
1.246	21.80	25.38
1.246	21.80	25.38
1.246	21.80	25.38
1.247	21.80	25.38
1.247	21.80	25.38
1.247	21.80	25.38
1.247	21.80	25.38
1.247	21.80	25.38
1.247	21.80	25.38
1.248	21.80	25.38
1.248	21.80	25.38
1.248	21.80	25.38
1.248	21.80	25.38
1.248	21.80	25.38
1.248	21.80	25.38
1.248	21.80	25.38
1.248	21.80	25.38
1.248	21.80	25.38
1.249	21.80	25.38
1.249	21.80	25.38
1.249	21.78	25.38
1.249	21.75	25.38
1.249	21.74	25.38
1.250	21.74	25.38
1.250	21.74	25.38
1.250	21.74	25.38
1.250	21.73	25.38
1.250	21.73	25.38
1.250	21.73	25.38
1.251	21.73	25.38
1.251	21.73	25.38
1.251	21.73	25.38
1.251	21.73	25.38
1.251	21.73	25.38
1.251	21.73	25.38
1.251	21.73	25.38
1.252	21.73	25.38
1.252	21.73	25.38
1.252	21.73	25.38
1.252	21.73	25.38
1.252	21.73	25.38
1.252	21.73	25.38
1.252	21.73	25.38
1.253	21.73	25.38
1.253	21.72	25.38
1.253	21.73	25.38
1.253	21.73	25.38
1.253	21.70	25.38
1.253	21.67	25.38
1.254	21.67	25.38
1.254	21.67	25.38
1.254	21.67	25.38
1.254	21.67	25.38
1.254	21.67	25.38
1.255	21.67	25.38
1.255	21.67	25.38
1.255	21.67	25.38
1.255	21.67	25.38
1.255	21.67	25.38
1.255	21.67	25.38
1.255	21.67	25.38
1.255	21.67	25.38
1.256	21.66	25.38
1.256	21.65	25.38
1.256	21.64	25.38
1.256	21.62	25.38
1.256	21.60	25.38
1.256	21.61	25.38
1.257	21.60	25.38
1.257	21.60	25.38
1.257	21.60	25.38
1.257	21.60	25.38
1.257	21.60	25.38
1.257	21.60	25.38
1.257	21.60	25.38
1.258	21.60	25.38
1.258	21.60	25.38
1.258	21.60	25.38
1.258	21.60	25.38
1.258	21.60	25.38
1.259	21.60	25.38
1.259	21.60	25.38
1.259	21.60	25.38
1.259	21.60	25.38
1.259	21.60	25.38
1.259	21.60	25.38
1.259	21.60	25.38
1.259	21.60	25.38
1.260	21.60	25.38
1.260	21.59	25.38
1.260	21.59	25.38
1.260	21.58	25.38
1.260	21.55	25.38
1.260	21.55	25.38
1.261	21.54	25.38
1.261	21.54	25.38
1.261	21.54	25.38
1.261	21.54	25.38
1.261	21.54	25.38
1.261	21.54	25.38
1.262	21.54	25.38
1.262	21.54	25.38
1.262	21.54	25.38
1.262	21.54	25.38
1.262	21.54	25.38
1.262	21.54	25.38
1.262	21.54	25.38
1.263	21.54	25.38
1.263	21.54	25.38
1.263	21.54	25.38
1.263	21.53	25.38
1.263	21.48	25.38
1.263	21.47	25.38
1.263	21.47	25.38
1.264	21.47	25.38
1.264	21.47	25.38
1.264	21.47	25.38
1.264	21.47	25.38
1.265	21.47	25.38
1.265	21.45	25.38
1.265	21.43	25.38
1.266	21.44	25.38
1.266	21.44	25.38
1.266	21.42	25.38
1.266	21.41	25.38
1.266	21.41	25.38
1.266	21.41	25.38
1.267	21.41	25.38
1.267	21.41	25.38
1.267	21.41	25.38
1.267	21.41	25.38
1.267	21.41	25.38
1.267	21.41	25.38
1.268	21.41	25.38
1.268	21.41	25.38
1.268	21.41	25.38
1.268	21.41	25.38
1.268	21.41	25.38
1.269	21.41	25.38
1.269	21.41	25.38
1.269	21.41	25.38
1.269	21.41	25.38
1.269	21.40	25.38
1.270	21.38	25.38
1.270	21.39	25.38
1.270	21.39	25.38
1.270	21.38	25.38
1.270	21.37	25.38
1.271	21.35	25.38
1.271	21.35	25.38
1.271	21.35	25.38
1.271	21.35	25.38
1.272	21.35	25.38
1.272	21.35	25.38
1.272	21.35	25.38
1.272	21.35	25.38
1.272	21.35	25.38
1.273	21.35	25.38
1.273	21.35	25.38
1.273	21.35	25.38
1.273	21.35	25.38
1.274	21.35	25.38
1.274	21.35	25.38
1.274	21.30	25.38
1.274	21.29	25.38
1.275	21.29	25.38
1.275	21.29	25.38
1.275	21.29	25.38
1.275	21.29	25.38
1.276	21.29	25.38
1.276	21.29	25.38
1.276	21.29	25.38
1.277	21.29	25.38
1.277	21.29	25.38
1.277	21.29	25.38
1.277	21.29	25.38
1.278	21.29	25.38
1.278	21.29	25.38
1.278	21.26	25.38
1.278	21.24	25.38
1.279	21.24	25.38
1.279	21.23	25.38
1.279	21.23	25.38
1.279	21.23	25.38
1.279	21.23	25.38
1.280	21.23	25.38
1.280	21.23	25.38
1.280	21.23	25.38
1.281	21.23	25.38
1.281	21.23	25.37
1.281	21.22	25.37
1.282	21.18	25.37
1.282	21.17	25.37
1.282	21.17	25.37
1.282	21.17	25.37
1.282	21.17	25.37
1.283	21.17	25.37
1.283	21.17	25.37
1.283	21.17	25.37
1.283	21.17	25.37
1.284	21.17	25.37
1.284	21.17	25.37
1.284	21.17	25.37
1.284	21.17	25.37
1.284	21.17	25.37
1.285	21.17	25.37
1.285	21.17	25.37
1.285	21.17	25.37
1.285	21.17	25.37
1.285	21.17	25.37
1.285	21.17	25.37
1.285	21.17	25.37
1.285	21.17	25.37
1.286	21.17	25.37
1.286	21.17	25.37
1.286	21.17	25.37
1.286	21.17	25.37
1.286	21.17	25.37
1.287	21.17	25.37
1.287	21.15	25.37
1.287	21.12	25.37
1.287	21.11	25.37
1.287	21.11	25.37
1.288	21.11	25.37
1.288	21.11	25.37
1.288	21.11	25.37
1.288	21.11	25.37
1.288	21.11	25.37
1.288	21.11	25.37
1.289	21.10	25.37
1.289	21.06	25.37
1.290	21.05	25.37
1.290	21.05	25.37
1.290	21.05	25.37
1.290	21.05	25.37
1.290	21.05	25.37
1.290	21.05	25.37
1.291	21.05	25.37
1.291	21.05	25.37
1.291	21.05	25.37
1.291	21.05	25.37
1.292	21.05	25.37
1.292	21.05	25.37
1.292	21.05	25.37
1.292	21.05	25.37
1.292	21.05	25.37
1.292	21.05	25.37
1.293	21.03	25.37
1.293	21.01	25.37
1.293	21.00	25.37
1.294	21.01	25.37
1.294	21.00	25.37
1.294	21.00	25.37
1.294	21.01	25.37
1.294	21.00	25.37
1.294	21.01	25.37
1.294	21.01	25.37
1.294	21.00	25.37
1.294	21.00	25.37
1.294	20.99	25.37
1.294	20.99	25.37
1.294	20.99	25.37
1.294	20.99	25.37
1.294	20.99	25.37
1.295	20.99	25.37
1.295	20.99	25.37
1.295	20.99	25.37
1.295	20.99	25.37
1.296	20.99	25.37
1.296	20.97	25.37
1.296	20.95	25.37
1.296	20.94	25.37
1.297	20.95	25.37
1.297	20.94	25.37
1.298	20.94	25.37
1.298	20.93	25.37
1.298	20.93	25.37
1.298	20.93	25.37
1.298	20.93	25.37
1.299	20.93	25.37
1.299	20.93	25.37
1.299	20.92	25.37
1.299	20.90	25.37
1.300	20.89	25.37
1.300	20.90	25.37
1.300	20.90	25.37
1.300	20.88	25.37
1.301	20.88	25.37
1.301	20.88	25.37
1.301	20.87	25.37
1.301	20.87	25.37
1.301	20.87	25.37
1.302	20.87	25.37
1.302	20.87	25.37
1.302	20.87	25.37
1.302	20.87	25.37
1.302	20.87	25.37
1.302	20.87	25.37
1.302	20.87	25.37
1.302	20.87	25.37
1.303	20.86	25.37
1.303	20.86	25.37
1.303	20.86	25.37
1.304	20.86	25.37
1.304	20.86	25.37
1.304	20.86	25.37
1.304	20.83	25.37
1.304	20.81	25.37
1.304	20.80	25.37
1.305	20.80	25.37
1.305	20.80	25.37
1.305	20.80	25.37
1.305	20.80	25.37
1.305	20.80	25.37
1.305	20.80	25.37
1.306	20.80	25.37
1.306	20.80	25.37
1.306	20.80	25.37
1.306	20.79	25.37
1.307	20.78	25.37
1.307	20.77	25.37
1.307	20.77	25.37
1.307	20.76	25.37
1.307	20.75	25.37
1.307	20.76	25.37
1.307	20.77	25.37
1.307	20.76	25.37
1.308	20.75	25.37
1.308	20.74	25.37
1.308	20.75	25.37
1.308	20.74	25.37
1.309	20.74	25.37
1.309	20.74	25.37
1.309	20.74	25.37
1.309	20.74	25.37
1.310	20.74	25.37
1.310	20.74	25.37
1.310	20.74	25.37
1.310	20.72	25.37
1.310	20.71	25.37
1.311	20.72	25.37
1.311	20.70	25.37
1.311	20.68	25.37
1.311	20.69	25.37
1.311	20.68	25.37
1.311	20.68	25.37
1.311	20.68	25.37
1.311	20.68	25.37
1.312	20.68	25.37
1.312	20.68	25.37
1.312	20.68	25.37
1.312	20.68	25.37
1.312	20.68	25.37
1.312	20.68	25.36
1.312	20.68	25.37
1.312	20.68	25.36
1.312	20.68	25.36
1.313	20.68	25.36
1.313	20.68	25.36
1.313	20.68	25.36
1.313	20.68	25.36
1.314	20.68	25.36
1.314	20.68	25.36
1.314	20.68	25.36
1.314	20.68	25.36
1.314	20.68	25.36
1.314	20.68	25.36
1.315	20.68	25.36
1.315	20.68	25.36
1.315	20.68	25.36
1.315	20.68	25.36
1.315	20.65	25.36
1.315	20.65	25.36
1.316	20.62	25.36
1.316	20.61	25.36
1.316	20.61	25.36
1.316	20.61	25.36
1.316	20.61	25.36
1.317	20.61	25.36
1.317	20.61	25.36
1.317	20.61	25.36
1.318	20.61	25.36
1.318	20.61	25.36
1.318	20.61	25.36
1.318	20.61	25.36
1.318	20.61	25.36
1.318	20.60	25.36
1.318	20.60	25.36
1.319	20.57	25.36
1.319	20.55	25.36
1.319	20.55	25.36
1.319	20.55	25.36
1.320	20.55	25.36
1.320	20.55	25.36
1.320	20.55	25.36
1.320	20.55	25.36
1.320	20.55	25.36
1.321	20.55	25.36
1.321	20.55	25.36
1.321	20.55	25.36
1.321	20.55	25.36
1.321	20.55	25.36
1.322	20.55	25.36
1.322	20.54	25.36
1.322	20.53	25.36
1.322	20.51	25.36
1.322	20.50	25.36
1.322	20.49	25.36
1.323	20.49	25.36
1.323	20.50	25.36
1.323	20.49	25.36
1.323	20.49	25.36
1.323	20.49	25.36
1.323	20.49	25.36
1.323	20.49	25.36
1.323	20.49	25.36
1.324	20.49	25.36
1.325	20.49	25.36
1.325	20.49	25.36
1.325	20.49	25.36
1.326	20.47	25.36
1.326	20.43	25.36
1.326	20.42	25.36
1.327	20.42	25.36
1.327	20.43	25.36
1.328	20.43	25.36
1.328	20.42	25.36
1.329	20.42	25.36
1.329	20.42	25.36
1.329	20.42	25.36
1.329	20.42	25.36
1.330	20.42	25.36
1.330	20.42	25.36
1.330	20.42	25.36
1.330	20.42	25.36
1.330	20.41	25.36
1.331	20.37	25.36
1.331	20.35	25.36
1.331	20.35	25.36
1.332	20.35	25.36
1.332	20.35	25.36
1.332	20.35	25.36
1.333	20.35	25.36
1.333	20.35	25.36
1.334	20.35	25.36
1.334	20.35	25.36
1.334	20.35	25.36
1.334	20.35	25.36
1.334	20.33	25.36
1.335	20.35	25.36
1.335	20.35	25.36
1.335	20.34	25.36
1.335	20.32	25.36
1.336	20.30	25.36
1.336	20.28	25.36
1.336	20.28	25.36
1.336	20.28	25.36
1.336	20.28	25.36
1.337	20.28	25.36
1.337	20.28	25.36
1.337	20.28	25.36
1.337	20.28	25.36
1.338	20.28	25.36
1.338	20.28	25.36
1.338	20.28	25.36
1.339	20.28	25.36
1.339	20.25	25.36
1.339	20.24	25.36
1.339	20.22	25.36
1.340	20.22	25.36
1.340	20.22	25.36
1.340	20.22	25.36
1.340	20.22	25.36
1.340	20.21	25.36
1.340	20.21	25.36
1.341	20.21	25.36
1.341	20.21	25.36
1.341	20.21	25.36
1.341	20.21	25.36
1.341	20.21	25.36
1.342	20.21	25.36
1.342	20.21	25.36
1.342	20.21	25.36
1.342	20.21	25.36
1.342	20.21	25.36
1.343	20.21	25.36
1.343	20.20	25.36
1.343	20.17	25.36
1.343	20.17	25.36
1.344	20.15	25.36
1.344	20.14	25.36
1.344	20.14	25.36
1.344	20.14	25.36
1.345	20.14	25.36
1.345	20.14	25.36
1.345	20.14	25.36
1.346	20.14	25.36
1.346	20.14	25.36
1.347	20.12	25.36
1.347	20.11	25.36
1.347	20.11	25.36
1.347	20.09	25.36
1.347	20.10	25.36
1.348	20.12	25.36
1.348	20.13	25.36
1.348	20.11	25.36
1.349	20.08	25.36
1.349	20.07	25.36
1.350	20.07	25.36
1.350	20.07	25.36
1.350	20.07	25.36
1.350	20.07	25.36
1.351	20.07	25.36
1.351	20.07	25.36
1.351	20.07	25.36
1.352	20.07	25.36
1.352	20.07	25.36
1.352	20.07	25.36
1.352	20.07	25.36
1.352	20.07	25.36
1.353	20.06	25.36
1.353	20.01	25.36
1.353	20.00	25.36
1.353	20.00	25.36
1.354	20.00	25.36
1.354	20.00	25.36
1.354	20.00	25.36
1.354	20.00	25.36
1.355	20.00	25.36
1.355	20.00	25.36
1.355	20.00	25.36
1.355	20.00	25.36
1.355	20.00	25.36
1.356	20.00	25.36
1.356	20.00	25.36
1.356	20.00	25.36
1.356	20.00	25.36
1.357	20.00	25.36
1.357	20.00	25.36
1.357	19.98	25.36
1.357	19.97	25.36
1.357	19.98	25.36
1.358	19.99	25.36
1.358	19.97	25.36
1.358	19.95	25.36
1.358	19.95	25.36
1.359	19.95	25.36
1.359	19.95	25.36
1.359	19.95	25.36
1.359	19.95	25.36
1.360	19.95	25.36
1.360	19.95	25.36
1.360	19.95	25.36
1.361	19.95	25.36
1.361	19.95	25.36
1.361	19.95	25.36
1.362	19.94	25.36
1.362	19.93	25.36
1.362	19.91	25.36
1.362	19.90	25.36
1.362	19.90	25.36
1.362	19.90	25.36
1.362	19.90	25.36
1.363	19.89	25.36
1.363	19.89	25.36
1.364	19.89	25.36
1.364	19.89	25.36
1.364	19.89	25.36
1.364	19.89	25.36
1.364	19.89	25.36
1.364	19.89	25.36
1.365	19.89	25.36
1.365	19.89	25.36
1.366	19.88	25.36
1.366	19.88	25.36
1.366	19.89	25.36
1.366	19.88	25.36
1.367	19.89	25.36
1.367	19.87	25.36
1.367	19.84	25.36
1.367	19.84	25.36
1.368	19.84	25.36
1.368	19.84	25.36
1.369	19.84	25.36
1.369	19.84	25.36
1.369	19.84	25.36
1.369	19.84	25.36
1.369	19.84	25.36
1.370	19.84	25.36
1.370	19.84	25.36
1.370	19.83	25.36
1.371	19.81	25.36
1.371	19.80	25.36
1.371	19.79	25.36
1.371	19.79	25.36
1.371	19.79	25.36
1.372	19.79	25.36
1.372	19.79	25.36
1.372	19.79	25.36
1.372	19.79	25.36
1.372	19.79	25.36
1.372	19.79	25.36
1.372	19.79	25.36
1.372	19.79	25.36
1.372	19.79	25.36
1.373	19.79	25.36
1.373	19.79	25.36
1.373	19.79	25.36
1.373	19.79	25.36
1.373	19.79	25.36
1.373	19.79	25.36
1.374	19.79	25.36
1.374	19.79	25.36
1.374	19.78	25.36
1.374	19.77	25.36
1.374	19.77	25.36
1.375	19.76	25.36
1.375	19.75	25.36
1.375	19.75	25.36
1.375	19.74	25.36
1.375	19.74	25.36
1.376	19.74	25.36
1.376	19.74	25.36
1.376	19.74	25.36
1.377	19.74	25.36
1.377	19.74	25.36
1.377	19.74	25.36
1.377	19.72	25.36
1.377	19.72	25.36
1.378	19.70	25.36
1.378	19.70	25.36
1.378	19.71	25.36
1.378	19.70	25.36
1.379	19.70	25.36
1.379	19.69	25.36
1.380	19.69	25.36
1.380	19.69	25.36
1.380	19.69	25.36
1.380	19.69	25.36
1.381	19.69	25.36
1.381	19.69	25.36
1.381	19.69	25.36
1.381	19.69	25.36
1.381	19.65	25.36
1.382	19.65	25.36
1.382	19.64	25.36
1.383	19.63	25.36
1.383	19.63	25.36
1.383	19.63	25.36
1.383	19.63	25.36
1.383	19.63	25.36
1.384	19.63	25.36
1.384	19.63	25.36
1.384	19.63	25.36
1.384	19.63	25.36
1.384	19.63	25.36
1.384	19.63	25.36
1.385	19.63	25.36
1.385	19.63	25.36
1.385	19.63	25.36
1.386	19.58	25.36
1.386	19.58	25.36
1.386	19.58	25.36
1.386	19.58	25.36
1.386	19.57	25.36
1.386	19.55	25.36
1.387	19.56	25.36
1.387	19.57	25.36
1.387	19.56	25.36
1.387	19.53	25.36
1.387	19.53	25.36
1.388	19.53	25.36
1.388	19.53	25.36
1.388	19.53	25.36
1.388	19.53	25.36
1.388	19.53	25.36
1.389	19.53	25.36
1.389	19.53	25.36
1.389	19.53	25.36
1.389	19.53	25.36
1.390	19.52	25.36
1.390	19.53	25.36
1.390	19.52	25.36
1.390	19.51	25.36
1.390	19.50	25.36
1.390	19.50	25.36
1.390	19.50	25.36
1.391	19.50	25.36
1.391	19.50	25.36
1.391	19.50	25.36
1.391	19.48	25.36
1.392	19.48	25.36
1.392	19.48	25.36
1.392	19.48	25.36
1.393	19.48	25.36
1.393	19.48	25.36
1.393	19.48	25.36
1.393	19.48	25.36
1.393	19.47	25.36
1.394	19.47	25.36
1.394	19.47	25.36
1.394	19.47	25.36
1.394	19.47	25.36
1.395	19.47	25.36
1.395	19.46	25.36
1.395	19.45	25.36
1.396	19.45	25.36
1.396	19.45	25.36
1.396	19.45	25.36
1.396	19.45	25.36
1.396	19.45	25.36
1.396	19.45	25.36
1.397	19.45	25.36
1.397	19.45	25.36
1.397	19.45	25.36
1.397	19.45	25.36
1.397	19.45	25.36
1.397	19.45	25.36
1.398	19.45	25.36
1.398	19.45	25.36
1.398	19.43	25.36
1.399	19.43	25.36
1.399	19.43	25.36
1.399	19.43	25.36
1.399	19.43	25.36
1.399	19.43	25.36
1.400	19.43	25.36
1.400	19.43	25.36
1.400	19.43	25.35
1.401	19.42	25.36
1.401	19.43	25.35
1.401	19.43	25.35
1.401	19.42	25.35
1.401	19.41	25.35
1.402	19.40	25.35
1.402	19.40	25.35
1.402	19.40	25.35
1.403	19.39	25.35
1.403	19.40	25.35
1.403	19.39	25.35
1.403	19.38	25.35
1.404	19.38	25.35
1.404	19.38	25.35
1.404	19.37	25.35
1.404	19.37	25.35
1.404	19.37	25.35
1.405	19.37	25.35
1.405	19.35	25.35
1.405	19.35	25.35
1.405	19.35	25.35
1.405	19.35	25.35
1.405	19.35	25.35
1.405	19.35	25.35
1.405	19.35	25.35
1.405	19.35	25.35
1.405	19.35	25.35
1.405	19.35	25.35
1.406	19.35	25.35
1.406	19.33	25.35
1.406	19.32	25.35
1.406	19.33	25.35
1.406	19.33	25.35
1.407	19.32	25.35
1.407	19.32	25.35
1.407	19.30	25.35
1.407	19.30	25.35
1.408	19.30	25.35
1.408	19.30	25.35
1.408	19.29	25.35
1.408	19.27	25.35
1.408	19.27	25.35
1.409	19.27	25.35
1.409	19.27	25.35
1.409	19.27	25.35
1.409	19.27	25.35
1.409	19.27	25.35
1.410	19.26	25.35
1.410	19.25	25.35
1.410	19.25	25.35
1.411	19.25	25.35
1.411	19.25	25.35
1.411	19.25	25.35
1.412	19.25	25.35
1.412	19.25	25.35
1.412	19.25	25.35
1.412	19.25	25.35
1.412	19.24	25.35
1.413	19.22	25.35
1.413	19.20	25.35
1.413	19.17	25.35
1.413	19.18	25.35
1.414	19.19	25.35
1.414	19.20	25.35
1.414	19.19	25.35
1.415	19.19	25.35
1.415	19.15	25.35
1.415	19.13	25.35
1.416	19.14	25.35
1.416	19.17	25.35
1.416	19.17	25.35
1.416	19.18	25.35
1.417	19.16	25.35
1.417	19.12	25.35
1.417	19.12	25.35
1.418	19.12	25.35
1.418	19.10	25.35
1.418	19.08	25.35
1.419	19.06	25.35
1.419	19.06	25.35
1.419	19.08	25.35
1.419	19.09	25.35
1.419	19.09	25.35
1.419	19.10	25.35
1.419	19.11	25.35
1.420	19.12	25.35
1.420	19.12	25.35
1.420	19.10	25.35
1.420	19.09	25.35
1.420	19.07	25.35
1.421	19.06	25.35
1.421	19.06	25.35
1.421	19.06	25.35
1.421	19.06	25.35
1.421	19.05	25.35
1.421	19.05	25.35
1.422	19.05	25.35
1.422	19.05	25.35
1.422	19.05	25.35
1.422	19.04	25.35
1.423	19.05	25.35
1.423	19.04	25.35
1.423	19.03	25.35
1.424	19.03	25.35
1.424	19.03	25.35
1.424	19.03	25.35
1.424	19.03	25.35
1.424	19.03	25.35
1.424	19.03	25.35
1.425	19.03	25.35
1.425	19.02	25.35
1.425	19.01	25.35
1.425	19.01	25.35
1.426	19.00	25.35
1.426	19.00	25.35
1.426	19.00	25.35
1.426	18.99	25.35
1.427	18.98	25.35
1.427	18.98	25.35
1.427	18.97	25.35
1.427	18.96	25.35
1.427	18.96	25.35
1.428	18.94	25.35
1.428	18.94	25.35
1.428	18.94	25.35
1.428	18.94	25.35
1.429	18.93	25.35
1.429	18.93	25.35
1.429	18.93	25.35
1.429	18.92	25.35
1.429	18.91	25.35
1.429	18.91	25.35
1.430	18.91	25.35
1.430	18.91	25.35
1.430	18.90	25.35
1.430	18.90	25.35
1.430	18.89	25.35
1.431	18.89	25.35
1.431	18.89	25.35
1.431	18.88	25.35
1.431	18.88	25.35
1.431	18.88	25.35
1.431	18.87	25.35
1.432	18.87	25.35
1.432	18.87	25.35
1.432	18.87	25.35
1.432	18.86	25.35
1.432	18.85	25.35
1.433	18.84	25.35
1.433	18.84	25.35
1.433	18.84	25.35
1.433	18.84	25.35
1.434	18.83	25.35
1.434	18.83	25.35
1.434	18.83	25.35
1.434	18.83	25.35
1.435	18.82	25.35
1.435	18.82	25.35
1.435	18.81	25.35
1.435	18.81	25.35
1.436	18.80	25.35
1.436	18.80	25.35
1.436	18.79	25.35
1.437	18.79	25.35
1.437	18.79	25.35
1.437	18.78	25.35
1.437	18.78	25.35
1.438	18.78	25.35
1.438	18.78	25.35
1.438	18.77	25.35
1.438	18.77	25.35
1.438	18.77	25.35
1.438	18.77	25.35
1.439	18.77	25.35
1.439	18.77	25.35
1.439	18.77	25.35
1.439	18.76	25.35
1.440	18.76	25.35
1.440	18.76	25.35
1.440	18.75	25.35
1.440	18.75	25.35
1.441	18.74	25.35
1.441	18.74	25.35
1.441	18.74	25.35
1.442	18.73	25.35
1.442	18.72	25.35
1.443	18.72	25.35
1.443	18.72	25.35
1.443	18.72	25.35
1.444	18.71	25.35
1.444	18.71	25.35
1.444	18.70	25.35
1.445	18.70	25.35
1.445	18.70	25.35
1.445	18.69	25.35
1.446	18.69	25.35
1.446	18.68	25.35
1.446	18.68	25.35
1.446	18.68	25.35
1.446	18.67	25.35
1.446	18.67	25.35
1.446	18.67	25.35
1.447	18.67	25.35
1.447	18.66	25.35
1.447	18.66	25.35
1.447	18.66	25.35
1.448	18.66	25.35
1.448	18.66	25.35
1.448	18.65	25.35
1.449	18.65	25.35
1.450	18.65	25.35
1.450	18.65	25.35
1.450	18.65	25.35
1.450	18.65	25.35
1.450	18.65	25.35
1.451	18.64	25.35
1.451	18.64	25.35
1.451	18.64	25.35
1.451	18.64	25.35
1.451	18.64	25.35
1.451	18.63	25.35
1.452	18.63	25.35
1.452	18.63	25.35
1.452	18.62	25.35
1.452	18.62	25.35
1.453	18.62	25.35
1.453	18.62	25.35
1.453	18.61	25.35
1.453	18.61	25.35
1.453	18.61	25.35
1.453	18.61	25.35
1.453	18.61	25.35
1.453	18.61	25.35
1.453	18.61	25.35
1.454	18.61	25.35
1.454	18.60	25.35
1.454	18.60	25.35
1.454	18.60	25.35
1.454	18.60	25.35
1.454	18.60	25.35
1.454	18.60	25.35
1.455	18.59	25.35
1.455	18.59	25.35
1.455	18.58	25.35
1.456	18.58	25.35
1.456	18.57	25.35
1.456	18.57	25.35
1.456	18.57	25.35
1.456	18.57	25.35
1.457	18.56	25.35
1.457	18.56	25.35
1.457	18.55	25.35
1.457	18.55	25.35
1.458	18.55	25.35
1.458	18.55	25.35
1.458	18.54	25.35
1.458	18.54	25.35
1.459	18.54	25.35
1.459	18.53	25.35
1.459	18.53	25.35
1.460	18.53	25.35
1.460	18.52	25.34
1.461	18.51	25.34
1.461	18.51	25.34
1.461	18.51	25.34
1.462	18.50	25.34
1.462	18.49	25.34
1.462	18.49	25.34
1.463	18.48	25.34
1.463	18.48	25.34
1.463	18.48	25.34
1.464	18.47	25.34
1.464	18.46	25.34
1.464	18.46	25.34
1.465	18.46	25.34
1.465	18.45	25.34
1.465	18.45	25.34
1.465	18.44	25.34
1.466	18.44	25.34
1.466	18.44	25.34
1.466	18.43	25.34
1.467	18.43	25.34
1.467	18.42	25.34
1.468	18.41	25.34
1.468	18.41	25.34
1.468	18.41	25.34
1.469	18.40	25.34
1.469	18.40	25.34
1.469	18.39	25.34
1.470	18.39	25.34
1.470	18.38	25.34
1.470	18.37	25.34
1.471	18.37	25.34
1.471	18.37	25.34
1.472	18.36	25.34
1.472	18.36	25.34
1.473	18.36	25.34
1.473	18.35	25.34
1.473	18.35	25.34
1.473	18.34	25.34
1.474	18.34	25.34
1.474	18.33	25.34
1.474	18.33	25.34
1.474	18.32	25.34
1.474	18.32	25.34
1.475	18.32	25.34
1.475	18.32	25.34
1.475	18.32	25.34
1.475	18.32	25.34
1.476	18.31	25.34
1.476	18.30	25.34
1.477	18.30	25.34
1.477	18.29	25.34
1.478	18.29	25.34
1.478	18.28	25.34
1.478	18.28	25.34
1.478	18.28	25.34
1.478	18.27	25.34
1.478	18.27	25.34
1.479	18.27	25.34
1.479	18.26	25.34
1.479	18.26	25.34
1.480	18.25	25.34
1.480	18.25	25.34
1.480	18.25	25.34
1.481	18.24	25.34
1.481	18.24	25.34
1.482	18.23	25.34
1.482	18.23	25.34
1.482	18.23	25.34
1.483	18.22	25.34
1.483	18.22	25.34
1.483	18.22	25.34
1.483	18.21	25.34
1.484	18.21	25.34
1.484	18.21	25.34
1.484	18.21	25.34
1.484	18.21	25.34
1.484	18.20	25.34
1.485	18.20	25.34
1.485	18.20	25.34
1.485	18.20	25.34
1.485	18.19	25.34
1.486	18.19	25.34
1.486	18.18	25.34
1.486	18.18	25.34
1.486	18.18	25.34
1.487	18.18	25.34
1.487	18.17	25.34
1.487	18.17	25.34
1.488	18.17	25.34
1.488	18.17	25.34
1.488	18.16	25.34
1.489	18.15	25.34
1.489	18.15	25.34
1.489	18.15	25.34
1.489	18.15	25.34
1.489	18.15	25.34
1.490	18.14	25.34
1.490	18.14	25.34
1.490	18.14	25.34
1.490	18.13	25.34
1.491	18.13	25.34
1.491	18.12	25.34
1.491	18.12	25.34
1.492	18.12	25.34
1.492	18.12	25.34
1.492	18.11	25.34
1.493	18.11	25.34
1.493	18.11	25.34
1.493	18.11	25.34
1.493	18.11	25.34
1.493	18.11	25.34
1.493	18.11	25.34
1.493	18.11	25.34
1.493	18.11	25.34
1.493	18.11	25.34
1.494	18.11	25.34
1.494	18.10	25.34
1.495	18.09	25.34
1.496	18.07	25.34
1.496	18.06	25.34
1.497	18.05	25.34
1.497	18.05	25.34
1.498	18.04	25.34
1.498	18.04	25.34
1.498	18.04	25.34
1.499	18.03	25.34
1.499	18.03	25.34
1.500	18.02	25.34
1.500	18.02	25.34
1.500	18.01	25.34
1.500	18.00	25.34
1.501	17.99	25.34
1.502	17.98	25.34
1.503	17.98	25.34
1.503	17.97	25.34
1.504	17.97	25.34
1.505	17.96	25.34
1.505	17.94	25.34
1.506	17.94	25.34
1.506	17.93	25.34
1.506	17.93	25.34
1.506	17.92	25.34
1.507	17.92	25.34
1.507	17.92	25.34
1.507	17.92	25.34
1.507	17.92	25.34
1.508	17.91	25.34
1.508	17.91	25.34
1.508	17.91	25.34
1.508	17.91	25.34
1.509	17.90	25.34
1.509	17.90	25.34
1.509	17.90	25.34
1.510	17.89	25.34
1.510	17.89	25.34
1.510	17.89	25.34
1.511	17.88	25.34
1.511	17.87	25.34
1.511	17.87	25.34
1.511	17.87	25.34
1.512	17.86	25.34
1.512	17.86	25.34
1.512	17.86	25.34
1.512	17.85	25.34
1.513	17.85	25.34
1.513	17.84	25.34
1.514	17.83	25.34
1.514	17.83	25.34
1.514	17.82	25.34
1.515	17.81	25.34
1.515	17.81	25.34
1.515	17.81	25.34
1.515	17.81	25.34
1.516	17.81	25.34
1.516	17.80	25.34
1.516	17.80	25.34
1.517	17.80	25.34
1.517	17.79	25.34
1.518	17.79	25.34
1.519	17.78	25.34
1.519	17.77	25.34
1.520	17.76	25.34
1.521	17.75	25.34
1.522	17.75	25.34
1.522	17.75	25.34
1.523	17.74	25.34
1.523	17.73	25.34
1.524	17.72	25.34
1.524	17.72	25.34
1.524	17.71	25.34
1.525	17.71	25.34
1.525	17.71	25.34
1.525	17.70	25.34
1.526	17.70	25.34
1.526	17.69	25.34
1.527	17.69	25.34
1.527	17.69	25.34
1.527	17.69	25.34
1.527	17.69	25.34
1.528	17.68	25.34
1.528	17.68	25.34
1.528	17.68	25.34
1.528	17.68	25.34
1.528	17.68	25.34
1.528	17.67	25.34
1.529	17.67	25.34
1.529	17.66	25.34
1.529	17.66	25.34
1.529	17.67	25.34
1.529	17.66	25.34
1.529	17.65	25.34
1.529	17.65	25.34
1.530	17.65	25.34
1.530	17.65	25.34
1.530	17.65	25.34
1.530	17.64	25.34
1.530	17.64	25.34
1.531	17.64	25.34
1.531	17.64	25.34
1.531	17.64	25.34
1.532	17.62	25.34
1.532	17.61	25.34
1.533	17.60	25.34
1.533	17.60	25.34
1.534	17.59	25.34
1.535	17.59	25.34
1.535	17.59	25.34
1.535	17.58	25.34
1.536	17.58	25.34
1.536	17.58	25.34
1.536	17.58	25.34
1.536	17.57	25.34
1.537	17.56	25.34
1.538	17.56	25.34
1.539	17.55	25.34
1.538	17.54	25.34
1.539	17.53	25.34
1.540	17.53	25.34
1.540	17.52	25.34
1.540	17.52	25.34
1.541	17.52	25.34
1.541	17.52	25.34
1.541	17.52	25.34
1.542	17.51	25.34
1.543	17.50	25.34
1.543	17.49	25.34
1.544	17.49	25.34
1.544	17.48	25.34
1.545	17.48	25.34
1.545	17.47	25.34
1.546	17.46	25.34
1.546	17.46	25.34
1.546	17.45	25.34
1.547	17.45	25.34
1.547	17.44	25.34
1.548	17.44	25.34
1.548	17.43	25.34
1.548	17.43	25.33
1.548	17.43	25.33
1.548	17.43	25.33
1.549	17.43	25.33
1.549	17.42	25.33
1.549	17.42	25.33
1.549	17.42	25.33
1.550	17.42	25.33
1.550	17.42	25.33
1.550	17.41	25.33
1.550	17.41	25.33
1.550	17.40	25.33
1.550	17.40	25.33
1.550	17.40	25.33
1.551	17.39	25.33
1.551	17.39	25.33
1.551	17.39	25.33
1.551	17.39	25.33
1.551	17.39	25.33
1.552	17.38	25.33
1.552	17.38	25.33
1.552	17.37	25.33
1.553	17.37	25.33
1.553	17.37	25.33
1.553	17.37	25.33
1.553	17.36	25.33
1.553	17.36	25.33
1.554	17.36	25.33
1.554	17.36	25.33
1.554	17.35	25.33
1.555	17.34	25.33
1.555	17.34	25.33
1.555	17.34	25.33
1.556	17.33	25.33
1.556	17.33	25.33
1.556	17.33	25.33
1.557	17.33	25.33
1.557	17.33	25.33
1.558	17.32	25.33
1.558	17.31	25.33
1.559	17.31	25.33
1.559	17.30	25.33
1.559	17.30	25.33
1.560	17.30	25.33
1.560	17.29	25.33
1.561	17.29	25.33
1.561	17.28	25.33
1.561	17.27	25.33
1.562	17.27	25.33
1.562	17.27	25.33
1.562	17.26	25.33
1.563	17.26	25.33
1.563	17.26	25.33
1.563	17.26	25.33
1.563	17.26	25.33
1.564	17.25	25.33
1.564	17.25	25.33
1.564	17.25	25.33
1.564	17.24	25.33
1.564	17.24	25.33
1.564	17.24	25.33
1.565	17.24	25.33
1.566	17.23	25.33
1.567	17.23	25.33
1.567	17.23	25.33
1.567	17.22	25.33
1.568	17.21	25.33
1.568	17.21	25.33
1.568	17.20	25.33
1.568	17.20	25.33
1.568	17.20	25.33
1.568	17.20	25.33
1.568	17.20	25.33
1.568	17.20	25.33
1.568	17.20	25.33
1.569	17.20	25.33
1.569	17.20	25.33
1.569	17.20	25.33
1.569	17.20	25.33
1.569	17.20	25.33
1.569	17.20	25.33
1.569	17.19	25.33
1.570	17.18	25.33
1.570	17.18	25.33
1.570	17.17	25.33
1.571	17.16	25.33
1.571	17.15	25.33
1.572	17.15	25.33
1.572	17.14	25.33
1.573	17.14	25.33
1.574	17.13	25.33
1.575	17.13	25.33
1.575	17.13	25.33
1.576	17.12	25.33
1.576	17.12	25.33
1.577	17.11	25.33
1.577	17.11	25.33
1.578	17.10	25.33
1.578	17.09	25.33
1.579	17.09	25.33
1.580	17.08	25.33
1.580	17.07	25.33
1.581	17.07	25.33
1.581	17.06	25.33
1.582	17.05	25.33
1.583	17.04	25.33
1.583	17.04	25.33
1.583	17.03	25.33
1.584	17.02	25.33
1.584	17.02	25.33
1.585	17.01	25.33
1.585	17.00	25.33
1.585	17.00	25.33
1.585	17.00	25.33
1.585	17.00	25.33
1.586	16.99	25.33
1.586	16.99	25.33
1.586	16.99	25.33
1.586	16.99	25.33
1.587	16.99	25.33
1.587	16.98	25.33
1.587	16.98	25.33
1.587	16.98	25.33
1.587	16.98	25.33
1.588	16.97	25.33
1.588	16.97	25.33
1.589	16.97	25.33
1.589	16.96	25.33
1.590	16.95	25.33
1.590	16.94	25.33
1.591	16.93	25.33
1.591	16.93	25.33
1.591	16.93	25.33
1.592	16.92	25.33
1.592	16.92	25.33
1.592	16.92	25.33
1.592	16.91	25.33
1.592	16.91	25.33
1.593	16.91	25.33
1.593	16.91	25.33
1.593	16.91	25.33
1.594	16.91	25.33
1.594	16.90	25.33
1.594	16.90	25.33
1.595	16.90	25.33
1.595	16.90	25.33
1.595	16.90	25.33
1.595	16.89	25.33
1.596	16.88	25.33
1.596	16.88	25.33
1.596	16.88	25.33
1.597	16.87	25.33
1.597	16.87	25.33
1.597	16.86	25.33
1.598	16.86	25.33
1.598	16.86	25.33
1.598	16.86	25.33
1.599	16.85	25.33
1.599	16.84	25.33
1.599	16.84	25.33
1.600	16.84	25.33
1.600	16.83	25.33
1.601	16.83	25.33
1.601	16.83	25.33
1.602	16.83	25.33
1.602	16.82	25.33
1.603	16.81	25.33
1.603	16.81	25.33
1.604	16.79	25.33
1.604	16.79	25.33
1.604	16.79	25.33
1.604	16.79	25.33
1.605	16.79	25.33
1.605	16.79	25.33
1.606	16.78	25.33
1.606	16.77	25.33
1.607	16.77	25.33
1.607	16.77	25.33
1.608	16.76	25.33
1.608	16.76	25.33
1.608	16.76	25.33
1.608	16.75	25.33
1.608	16.75	25.33
1.609	16.75	25.33
1.609	16.74	25.33
1.610	16.74	25.33
1.610	16.74	25.33
1.610	16.74	25.33
1.611	16.74	25.33
1.611	16.74	25.33
1.611	16.73	25.33
1.611	16.73	25.33
1.611	16.72	25.33
1.612	16.72	25.33
1.612	16.72	25.33
1.612	16.70	25.33
1.612	16.70	25.33
1.613	16.70	25.33
1.613	16.70	25.33
1.613	16.69	25.33
1.614	16.68	25.33
1.614	16.68	25.33
1.615	16.68	25.33
1.615	16.68	25.33
1.616	16.67	25.33
1.616	16.66	25.33
1.616	16.66	25.33
1.617	16.66	25.33
1.617	16.66	25.33
1.617	16.65	25.33
1.618	16.64	25.33
1.618	16.64	25.33
1.618	16.64	25.33
1.619	16.64	25.33
1.619	16.64	25.33
1.619	16.64	25.33
1.620	16.63	25.33
1.621	16.62	25.33
1.621	16.62	25.33
1.621	16.62	25.33
1.622	16.60	25.33
1.622	16.60	25.33
1.623	16.60	25.33
1.623	16.59	25.33
1.624	16.58	25.33
1.625	16.58	25.33
1.625	16.57	25.33
1.626	16.56	25.33
1.626	16.56	25.33
1.626	16.56	25.33
1.626	16.56	25.33
1.627	16.55	25.33
1.628	16.54	25.33
1.628	16.54	25.33
1.629	16.53	25.33
1.629	16.53	25.33
1.630	16.52	25.33
1.630	16.52	25.33
1.631	16.51	25.33
1.631	16.50	25.33
1.632	16.50	25.33
1.632	16.50	25.33
1.632	16.50	25.33
1.633	16.48	25.33
1.633	16.48	25.33
1.634	16.48	25.33
1.634	16.48	25.33
1.634	16.47	25.33
1.634	16.47	25.33
1.634	16.47	25.33
1.634	16.46	25.33
1.635	16.46	25.33
1.635	16.46	25.33
1.636	16.46	25.33
1.636	16.45	25.33
1.636	16.44	25.33
1.637	16.44	25.33
1.637	16.44	25.33
1.638	16.44	25.33
1.638	16.44	25.33
1.638	16.43	25.33
1.639	16.43	25.33
1.639	16.42	25.33
1.639	16.42	25.32
1.640	16.42	25.32
1.640	16.42	25.32
1.640	16.41	25.32
1.640	16.41	25.32
1.640	16.40	25.32
1.641	16.40	25.32
1.641	16.40	25.32
1.641	16.40	25.32
1.642	16.39	25.32
1.642	16.38	25.32
1.642	16.38	25.32
1.643	16.38	25.32
1.644	16.38	25.32
1.644	16.37	25.32
1.645	16.37	25.32
1.645	16.36	25.32
1.645	16.36	25.32
1.646	16.36	25.32
1.646	16.36	25.32
1.647	16.35	25.32
1.647	16.34	25.32
1.647	16.34	25.32
1.647	16.34	25.32
1.647	16.34	25.32
1.648	16.33	25.32
1.648	16.33	25.32
1.649	16.32	25.32
1.649	16.32	25.32
1.649	16.32	25.32
1.649	16.32	25.32
1.650	16.32	25.32
1.650	16.31	25.32
1.650	16.31	25.32
1.650	16.31	25.32
1.650	16.31	25.32
1.650	16.30	25.32
1.651	16.30	25.32
1.651	16.30	25.32
1.651	16.30	25.32
1.651	16.29	25.32
1.652	16.29	25.32
1.652	16.29	25.32
1.653	16.29	25.32
1.653	16.28	25.32
1.653	16.28	25.32
1.654	16.28	25.32
1.654	16.27	25.32
1.654	16.27	25.32
1.655	16.27	25.32
1.655	16.26	25.32
1.655	16.26	25.32
1.656	16.25	25.32
1.656	16.25	25.32
1.656	16.25	25.32
1.657	16.24	25.32
1.657	16.24	25.32
1.657	16.23	25.32
1.657	16.23	25.32
1.658	16.23	25.32
1.658	16.22	25.32
1.659	16.22	25.32
1.660	16.21	25.32
1.661	16.20	25.32
1.661	16.20	25.32
1.661	16.20	25.32
1.661	16.20	25.32
1.661	16.20	25.32
1.662	16.20	25.32
1.662	16.20	25.32
1.662	16.20	25.32
1.662	16.20	25.32
1.662	16.20	25.32
1.662	16.19	25.32
1.662	16.19	25.32
1.662	16.19	25.32
1.662	16.18	25.32
1.662	16.18	25.32
1.663	16.18	25.32
1.663	16.18	25.32
1.663	16.18	25.32
1.663	16.17	25.32
1.664	16.17	25.32
1.664	16.16	25.32
1.664	16.16	25.32
1.664	16.16	25.32
1.665	16.16	25.32
1.665	16.15	25.32
1.665	16.15	25.32
1.665	16.14	25.32
1.665	16.14	25.32
1.666	16.14	25.32
1.666	16.14	25.32
1.666	16.14	25.32
1.666	16.14	25.32
1.667	16.14	25.32
1.667	16.14	25.32
1.667	16.13	25.32
1.667	16.12	25.32
1.668	16.12	25.32
1.668	16.12	25.32
1.668	16.12	25.32
1.669	16.12	25.32
1.669	16.10	25.32
1.670	16.10	25.32
1.670	16.10	25.32
1.671	16.10	25.32
1.671	16.10	25.32
1.671	16.09	25.32
1.672	16.08	25.32
1.672	16.08	25.32
1.673	16.08	25.32
1.673	16.08	25.32
1.674	16.07	25.32
1.674	16.07	25.32
1.675	16.06	25.32
1.675	16.06	25.32
1.676	16.06	25.32
1.676	16.05	25.32
1.677	16.04	25.32
1.677	16.04	25.32
1.677	16.04	25.32
1.677	16.03	25.32
1.678	16.02	25.32
1.678	16.02	25.32
1.679	16.02	25.32
1.679	16.02	25.32
1.680	16.01	25.32
1.680	16.01	25.32
1.680	16.00	25.32
1.681	16.00	25.32
1.681	16.00	25.32
1.681	16.00	25.32
1.682	16.00	25.32
1.682	15.99	25.32
1.683	15.98	25.32
1.683	15.98	25.32
1.684	15.98	25.32
1.684	15.97	25.32
1.685	15.96	25.32
1.686	15.96	25.32
1.686	15.95	25.32
1.686	15.94	25.32
1.687	15.94	25.32
1.688	15.94	25.32
1.688	15.93	25.32
1.688	15.92	25.32
1.689	15.92	25.32
1.689	15.92	25.32
1.689	15.92	25.32
1.690	15.92	25.32
1.691	15.90	25.32
1.692	15.90	25.32
1.692	15.90	25.32
1.693	15.89	25.32
1.694	15.88	25.32
1.694	15.88	25.32
1.695	15.87	25.32
1.696	15.86	25.32
1.697	15.85	25.32
1.697	15.84	25.32
1.698	15.84	25.32
1.699	15.84	25.32
1.699	15.84	25.32
1.700	15.83	25.32
1.700	15.82	25.32
1.701	15.82	25.32
1.702	15.80	25.32
1.703	15.80	25.32
1.704	15.80	25.32
1.704	15.80	25.32
1.704	15.79	25.32
1.704	15.79	25.32
1.704	15.78	25.32
1.705	15.78	25.32
1.705	15.78	25.32
1.705	15.77	25.32
1.706	15.76	25.32
1.706	15.76	25.32
1.706	15.76	25.32
1.707	15.75	25.32
1.707	15.75	25.32
1.708	15.74	25.32
1.709	15.73	25.32
1.710	15.72	25.32
1.711	15.72	25.32
1.711	15.71	25.32
1.711	15.71	25.32
1.711	15.71	25.32
1.711	15.71	25.32
1.711	15.71	25.32
1.712	15.70	25.32
1.712	15.69	25.32
1.713	15.69	25.32
1.713	15.69	25.32
1.714	15.68	25.32
1.714	15.68	25.32
1.714	15.67	25.32
1.715	15.67	25.32
1.715	15.67	25.32
1.715	15.67	25.32
1.716	15.66	25.32
1.716	15.65	25.32
1.716	15.65	25.32
1.717	15.65	25.32
1.717	15.65	25.32
1.718	15.65	25.32
1.718	15.64	25.32
1.719	15.64	25.32
1.719	15.63	25.32
1.719	15.63	25.32
1.719	15.63	25.32
1.720	15.63	25.32
1.720	15.61	25.32
1.721	15.61	25.32
1.722	15.61	25.32
1.723	15.60	25.32
1.723	15.59	25.32
1.724	15.58	25.32
1.725	15.57	25.32
1.725	15.57	25.32
1.725	15.57	25.32
1.725	15.57	25.32
1.726	15.57	25.32
1.726	15.57	25.32
1.726	15.57	25.32
1.727	15.56	25.32
1.727	15.56	25.32
1.727	15.56	25.32
1.727	15.55	25.32
1.727	15.55	25.32
1.727	15.55	25.32
1.727	15.55	25.32
1.727	15.55	25.32
1.728	15.55	25.32
1.728	15.55	25.32
1.728	15.55	25.32
1.728	15.55	25.32
1.728	15.55	25.32
1.729	15.55	25.32
1.729	15.54	25.32
1.730	15.53	25.32
1.730	15.53	25.32
1.731	15.52	25.32
1.731	15.52	25.32
1.731	15.51	25.32
1.732	15.51	25.32
1.732	15.51	25.32
1.732	15.51	25.32
1.733	15.50	25.32
1.734	15.50	25.32
1.735	15.49	25.32
1.735	15.49	25.32
1.736	15.49	25.32
1.736	15.48	25.32
1.737	15.48	25.32
1.737	15.48	25.32
1.737	15.47	25.32
1.738	15.46	25.32
1.739	15.46	25.32
1.739	15.45	25.32
1.739	15.44	25.32
1.740	15.44	25.32
1.740	15.44	25.32
1.741	15.44	25.32
1.741	15.43	25.32
1.742	15.42	25.32
1.742	15.42	25.32
1.743	15.42	25.32
1.743	15.42	25.32
1.743	15.42	25.32
1.743	15.42	25.32
1.743	15.41	25.32
1.744	15.41	25.32
1.744	15.40	25.32
1.744	15.40	25.32
1.744	15.40	25.32
1.744	15.40	25.32
1.744	15.40	25.32
1.745	15.40	25.32
1.745	15.40	25.32
1.745	15.40	25.32
1.745	15.40	25.32
1.745	15.39	25.32
1.745	15.40	25.32
1.746	15.39	25.32
1.746	15.39	25.32
1.746	15.38	25.32
1.747	15.38	25.32
1.748	15.36	25.32
1.748	15.36	25.32
1.749	15.36	25.32
1.749	15.36	25.32
1.750	15.35	25.32
1.751	15.34	25.32
1.751	15.34	25.32
1.752	15.34	25.32
1.752	15.34	25.32
1.752	15.33	25.32
1.753	15.32	25.32
1.753	15.32	25.32
1.754	15.31	25.32
1.754	15.31	25.32
1.754	15.30	25.32
1.755	15.30	25.32
1.755	15.30	25.32
1.756	15.29	25.32
1.758	15.27	25.32
1.759	15.27	25.32
1.759	15.27	25.32
1.759	15.27	25.32
1.759	15.26	25.32
1.760	15.25	25.32
1.760	15.25	25.32
1.760	15.25	25.32
1.761	15.25	25.32
1.762	15.25	25.32
1.762	15.24	25.32
1.763	15.24	25.32
1.763	15.23	25.32
1.764	15.23	25.32
1.764	15.22	25.32
1.764	15.22	25.32
1.765	15.22	25.32
1.765	15.21	25.32
1.766	15.21	25.32
1.766	15.21	25.32
1.767	15.20	25.32
1.769	15.19	25.32
1.769	15.19	25.32
1.770	15.19	25.32
1.770	15.17	25.32
1.771	15.17	25.32
1.771	15.17	25.32
1.772	15.16	25.32
1.772	15.15	25.32
1.773	15.15	25.32
1.773	15.15	25.32
1.774	15.15	25.32
1.775	15.14	25.32
1.775	15.13	25.32
1.776	15.13	25.32
1.776	15.13	25.32
1.776	15.13	25.32
1.776	15.12	25.32
1.777	15.12	25.32
1.778	15.11	25.32
1.778	15.11	25.32
1.778	15.10	25.32
1.778	15.10	25.32
1.778	15.10	25.32
1.779	15.10	25.32
1.779	15.10	25.32
1.779	15.10	25.32
1.780	15.10	25.32
1.780	15.09	25.32
1.781	15.09	25.32
1.781	15.08	25.32
1.782	15.08	25.32
1.783	15.07	25.32
1.783	15.06	25.32
1.784	15.05	25.32
1.785	15.04	25.32
1.786	15.03	25.32
1.787	15.02	25.32
1.788	15.02	25.32
1.788	15.02	25.32
1.789	15.01	25.32
1.789	15.00	25.32
1.790	15.00	25.32
1.790	15.00	25.32
1.791	15.00	25.32
1.791	15.00	25.32
1.791	15.00	25.32
1.792	14.99	25.32
1.792	14.99	25.32
1.792	14.98	25.32
1.793	14.98	25.32
1.793	14.98	25.32
1.794	14.97	25.32
1.794	14.97	25.32
1.794	14.96	25.32
1.794	14.96	25.32
1.795	14.96	25.32
1.795	14.96	25.32
1.795	14.95	25.32
1.796	14.95	25.32
1.797	14.95	25.32
1.797	14.95	25.32
1.797	14.94	25.32
1.798	14.94	25.32
1.799	14.93	25.32
1.800	14.93	25.32
1.800	14.92	25.32
1.801	14.91	25.32
1.801	14.91	25.32
1.802	14.91	25.32
1.802	14.90	25.32
1.803	14.89	25.32
1.804	14.88	25.32
1.805	14.87	25.32
1.805	14.87	25.32
1.806	14.87	25.32
1.806	14.86	25.32
1.806	14.85	25.32
1.807	14.85	25.32
1.807	14.85	25.32
1.807	14.85	25.32
1.808	14.84	25.32
1.808	14.83	25.32
1.809	14.83	25.32
1.810	14.83	25.32
1.811	14.83	25.32
1.812	14.81	25.32
1.812	14.81	25.32
1.813	14.81	25.32
1.814	14.80	25.32
1.814	14.79	25.32
1.815	14.79	25.32
1.816	14.78	25.32
1.817	14.77	25.32
1.818	14.77	25.32
1.819	14.77	25.32
1.820	14.76	25.32
1.820	14.75	25.32
1.821	14.75	25.32
1.821	14.75	25.32
1.821	14.75	25.32
1.821	14.74	25.32
1.822	14.74	25.32
1.822	14.73	25.32
1.822	14.73	25.32
1.823	14.72	25.32
1.824	14.70	25.32
1.825	14.70	25.32
1.826	14.69	25.32
1.827	14.69	25.32
1.828	14.69	25.32
1.828	14.68	25.32
1.829	14.68	25.32
1.830	14.68	25.32
1.830	14.68	25.32
1.830	14.67	25.31
1.830	14.66	25.31
1.831	14.66	25.32
1.831	14.66	25.32
1.832	14.65	25.32
1.833	14.64	25.32
1.833	14.64	25.32
1.834	14.64	25.32
1.835	14.63	25.32
1.835	14.62	25.32
1.836	14.62	25.32
1.837	14.62	25.32
1.838	14.61	25.32
1.838	14.60	25.32
1.839	14.60	25.32
1.840	14.59	25.32
1.840	14.58	25.32
1.841	14.58	25.32
1.841	14.58	25.31
1.841	14.57	25.32
1.842	14.56	25.32
1.843	14.56	25.31
1.844	14.56	25.31
1.844	14.55	25.31
1.845	14.54	25.31
1.846	14.54	25.31
1.846	14.54	25.31
1.847	14.54	25.31
1.848	14.52	25.31
1.849	14.52	25.31
1.849	14.51	25.31
1.850	14.50	25.31
1.851	14.50	25.31
1.852	14.50	25.31
1.853	14.49	25.31
1.853	14.48	25.31
1.854	14.48	25.31
1.854	14.47	25.31
1.855	14.47	25.31
1.855	14.46	25.31
1.855	14.46	25.31
1.855	14.46	25.31
1.855	14.46	25.31
1.856	14.46	25.31
1.857	14.44	25.31
1.859	14.44	25.31
1.859	14.43	25.31
1.860	14.42	25.31
1.860	14.42	25.31
1.861	14.42	25.31
1.861	14.42	25.31
1.862	14.42	25.31
1.862	14.42	25.31
1.863	14.40	25.31
1.863	14.40	25.31
1.864	14.40	25.31
1.864	14.40	25.31
1.864	14.39	25.31
1.865	14.39	25.31
1.865	14.39	25.31
1.866	14.38	25.31
1.866	14.38	25.31
1.866	14.38	25.31
1.867	14.38	25.31
1.867	14.37	25.31
1.867	14.37	25.31
1.868	14.37	25.31
1.868	14.36	25.31
1.869	14.36	25.31
1.870	14.35	25.31
1.871	14.35	25.31
1.872	14.34	25.31
1.873	14.33	25.31
1.873	14.32	25.31
1.874	14.32	25.31
1.874	14.32	25.31
1.874	14.31	25.31
1.875	14.31	25.31
1.875	14.30	25.31
1.876	14.30	25.31
1.877	14.30	25.31
1.878	14.29	25.31
1.879	14.28	25.31
1.880	14.28	25.31
1.881	14.28	25.31
1.882	14.27	25.31
1.882	14.26	25.31
1.884	14.24	25.31
1.884	14.24	25.31
1.884	14.24	25.31
1.885	14.24	25.31
1.885	14.24	25.31
1.886	14.23	25.31
1.887	14.22	25.31
1.887	14.22	25.31
1.887	14.22	25.31
1.888	14.22	25.31
1.888	14.20	25.31
1.889	14.20	25.31
1.889	14.19	25.31
1.890	14.19	25.31
1.890	14.18	25.31
1.891	14.18	25.31
1.891	14.18	25.31
1.892	14.18	25.31
1.893	14.18	25.31
1.894	14.17	25.31
1.895	14.16	25.31
1.896	14.16	25.31
1.896	14.15	25.31
1.897	14.14	25.31
1.897	14.13	25.31
1.898	14.13	25.31
1.899	14.13	25.31
1.899	14.12	25.31
1.900	14.12	25.31
1.900	14.12	25.31
1.901	14.11	25.31
1.902	14.11	25.31
1.902	14.11	25.31
1.903	14.10	25.31
1.903	14.09	25.31
1.903	14.09	25.31
1.904	14.09	25.31
1.904	14.08	25.31
1.905	14.07	25.31
1.907	14.06	25.31
1.908	14.05	25.31
1.909	14.05	25.31
1.909	14.04	25.31
1.910	14.03	25.31
1.911	14.03	25.31
1.912	14.03	25.31
1.912	14.02	25.31
1.913	14.01	25.31
1.913	14.01	25.31
1.914	14.01	25.31
1.914	14.00	25.31
1.915	13.99	25.31
1.915	13.99	25.31
1.915	13.99	25.31
1.916	13.99	25.31
1.917	13.98	25.31
1.918	13.97	25.31
1.918	13.97	25.31
1.919	13.97	25.31
1.919	13.96	25.31
1.919	13.96	25.31
1.919	13.96	25.31
1.919	13.96	25.31
1.919	13.96	25.31
1.920	13.95	25.31
1.921	13.95	25.31
1.921	13.95	25.31
1.922	13.93	25.31
1.923	13.93	25.31
1.923	13.93	25.31
1.924	13.92	25.31
1.924	13.92	25.31
1.924	13.92	25.31
1.925	13.91	25.31
1.925	13.91	25.31
1.925	13.91	25.31
1.926	13.91	25.31
1.927	13.90	25.31
1.928	13.90	25.31
1.929	13.89	25.31
1.930	13.88	25.31
1.931	13.87	25.31
1.933	13.85	25.31
1.934	13.85	25.31
1.935	13.84	25.31
1.935	13.84	25.31
1.936	13.83	25.31
1.937	13.83	25.31
1.937	13.83	25.31
1.938	13.83	25.31
1.938	13.82	25.31
1.939	13.82	25.31
1.940	13.82	25.31
1.940	13.81	25.31
1.941	13.81	25.31
1.942	13.80	25.31
1.942	13.80	25.31
1.943	13.79	25.31
1.944	13.78	25.31
1.945	13.78	25.31
1.946	13.77	25.31
1.947	13.76	25.31
1.948	13.75	25.31
1.949	13.75	25.31
1.950	13.74	25.31
1.951	13.73	25.31
1.952	13.72	25.31
1.952	13.72	25.31
1.953	13.72	25.31
1.953	13.72	25.31
1.954	13.71	25.31
1.954	13.71	25.31
1.955	13.71	25.31
1.955	13.70	25.31
1.956	13.70	25.31
1.957	13.69	25.31
1.957	13.68	25.31
1.957	13.68	25.31
1.958	13.68	25.31
1.958	13.68	25.31
1.959	13.67	25.31
1.961	13.67	25.31
1.962	13.65	25.31
1.964	13.64	25.31
1.964	13.63	25.31
1.965	13.63	25.31
1.966	13.62	25.31
1.967	13.62	25.31
1.967	13.62	25.31
1.968	13.61	25.31
1.969	13.60	25.31
1.970	13.59	25.31
1.971	13.58	25.31
1.971	13.58	25.31
1.972	13.58	25.31
1.973	13.57	25.31
1.974	13.57	25.31
1.975	13.56	25.31
1.975	13.56	25.31
1.976	13.55	25.31
1.977	13.55	25.31
1.978	13.54	25.31
1.978	13.53	25.31
1.979	13.53	25.31
1.980	13.52	25.31
1.980	13.52	25.31
1.980	13.52	25.31
1.981	13.52	25.31
1.981	13.52	25.31
1.981	13.52	25.31
1.982	13.51	25.31
1.983	13.50	25.31
1.984	13.50	25.31
1.986	13.48	25.31
1.987	13.48	25.31
1.987	13.47	25.31
1.988	13.47	25.31
1.988	13.46	25.31
1.989	13.46	25.31
1.989	13.45	25.31
1.989	13.45	25.31
1.989	13.45	25.31
1.990	13.44	25.31
1.990	13.44	25.31
1.991	13.44	25.31
1.991	13.44	25.31
1.992	13.43	25.31
1.993	13.43	25.31
1.993	13.42	25.31
1.994	13.42	25.31
1.994	13.42	25.31
1.995	13.41	25.31
1.996	13.41	25.31
1.997	13.40	25.31
1.997	13.40	25.31
1.998	13.39	25.31
1.999	13.39	25.31
1.999	13.38	25.31
2.000	13.38	25.31
2.000	13.37	25.31
2.001	13.37	25.31
2.002	13.36	25.31
2.002	13.36	25.31
2.003	13.36	25.31
2.004	13.36	25.31
2.004	13.35	25.31
2.005	13.35	25.31
2.005	13.34	25.31
2.006	13.34	25.31
2.006	13.34	25.31
2.008	13.33	25.31
2.009	13.32	25.31
2.010	13.32	25.31
2.011	13.32	25.31
2.011	13.32	25.31
2.012	13.32	25.31
2.013	13.31	25.31
2.013	13.31	25.31
2.013	13.30	25.31
2.014	13.30	25.31
2.014	13.29	25.31
2.015	13.29	25.31
2.015	13.29	25.31
2.015	13.28	25.31
2.016	13.28	25.31
2.016	13.27	25.31
2.016	13.26	25.31
2.017	13.26	25.31
2.017	13.26	25.31
2.018	13.26	25.31
2.019	13.26	25.31
2.019	13.25	25.31
2.020	13.24	25.31
2.021	13.24	25.31
2.021	13.24	25.31
2.021	13.23	25.31
2.022	13.23	25.31
2.022	13.23	25.31
2.022	13.22	25.31
2.023	13.22	25.31
2.024	13.22	25.31
2.025	13.22	25.31
2.026	13.20	25.31
2.027	13.20	25.31
2.028	13.19	25.31
2.029	13.18	25.31
2.030	13.17	25.31
2.031	13.16	25.31
2.032	13.16	25.31
2.033	13.15	25.31
2.033	13.14	25.31
2.034	13.14	25.31
2.034	13.14	25.31
2.034	13.14	25.31
2.035	13.14	25.31
2.035	13.14	25.31
2.036	13.13	25.31
2.036	13.13	25.31
2.037	13.13	25.31
2.037	13.13	25.31
2.038	13.12	25.31
2.038	13.12	25.31
2.039	13.12	25.31
2.039	13.12	25.31
2.040	13.12	25.31
2.040	13.10	25.31
2.041	13.10	25.31
2.042	13.10	25.31
2.042	13.09	25.31
2.043	13.08	25.31
2.043	13.08	25.31
2.044	13.07	25.31
2.045	13.07	25.31
2.045	13.07	25.31
2.046	13.07	25.31
2.047	13.07	25.31
2.047	13.06	25.31
2.048	13.06	25.31
2.049	13.04	25.31
2.050	13.04	25.31
2.051	13.04	25.31
2.051	13.04	25.31
2.052	13.03	25.30
2.053	13.03	25.30
2.053	13.02	25.30
2.053	13.02	25.30
2.053	13.01	25.30
2.053	13.01	25.30
2.053	13.01	25.30
2.054	13.01	25.30
2.054	13.01	25.30
2.055	13.00	25.30
2.055	13.00	25.30
2.056	13.00	25.30
2.056	13.00	25.30
2.057	12.99	25.30
2.057	12.98	25.30
2.058	12.98	25.30
2.059	12.98	25.30
2.059	12.97	25.30
2.060	12.97	25.30
2.061	12.96	25.30
2.062	12.96	25.30
2.062	12.96	25.30
2.063	12.95	25.30
2.064	12.94	25.30
2.064	12.94	25.30
2.065	12.94	25.30
2.065	12.94	25.30
2.066	12.93	25.30
2.067	12.92	25.30
2.069	12.91	25.30
2.070	12.90	25.30
2.071	12.90	25.30
2.072	12.90	25.30
2.072	12.89	25.30
2.073	12.88	25.30
2.075	12.88	25.30
2.075	12.87	25.30
2.076	12.87	25.30
2.076	12.87	25.30
2.077	12.87	25.30
2.078	12.86	25.30
2.079	12.86	25.30
2.080	12.86	25.30
2.082	12.85	25.30
2.083	12.84	25.30
2.084	12.83	25.30
2.085	12.82	25.30
2.085	12.82	25.30
2.086	12.82	25.30
2.087	12.81	25.30
2.088	12.81	25.30
2.088	12.81	25.30
2.089	12.80	25.30
2.089	12.80	25.30
2.090	12.79	25.30
2.091	12.78	25.30
2.092	12.78	25.30
2.092	12.77	25.30
2.093	12.77	25.30
2.094	12.77	25.30
2.094	12.77	25.30
2.094	12.77	25.30
2.094	12.76	25.30
2.095	12.76	25.30
2.095	12.76	25.30
2.096	12.75	25.30
2.097	12.75	25.30
2.097	12.75	25.30
2.098	12.74	25.30
2.098	12.74	25.30
2.100	12.73	25.30
2.101	12.72	25.30
2.103	12.71	25.30
2.105	12.69	25.30
2.106	12.69	25.30
2.107	12.68	25.30
2.108	12.68	25.30
2.110	12.67	25.30
2.111	12.66	25.30
2.111	12.66	25.30
2.113	12.65	25.30
2.114	12.65	25.30
2.114	12.64	25.30
2.115	12.64	25.30
2.116	12.64	25.30
2.116	12.63	25.30
2.118	12.62	25.30
2.118	12.62	25.30
2.118	12.62	25.30
2.119	12.61	25.30
2.119	12.61	25.30
2.120	12.61	25.30
2.121	12.59	25.30
2.122	12.58	25.30
2.122	12.58	25.30
2.122	12.58	25.30
2.122	12.58	25.30
2.122	12.58	25.30
2.123	12.57	25.30
2.125	12.57	25.30
2.126	12.56	25.30
2.127	12.55	25.30
2.129	12.54	25.30
2.130	12.54	25.30
2.131	12.53	25.30
2.132	12.52	25.30
2.133	12.52	25.30
2.134	12.52	25.30
2.136	12.51	25.30
2.137	12.50	25.30
2.138	12.49	25.30
2.139	12.48	25.30
2.141	12.47	25.30
2.142	12.46	25.30
2.144	12.45	25.30
2.145	12.45	25.30
2.146	12.44	25.30
2.147	12.44	25.30
2.148	12.44	25.30
2.148	12.44	25.30
2.150	12.43	25.30
2.150	12.43	25.30
2.151	12.42	25.30
2.152	12.42	25.30
2.153	12.41	25.30
2.153	12.41	25.30
2.154	12.40	25.30
2.155	12.40	25.30
2.156	12.40	25.30
2.156	12.39	25.30
2.156	12.39	25.30
2.157	12.39	25.30
2.158	12.38	25.30
2.158	12.38	25.30
2.159	12.37	25.30
2.159	12.37	25.30
2.159	12.37	25.30
2.160	12.36	25.30
2.161	12.36	25.30
2.163	12.35	25.30
2.164	12.34	25.30
2.164	12.34	25.30
2.166	12.33	25.30
2.167	12.33	25.30
2.167	12.32	25.30
2.168	12.32	25.30
2.169	12.31	25.30
2.169	12.31	25.30
2.169	12.31	25.30
2.169	12.31	25.30
2.170	12.30	25.30
2.170	12.30	25.30
2.170	12.30	25.30
2.171	12.30	25.30
2.172	12.29	25.30
2.172	12.29	25.30
2.173	12.29	25.30
2.175	12.28	25.30
2.175	12.28	25.30
2.176	12.28	25.30
2.177	12.27	25.30
2.178	12.26	25.30
2.179	12.26	25.30
2.181	12.25	25.30
2.183	12.24	25.30
2.184	12.23	25.30
2.186	12.22	25.30
2.188	12.21	25.30
2.189	12.20	25.30
2.191	12.19	25.30
2.192	12.19	25.30
2.193	12.18	25.30
2.194	12.18	25.30
2.195	12.17	25.30
2.196	12.17	25.30
2.196	12.16	25.30
2.197	12.16	25.30
2.197	12.15	25.30
2.198	12.15	25.30
2.198	12.15	25.30
2.199	12.15	25.30
2.199	12.14	25.30
2.199	12.14	25.30
2.200	12.14	25.30
2.200	12.14	25.30
2.201	12.13	25.30
2.201	12.13	25.30
2.202	12.13	25.30
2.203	12.12	25.30
2.203	12.12	25.30
2.204	12.11	25.30
2.205	12.10	25.30
2.206	12.09	25.30
2.207	12.09	25.30
2.208	12.08	25.30
2.209	12.07	25.30
2.209	12.07	25.30
2.211	12.06	25.30
2.212	12.05	25.30
2.213	12.05	25.30
2.214	12.05	25.30
2.215	12.04	25.30
2.216	12.04	25.30
2.217	12.03	25.30
2.218	12.03	25.30
2.220	12.02	25.30
2.222	12.01	25.30
2.223	12.00	25.30
2.224	12.00	25.30
2.225	11.99	25.30
2.227	11.99	25.30
2.228	11.99	25.30
2.228	11.98	25.30
2.228	11.98	25.30
2.229	11.98	25.30
2.231	11.97	25.30
2.232	11.96	25.30
2.233	11.96	25.30
2.234	11.96	25.30
2.235	11.95	25.30
2.237	11.94	25.30
2.239	11.92	25.30
2.240	11.92	25.30
2.241	11.91	25.30
2.242	11.90	25.30
2.242	11.90	25.30
2.243	11.90	25.30
2.244	11.90	25.30
2.244	11.90	25.30
2.244	11.89	25.30
2.244	11.89	25.30
2.245	11.89	25.30
2.245	11.88	25.30
2.245	11.88	25.30
2.246	11.88	25.30
2.246	11.88	25.30
2.247	11.87	25.30
2.247	11.87	25.30
2.248	11.87	25.30
2.248	11.86	25.30
2.248	11.86	25.30
2.249	11.86	25.30
2.249	11.86	25.30
2.249	11.86	25.30
2.249	11.86	25.30
2.250	11.86	25.30
2.250	11.86	25.30
2.251	11.85	25.30
2.251	11.85	25.30
2.252	11.85	25.30
2.253	11.84	25.30
2.254	11.84	25.30
2.255	11.84	25.30
2.255	11.84	25.30
2.256	11.83	25.30
2.256	11.82	25.30
2.257	11.82	25.30
2.258	11.82	25.30
2.259	11.81	25.30
2.259	11.81	25.30
2.260	11.81	25.30
2.261	11.80	25.30
2.262	11.80	25.30
2.263	11.79	25.30
2.264	11.79	25.30
2.265	11.78	25.30
2.266	11.77	25.30
2.268	11.77	25.30
2.269	11.76	25.30
2.270	11.76	25.30
2.271	11.75	25.30
2.272	11.75	25.30
2.273	11.74	25.30
2.273	11.74	25.30
2.274	11.74	25.30
2.274	11.73	25.30
2.275	11.73	25.30
2.275	11.73	25.30
2.276	11.73	25.30
2.277	11.72	25.30
2.277	11.72	25.30
2.278	11.72	25.30
2.279	11.72	25.30
2.279	11.71	25.30
2.279	11.71	25.30
2.280	11.70	25.30
2.280	11.70	25.30
2.281	11.70	25.30
2.281	11.70	25.30
2.282	11.69	25.30
2.282	11.69	25.30
2.282	11.69	25.30
2.283	11.68	25.30
2.283	11.68	25.30
2.284	11.68	25.30
2.284	11.67	25.30
2.284	11.67	25.30
2.284	11.67	25.30
2.285	11.67	25.30
2.286	11.66	25.30
2.287	11.65	25.30
2.288	11.65	25.30
2.288	11.65	25.30
2.288	11.65	25.30
2.288	11.65	25.30
2.289	11.64	25.30
2.290	11.64	25.30
2.291	11.63	25.30
2.292	11.62	25.30
2.293	11.62	25.30
2.294	11.61	25.30
2.294	11.61	25.30
2.295	11.60	25.30
2.295	11.60	25.30
2.295	11.60	25.30
2.296	11.60	25.30
2.296	11.60	25.30
2.297	11.59	25.30
2.297	11.59	25.30
2.298	11.58	25.30
2.299	11.58	25.30
2.299	11.58	25.30
2.301	11.58	25.30
2.302	11.57	25.30
2.304	11.56	25.30
2.305	11.56	25.30
2.306	11.55	25.29
2.306	11.55	25.29
2.307	11.55	25.29
2.308	11.54	25.30
2.309	11.54	25.29
2.310	11.54	25.30
2.311	11.53	25.29
2.313	11.52	25.30
2.314	11.52	25.29
2.314	11.52	25.30
2.315	11.51	25.29
2.316	11.51	25.29
2.318	11.50	25.29
2.321	11.49	25.29
2.322	11.48	25.29
2.323	11.48	25.29
2.323	11.48	25.29
2.324	11.47	25.29
2.324	11.47	25.29
2.325	11.47	25.29
2.326	11.46	25.29
2.327	11.46	25.29
2.328	11.45	25.29
2.329	11.44	25.29
2.330	11.44	25.29
2.330	11.43	25.29
2.330	11.43	25.29
2.330	11.43	25.29
2.331	11.42	25.29
2.332	11.42	25.29
2.332	11.41	25.29
2.333	11.41	25.29
2.334	11.41	25.29
2.335	11.40	25.29
2.337	11.39	25.29
2.338	11.39	25.29
2.338	11.39	25.29
2.338	11.39	25.29
2.338	11.39	25.29
2.338	11.39	25.29
2.338	11.39	25.29
2.338	11.39	25.29
2.339	11.38	25.29
2.340	11.38	25.29
2.340	11.38	25.29
2.341	11.38	25.29
2.342	11.38	25.29
2.343	11.37	25.29
2.345	11.37	25.29
2.347	11.36	25.29
2.349	11.35	25.29
2.351	11.33	25.29
2.352	11.32	25.29
2.354	11.31	25.29
2.355	11.31	25.29
2.356	11.30	25.29
2.356	11.30	25.29
2.357	11.29	25.29
2.358	11.29	25.29
2.359	11.28	25.29
2.360	11.28	25.29
2.361	11.28	25.29
2.362	11.27	25.29
2.362	11.27	25.29
2.363	11.26	25.29
2.364	11.26	25.29
2.364	11.26	25.29
2.365	11.25	25.29
2.366	11.24	25.29
2.367	11.24	25.29
2.369	11.23	25.29
2.370	11.22	25.29
2.372	11.22	25.29
2.373	11.22	25.29
2.374	11.21	25.29
2.375	11.20	25.29
2.376	11.19	25.29
2.377	11.18	25.29
2.379	11.18	25.29
2.381	11.17	25.29
2.383	11.16	25.29
2.384	11.15	25.29
2.385	11.15	25.29
2.386	11.15	25.29
2.386	11.15	25.29
2.387	11.15	25.29
2.387	11.14	25.29
2.388	11.14	25.29
2.388	11.13	25.29
2.390	11.12	25.29
2.391	11.12	25.29
2.391	11.11	25.29
2.392	11.11	25.29
2.393	11.11	25.29
2.393	11.11	25.29
2.394	11.10	25.29
2.394	11.10	25.29
2.395	11.09	25.29
2.396	11.09	25.29
2.397	11.09	25.29
2.398	11.08	25.29
2.399	11.08	25.29
2.399	11.08	25.29
2.400	11.07	25.29
2.401	11.07	25.29
2.402	11.06	25.29
2.403	11.06	25.29
2.404	11.05	25.29
2.405	11.04	25.29
2.406	11.03	25.29
2.407	11.02	25.29
2.408	11.02	25.29
2.409	11.02	25.29
2.409	11.02	25.29
2.410	11.02	25.29
2.411	11.01	25.29
2.412	11.01	25.29
2.412	11.01	25.29
2.413	11.01	25.29
2.413	11.00	25.29
2.414	10.99	25.29
2.415	10.99	25.29
2.417	10.97	25.29
2.418	10.97	25.29
2.420	10.96	25.29
2.420	10.96	25.29
2.421	10.95	25.29
2.422	10.95	25.29
2.423	10.94	25.29
2.424	10.93	25.29
2.425	10.93	25.29
2.426	10.92	25.29
2.428	10.91	25.29
2.430	10.91	25.29
2.431	10.90	25.29
2.433	10.88	25.29
2.434	10.87	25.29
2.434	10.86	25.29
2.435	10.85	25.29
2.436	10.84	25.29
2.439	10.81	25.29
2.441	10.80	25.29
2.443	10.79	25.29
2.445	10.78	25.29
2.447	10.78	25.29
2.449	10.77	25.29
2.452	10.74	25.29
2.454	10.73	25.29
2.456	10.72	25.29
2.459	10.72	25.29
2.461	10.70	25.29
2.462	10.70	25.29
2.464	10.70	25.29
2.465	10.70	25.29
2.466	10.70	25.29
2.467	10.70	25.29
2.468	10.70	25.29
2.470	10.70	25.29
2.471	10.69	25.29
2.472	10.69	25.29
2.473	10.69	25.29
2.474	10.69	25.29
2.475	10.68	25.29
2.477	10.68	25.29
2.477	10.69	25.29
2.478	10.68	25.29
2.479	10.68	25.29
2.479	10.68	25.29
2.479	10.68	25.29
2.480	10.68	25.29
2.480	10.68	25.29
2.480	10.68	25.29
2.481	10.68	25.29
2.482	10.68	25.29
2.483	10.68	25.29
2.484	10.67	25.29
2.484	10.67	25.29
2.486	10.67	25.29
2.487	10.67	25.29
2.488	10.67	25.29
2.489	10.66	25.29
2.490	10.66	25.29
2.490	10.66	25.29
2.492	10.65	25.29
2.493	10.63	25.29
2.494	10.61	25.29
2.496	10.59	25.29
2.497	10.59	25.29
2.498	10.57	25.29
2.498	10.57	25.29
2.499	10.55	25.29
2.501	10.54	25.29
2.503	10.52	25.29
2.505	10.51	25.29
2.506	10.50	25.29
2.508	10.49	25.29
2.510	10.49	25.29
2.512	10.49	25.29
2.515	10.48	25.29
2.516	10.48	25.29
2.518	10.48	25.29
2.519	10.47	25.29
2.520	10.47	25.29
2.522	10.47	25.29
2.524	10.46	25.29
2.525	10.46	25.29
2.526	10.46	25.29
2.527	10.46	25.29
2.529	10.44	25.29
2.531	10.43	25.29
2.532	10.42	25.29
2.533	10.42	25.29
2.534	10.40	25.29
2.534	10.40	25.29
2.535	10.39	25.29
2.536	10.39	25.29
2.537	10.39	25.29
2.539	10.38	25.29
2.540	10.38	25.29
2.542	10.38	25.29
2.543	10.38	25.29
2.545	10.38	25.29
2.546	10.38	25.29
2.546	10.37	25.29
2.547	10.37	25.29
2.548	10.37	25.29
2.550	10.37	25.29
2.551	10.37	25.29
2.553	10.35	25.29
2.555	10.34	25.29
2.557	10.32	25.29
2.558	10.30	25.29
2.559	10.30	25.29
2.561	10.29	25.29
2.562	10.29	25.29
2.563	10.29	25.29
2.564	10.29	25.29
2.566	10.29	25.29
2.567	10.28	25.29
2.567	10.28	25.29
2.568	10.28	25.29
2.569	10.27	25.29
2.570	10.28	25.29
2.570	10.28	25.29
2.571	10.27	25.29
2.572	10.27	25.29
2.573	10.26	25.29
2.574	10.26	25.29
2.575	10.26	25.29
2.577	10.25	25.29
2.578	10.25	25.29
2.579	10.25	25.29
2.581	10.25	25.29
2.582	10.24	25.29
2.582	10.24	25.29
2.583	10.23	25.29
2.584	10.23	25.29
2.585	10.23	25.29
2.586	10.23	25.29
2.587	10.23	25.29
2.588	10.23	25.29
2.588	10.23	25.29
2.589	10.23	25.29
2.590	10.23	25.29
2.591	10.23	25.29
2.593	10.23	25.29
2.594	10.23	25.29
2.595	10.22	25.29
2.595	10.22	25.29
2.597	10.21	25.29
2.599	10.21	25.29
2.602	10.20	25.29
2.603	10.20	25.29
2.603	10.19	25.29
2.602	10.19	25.29
2.602	10.19	25.29
2.602	10.19	25.29
2.602	10.19	25.29
2.602	10.19	25.29
2.602	10.20	25.29
2.603	10.19	25.29
2.604	10.19	25.29
2.604	10.19	25.29
2.606	10.18	25.29
2.607	10.17	25.29
2.608	10.16	25.29
2.610	10.16	25.29
2.613	10.13	25.29
2.615	10.13	25.29
2.617	10.12	25.29
2.619	10.12	25.29
2.620	10.12	25.29
2.621	10.11	25.29
2.623	10.12	25.29
2.624	10.12	25.29
2.625	10.10	25.29
2.626	10.09	25.29
2.627	10.08	25.29
2.628	10.08	25.29
2.629	10.08	25.29
2.629	10.07	25.29
2.630	10.06	25.29
2.631	10.05	25.29
2.632	10.04	25.29
2.632	10.04	25.29
2.633	10.03	25.29
2.634	10.04	25.29
2.635	10.03	25.29
2.636	10.02	25.29
2.637	10.02	25.29
2.639	10.03	25.29
2.641	10.02	25.29
2.643	10.01	25.29
2.645	10.00	25.29
2.647	10.00	25.28
2.648	10.00	25.28
2.649	9.99	25.28
2.650	9.96	25.28
2.650	9.96	25.28
2.651	9.97	25.28
2.652	9.96	25.28
2.653	9.96	25.28
2.653	9.96	25.28
2.654	9.95	25.28
2.655	9.95	25.28
2.657	9.96	25.28
2.658	9.94	25.28
2.659	9.94	25.28
2.660	9.94	25.28
2.662	9.94	25.28
2.663	9.93	25.28
2.665	9.93	25.28
2.666	9.93	25.28
2.667	9.92	25.28
2.669	9.91	25.28
2.670	9.90	25.28
2.671	9.92	25.28
2.673	9.91	25.28
2.674	9.90	25.28
2.676	9.89	25.28
2.677	9.90	25.28
2.678	9.89	25.28
2.679	9.89	25.28
2.679	9.88	25.28
2.680	9.87	25.28
2.681	9.86	25.28
2.682	9.86	25.28
2.684	9.85	25.28
2.685	9.85	25.28
2.686	9.85	25.28
2.687	9.85	25.28
2.689	9.84	25.28
2.690	9.83	25.28
2.691	9.82	25.28
2.691	9.81	25.28
2.692	9.81	25.28
2.693	9.81	25.28
2.694	9.81	25.28
2.695	9.81	25.28
2.695	9.80	25.28
2.696	9.80	25.28
2.697	9.80	25.28
2.698	9.81	25.28
2.701	9.81	25.28
2.702	9.81	25.28
2.702	9.81	25.28
2.704	9.82	25.28
2.706	9.81	25.28
2.709	9.79	25.28
2.712	9.78	25.28
2.714	9.77	25.28
2.716	9.78	25.28
2.716	9.77	25.28
2.718	9.76	25.28
2.718	9.75	25.28
2.719	9.75	25.28
2.719	9.74	25.28
2.722	9.73	25.28
2.724	9.70	25.28
2.725	9.70	25.28
2.726	9.70	25.28
2.728	9.70	25.28
2.729	9.69	25.28
2.732	9.68	25.28
2.733	9.68	25.28
2.736	9.68	25.28
2.739	9.65	25.28
2.741	9.64	25.28
2.743	9.63	25.28
2.744	9.63	25.28
2.745	9.62	25.28
2.747	9.62	25.28
2.749	9.62	25.28
2.751	9.62	25.28
2.752	9.62	25.28
2.754	9.61	25.28
2.755	9.60	25.28
2.756	9.59	25.28
2.756	9.59	25.28
2.757	9.60	25.28
2.758	9.60	25.28
2.759	9.60	25.28
2.759	9.59	25.28
2.760	9.58	25.28
2.761	9.57	25.28
2.762	9.57	25.28
2.764	9.57	25.28
2.765	9.57	25.28
2.767	9.58	25.28
2.768	9.58	25.28
2.769	9.57	25.28
2.770	9.57	25.28
2.771	9.56	25.28
2.772	9.56	25.28
2.773	9.56	25.28
2.773	9.56	25.28
2.775	9.56	25.28
2.775	9.56	25.28
2.776	9.55	25.28
2.778	9.53	25.28
2.779	9.53	25.28
2.779	9.53	25.28
2.780	9.53	25.28
2.781	9.53	25.28
2.781	9.53	25.28
2.782	9.52	25.28
2.783	9.51	25.28
2.783	9.50	25.28
2.785	9.50	25.28
2.786	9.50	25.28
2.787	9.49	25.28
2.788	9.49	25.28
2.789	9.49	25.28
2.790	9.49	25.28
2.791	9.49	25.28
2.793	9.50	25.28
2.794	9.49	25.28
2.796	9.46	25.28
2.797	9.46	25.28
2.798	9.46	25.28
2.799	9.45	25.28
2.800	9.45	25.28
2.801	9.44	25.28
2.802	9.43	25.28
2.803	9.44	25.28
2.804	9.43	25.28
2.805	9.42	25.28
2.807	9.42	25.28
2.807	9.42	25.28
2.809	9.41	25.28
2.810	9.41	25.28
2.811	9.41	25.28
2.812	9.41	25.28
2.814	9.41	25.28
2.814	9.40	25.28
2.815	9.40	25.28
2.816	9.40	25.28
2.817	9.39	25.28
2.818	9.40	25.28
2.819	9.40	25.28
2.820	9.39	25.28
2.822	9.38	25.28
2.823	9.38	25.28
2.824	9.38	25.28
2.825	9.38	25.28
2.826	9.38	25.28
2.827	9.37	25.28
2.828	9.37	25.28
2.830	9.37	25.28
2.831	9.37	25.28
2.832	9.36	25.28
2.833	9.34	25.28
2.834	9.33	25.28
2.835	9.34	25.28
2.836	9.33	25.28
2.839	9.31	25.28
2.841	9.32	25.28
2.843	9.32	25.28
2.844	9.30	25.28
2.846	9.30	25.28
2.848	9.29	25.28
2.849	9.28	25.28
2.852	9.27	25.28
2.855	9.28	25.28
2.856	9.27	25.28
2.857	9.26	25.28
2.858	9.26	25.28
2.859	9.26	25.28
2.860	9.24	25.28
2.861	9.24	25.28
2.862	9.23	25.28
2.864	9.22	25.28
2.865	9.21	25.28
2.867	9.21	25.28
2.868	9.21	25.28
2.869	9.21	25.28
2.870	9.21	25.28
2.872	9.21	25.28
2.873	9.20	25.28
2.873	9.20	25.28
2.874	9.20	25.28
2.875	9.19	25.28
2.876	9.18	25.28
2.877	9.17	25.28
2.878	9.17	25.28
2.879	9.17	25.28
2.880	9.17	25.28
2.881	9.17	25.28
2.881	9.17	25.28
2.883	9.17	25.28
2.884	9.17	25.28
2.885	9.16	25.28
2.885	9.15	25.28
2.885	9.14	25.28
2.885	9.14	25.28
2.885	9.14	25.28
2.885	9.14	25.28
2.885	9.14	25.28
2.884	9.14	25.28
2.884	9.13	25.28
2.884	9.13	25.28
2.884	9.13	25.28
2.884	9.13	25.28
2.884	9.15	25.28
2.885	9.16	25.28
2.887	9.16	25.28
2.891	9.17	25.28
2.895	9.17	25.28
2.898	9.16	25.28
2.902	9.13	25.28
2.905	9.09	25.28
2.908	9.08	25.28
2.911	9.06	25.28
2.912	9.06	25.28
2.914	9.06	25.28
2.916	9.06	25.28
2.918	9.07	25.28
2.919	9.07	25.28
2.920	9.05	25.28
2.922	9.04	25.28
2.924	9.02	25.28
2.926	9.02	25.28
2.928	9.02	25.28
2.931	9.00	25.28
2.933	8.99	25.28
2.934	8.98	25.28
2.936	8.98	25.28
2.938	8.98	25.28
2.939	8.98	25.28
2.940	8.98	25.28
2.941	8.98	25.28
2.943	8.97	25.28
2.944	8.96	25.28
2.946	8.95	25.28
2.947	8.95	25.28
2.948	8.94	25.28
2.949	8.93	25.28
2.951	8.93	25.28
2.952	8.93	25.28
2.953	8.92	25.28
2.953	8.91	25.28
2.955	8.93	25.28
2.957	8.91	25.28
2.960	8.89	25.28
2.962	8.89	25.28
2.965	8.89	25.28
2.968	8.88	25.28
2.971	8.87	25.28
2.973	8.86	25.28
2.975	8.85	25.28
2.977	8.84	25.28
2.979	8.84	25.28
2.980	8.83	25.28
2.981	8.82	25.28
2.983	8.83	25.28
2.986	8.82	25.28
2.988	8.81	25.28
2.989	8.81	25.28
2.990	8.80	25.28
2.990	8.80	25.28
2.990	8.81	25.28
2.991	8.81	25.28
2.992	8.81	25.28
2.993	8.81	25.28
2.994	8.81	25.28
2.995	8.81	25.28
2.996	8.80	25.28
2.996	8.80	25.28
2.997	8.79	25.28
2.998	8.79	25.28
3.000	8.78	25.28
3.002	8.76	25.28
3.004	8.76	25.28
3.005	8.76	25.28
3.007	8.76	25.28
3.008	8.76	25.28
3.010	8.76	25.28
3.012	8.75	25.28
3.014	8.73	25.28
3.015	8.72	25.28
3.017	8.71	25.28
3.018	8.71	25.28
3.020	8.69	25.28
3.021	8.69	25.28
3.023	8.69	25.28
3.025	8.68	25.28
3.027	8.68	25.28
3.028	8.68	25.28
3.031	8.68	25.28
3.032	8.66	25.28
3.034	8.66	25.28
3.036	8.67	25.28
3.036	8.66	25.28
3.039	8.68	25.28
3.041	8.66	25.28
3.043	8.65	25.28
3.046	8.64	25.28
3.049	8.64	25.28
3.052	8.62	25.28
3.055	8.61	25.28
3.057	8.62	25.28
3.060	8.62	25.28
3.062	8.60	25.28
3.064	8.59	25.28
3.066	8.60	25.28
3.067	8.60	25.28
3.069	8.60	25.28
3.070	8.60	25.28
3.072	8.61	25.28
3.073	8.61	25.28
3.074	8.60	25.28
3.076	8.60	25.28
3.077	8.60	25.28
3.078	8.61	25.28
3.079	8.62	25.28
3.081	8.62	25.28
3.082	8.61	25.28
3.084	8.60	25.28
3.085	8.60	25.28
3.087	8.60	25.28
3.088	8.60	25.28
3.091	8.57	25.28
3.093	8.57	25.28
3.095	8.55	25.28
3.096	8.53	25.28
3.098	8.51	25.28
3.100	8.47	25.28
3.102	8.47	25.28
3.104	8.47	25.28
3.106	8.47	25.28
3.107	8.47	25.28
3.107	8.47	25.28
3.108	8.46	25.28
3.109	8.47	25.28
3.111	8.46	25.28
3.112	8.45	25.28
3.114	8.44	25.28
3.114	8.43	25.28
3.115	8.45	25.28
3.117	8.46	25.28
3.120	8.43	25.28
3.122	8.43	25.28
3.124	8.42	25.28
3.125	8.41	25.28
3.126	8.41	25.28
3.128	8.42	25.28
3.130	8.40	25.28
3.134	8.41	25.28
3.137	8.41	25.28
3.140	8.39	25.28
3.141	8.39	25.28
3.143	8.38	25.28
3.144	8.38	25.28
3.146	8.38	25.28
3.146	8.37	25.28
3.147	8.36	25.28
3.149	8.35	25.28
3.151	8.34	25.28
3.152	8.34	25.28
3.152	8.34	25.28
3.153	8.33	25.28
3.153	8.33	25.28
3.155	8.34	25.28
3.156	8.35	25.28
3.157	8.33	25.28
3.159	8.33	25.28
3.160	8.32	25.28
3.161	8.30	25.28
3.163	8.30	25.28
3.165	8.29	25.28
3.167	8.28	25.28
3.169	8.28	25.28
3.172	8.27	25.28
3.174	8.27	25.28
3.179	8.28	25.28
3.182	8.27	25.28
3.184	8.27	25.28
3.186	8.25	25.28
3.186	8.25	25.28
3.188	8.26	25.28
3.190	8.23	25.28
3.191	8.22	25.28
3.193	8.22	25.28
3.195	8.21	25.28
3.197	8.22	25.28
3.198	8.21	25.28
3.200	8.21	25.28
3.202	8.21	25.28
3.205	8.19	25.28
3.209	8.18	25.28
3.212	8.17	25.28
3.214	8.15	25.28
3.217	8.14	25.28
3.219	8.13	25.28
3.221	8.13	25.28
3.223	8.13	25.28
3.225	8.12	25.28
3.227	8.12	25.28
3.229	8.13	25.28
3.230	8.13	25.28
3.231	8.11	25.28
3.234	8.11	25.28
3.236	8.11	25.28
3.238	8.11	25.28
3.239	8.11	25.28
3.242	8.11	25.28
3.244	8.09	25.28
3.245	8.07	25.28
3.247	8.06	25.28
3.248	8.04	25.28
3.250	8.04	25.28
3.253	8.03	25.28
3.255	8.02	25.28
3.258	8.03	25.28
3.260	8.02	25.28
3.263	8.02	25.28
3.264	8.01	25.28
3.264	8.01	25.28
3.264	8.01	25.28
3.265	8.00	25.28
3.266	8.00	25.28
3.266	8.00	25.28
3.266	7.99	25.28
3.266	7.99	25.28
3.266	7.99	25.28
3.266	7.99	25.28
3.266	8.00	25.28
3.267	8.00	25.28
3.269	8.00	25.28
3.271	8.00	25.28
3.273	7.99	25.28
3.276	8.00	25.28
3.280	8.00	25.28
3.283	7.99	25.28
3.285	7.98	25.28
3.287	7.95	25.28
3.288	7.94	25.28
3.290	7.95	25.28
3.292	7.95	25.28
3.295	7.95	25.28
3.296	7.95	25.28
3.297	7.94	25.28
3.298	7.94	25.28
3.300	7.94	25.28
3.301	7.94	25.28
3.303	7.93	25.28
3.303	7.92	25.28
3.305	7.91	25.28
3.307	7.90	25.28
3.309	7.91	25.28
3.311	7.92	25.28
3.314	7.90	25.28
3.317	7.90	25.28
3.319	7.89	25.28
3.321	7.88	25.28
3.322	7.87	25.28
3.324	7.87	25.28
3.325	7.86	25.28
3.326	7.86	25.28
3.327	7.85	25.28
3.328	7.86	25.28
3.329	7.85	25.28
3.330	7.85	25.28
3.331	7.85	25.28
3.333	7.84	25.28
3.336	7.84	25.28
3.341	7.83	25.28
3.344	7.82	25.28
3.346	7.82	25.28
3.348	7.81	25.28
3.350	7.80	25.28
3.352	7.79	25.28
3.354	7.79	25.28
3.356	7.79	25.28
3.358	7.78	25.28
3.360	7.77	25.28
3.362	7.77	25.28
3.364	7.76	25.28
3.365	7.74	25.28
3.366	7.74	25.28
3.370	7.74	25.28
3.374	7.72	25.28
3.377	7.71	25.28
3.380	7.72	25.28
3.383	7.72	25.28
3.385	7.72	25.28
3.387	7.73	25.28
3.390	7.71	25.28
3.394	7.69	25.28
3.397	7.68	25.28
3.400	7.68	25.28
3.403	7.70	25.28
3.406	7.67	25.28
3.409	7.65	25.28
3.411	7.64	25.28
3.414	7.63	25.28
3.416	7.64	25.28
3.419	7.63	25.28
3.420	7.63	25.28
3.421	7.62	25.28
3.422	7.62	25.28
3.423	7.62	25.28
3.425	7.61	25.28
3.426	7.60	25.28
3.428	7.60	25.28
3.430	7.59	25.28
3.431	7.59	25.28
3.432	7.59	25.28
3.433	7.58	25.28
3.435	7.58	25.28
3.436	7.59	25.28
3.438	7.59	25.27
3.440	7.57	25.27
3.442	7.56	25.27
3.445	7.57	25.27
3.447	7.56	25.27
3.451	7.55	25.27
3.455	7.55	25.27
3.459	7.55	25.27
3.464	7.55	25.27
3.467	7.55	25.27
3.470	7.53	25.27
3.472	7.50	25.27
3.475	7.48	25.27
3.477	7.48	25.27
3.479	7.48	25.27
3.481	7.47	25.27
3.484	7.48	25.27
3.487	7.48	25.27
3.490	7.47	25.27
3.494	7.47	25.27
3.497	7.47	25.27
3.498	7.46	25.27
3.500	7.46	25.27
3.501	7.44	25.27
3.503	7.43	25.27
3.505	7.43	25.27
3.507	7.41	25.27
3.510	7.40	25.27
3.512	7.40	25.27
3.513	7.40	25.27
3.515	7.41	25.27
3.516	7.41	25.27
3.517	7.41	25.27
3.519	7.41	25.27
3.520	7.41	25.27
3.521	7.41	25.27
3.522	7.43	25.27
3.523	7.42	25.27
3.524	7.40	25.27
3.525	7.39	25.27
3.525	7.37	25.27
3.527	7.37	25.27
3.528	7.37	25.27
3.529	7.38	25.27
3.530	7.37	25.27
3.530	7.36	25.27
3.531	7.36	25.27
3.532	7.36	25.27
3.533	7.36	25.27
3.535	7.35	25.27
3.536	7.35	25.27
3.539	7.34	25.27
3.542	7.34	25.27
3.543	7.33	25.27
3.543	7.34	25.27
3.544	7.33	25.27
3.546	7.35	25.27
3.549	7.34	25.27
3.551	7.33	25.27
3.554	7.32	25.27
3.555	7.31	25.27
3.555	7.30	25.27
3.556	7.31	25.27
3.557	7.31	25.27
3.559	7.31	25.27
3.561	7.29	25.27
3.562	7.28	25.27
3.564	7.27	25.27
3.566	7.25	25.27
3.569	7.25	25.27
3.572	7.25	25.27
3.575	7.25	25.27
3.579	7.25	25.27
3.582	7.25	25.27
3.583	7.24	25.27
3.586	7.23	25.27
3.590	7.21	25.27
3.593	7.21	25.27
3.595	7.20	25.27
3.597	7.19	25.27
3.598	7.19	25.27
3.600	7.18	25.27
3.602	7.19	25.27
3.604	7.20	25.27
3.606	7.19	25.27
3.609	7.17	25.27
3.612	7.15	25.27
3.614	7.17	25.27
3.616	7.16	25.27
3.618	7.15	25.27
3.619	7.14	25.27
3.621	7.13	25.27
3.622	7.13	25.27
3.624	7.14	25.27
3.626	7.14	25.27
3.630	7.13	25.27
3.632	7.12	25.27
3.635	7.13	25.27
3.637	7.13	25.27
3.639	7.13	25.27
3.640	7.13	25.27
3.641	7.12	25.27
3.642	7.11	25.27
3.643	7.12	25.27
3.645	7.12	25.27
3.646	7.13	25.27
3.648	7.13	25.27
3.650	7.13	25.27
3.652	7.12	25.27
3.655	7.12	25.27
3.657	7.10	25.27
3.660	7.10	25.27
3.663	7.09	25.27
3.667	7.07	25.27
3.671	7.04	25.27
3.675	7.03	25.27
3.679	7.02	25.27
3.681	7.02	25.27
3.684	7.02	25.27
3.688	7.03	25.27
3.691	7.03	25.27
3.695	7.03	25.27
3.698	7.02	25.27
3.700	6.99	25.27
3.701	6.99	25.27
3.702	6.99	25.27
3.705	6.98	25.27
3.707	6.98	25.27
3.710	6.97	25.27
3.711	6.96	25.27
3.712	6.96	25.27
3.713	6.95	25.27
3.712	6.95	25.27
3.712	6.95	25.27
3.712	6.95	25.27
3.712	6.95	25.27
3.712	6.95	25.27
3.712	6.95	25.27
3.712	6.94	25.27
3.712	6.94	25.27
3.713	6.94	25.27
3.714	6.93	25.27
3.716	6.93	25.27
3.718	6.93	25.27
3.720	6.92	25.27
3.724	6.92	25.27
3.730	6.95	25.27
3.735	6.94	25.27
3.737	6.93	25.27
3.740	6.92	25.27
3.742	6.92	25.27
3.746	6.94	25.27
3.749	6.96	25.27
3.753	6.95	25.27
3.755	6.92	25.27
3.756	6.92	25.27
3.758	6.91	25.27
3.759	6.89	25.27
3.761	6.86	25.27
3.765	6.85	25.27
3.767	6.85	25.27
3.769	6.84	25.27
3.771	6.84	25.27
3.773	6.84	25.27
3.775	6.82	25.27
3.777	6.82	25.27
3.778	6.82	25.27
3.780	6.82	25.27
3.784	6.82	25.27
3.790	6.79	25.27
3.793	6.79	25.27
3.797	6.78	25.27
3.799	6.78	25.27
3.801	6.78	25.27
3.803	6.77	25.27
3.806	6.78	25.27
3.809	6.79	25.27
3.814	6.79	25.27
3.818	6.78	25.27
3.822	6.76	25.27
3.826	6.75	25.27
3.829	6.75	25.27
3.831	6.74	25.27
3.833	6.73	25.27
3.836	6.74	25.27
3.839	6.74	25.27
3.842	6.73	25.27
3.842	6.73	25.27
3.844	6.73	25.27
3.846	6.72	25.27
3.850	6.71	25.27
3.856	6.69	25.27
3.862	6.69	25.27
3.866	6.67	25.27
3.871	6.66	25.27
3.874	6.64	25.27
3.877	6.64	25.27
3.880	6.63	25.27
3.881	6.63	25.27
3.883	6.62	25.27
3.885	6.62	25.27
3.887	6.62	25.27
3.890	6.61	25.27
3.892	6.61	25.27
3.895	6.60	25.27
3.899	6.60	25.27
3.903	6.59	25.27
3.907	6.59	25.27
3.912	6.58	25.27
3.917	6.58	25.27
3.923	6.58	25.27
3.929	6.56	25.27
3.933	6.56	25.27
3.937	6.55	25.27
3.941	6.55	25.27
3.944	6.55	25.27
3.948	6.55	25.27
3.951	6.54	25.27
3.955	6.55	25.27
3.958	6.55	25.27
3.960	6.55	25.27
3.961	6.54	25.27
3.963	6.53	25.27
3.965	6.52	25.27
3.968	6.52	25.27
3.970	6.52	25.27
3.972	6.52	25.27
3.973	6.51	25.27
3.975	6.50	25.27
3.977	6.49	25.27
3.980	6.49	25.27
3.982	6.49	25.27
3.983	6.49	25.27
3.984	6.50	25.27
3.986	6.49	25.27
3.988	6.48	25.27
3.990	6.48	25.27
3.991	6.47	25.27
3.992	6.47	25.27
3.994	6.47	25.27
3.996	6.47	25.27
3.998	6.46	25.27
4.001	6.45	25.27
4.003	6.46	25.27
4.006	6.45	25.27
4.013	6.43	25.27
4.018	6.42	25.27
4.021	6.42	25.27
4.025	6.42	25.27
4.029	6.41	25.27
4.035	6.38	25.27
4.040	6.39	25.27
4.043	6.37	25.27
4.043	6.36	25.27
4.043	6.36	25.27
4.043	6.36	25.27
4.043	6.37	25.27
4.043	6.36	25.27
4.043	6.36	25.27
4.043	6.35	25.27
4.043	6.35	25.27
4.043	6.35	25.27
4.043	6.35	25.27
4.043	6.35	25.27
4.043	6.36	25.27
4.043	6.36	25.27
4.043	6.37	25.27
4.043	6.37	25.27
4.043	6.37	25.27
4.043	6.37	25.27
4.043	6.38	25.27
4.043	6.30	25.27
4.043	6.27	25.27
4.043	6.28	25.27
4.043	6.28	25.27
4.043	6.28	25.27
4.043	6.28	25.27
4.043	6.28	25.27
4.043	6.28	25.27
4.043	6.28	25.27
4.043	6.28	25.27
4.043	6.27	25.27
4.043	6.27	25.27
4.043	6.28	25.27
4.043	6.27	25.27
4.043	6.28	25.27
4.043	6.28	25.27
4.043	6.28	25.27
4.043	6.27	25.27
4.043	6.28	25.27
4.043	6.27	25.27
4.043	6.28	25.27
4.043	6.27	25.27
4.043	6.27	25.27
4.043	6.27	25.27
4.043	6.28	25.27
4.043	6.28	25.27
4.043	6.27	25.27
4.043	6.27	25.27
4.043	6.27	25.27
4.043	6.28	25.27
4.043	6.28	25.27
4.043	6.28	25.27
4.043	6.28	25.27
4.043	6.28	25.27
4.043	6.28	25.27
4.043	6.28	25.27
4.043	6.28	25.27
4.043	6.28	25.27
4.043	6.28	25.27
4.043	6.28	25.27
4.043	6.28	25.27
4.043	6.28	25.27
4.043	6.28	25.27
4.043	6.28	25.27
4.043	6.28	25.27
4.043	6.28	25.27
4.043	6.27	25.27
4.043	6.27	25.27
4.043	6.27	25.27
4.043	6.27	25.27
4.043	6.28	25.27
4.043	6.28	25.27
4.043	6.28	25.27
4.043	6.28	25.27
4.043	6.27	25.27
4.043	6.27	25.27
4.043	6.27	25.27
4.043	6.28	25.27
4.043	6.28	25.27
4.043	6.27	25.27
4.043	6.29	25.27
4.043	6.29	25.27
4.043	6.28	25.27
4.043	6.28	25.27
4.043	6.28	25.27
4.043	6.28	25.27
4.043	6.28	25.27
4.043	6.28	25.27
4.043	6.28	25.27
4.043	6.28	25.27
4.043	6.27	25.27
4.043	6.28	25.27
4.043	6.28	25.27
4.043	6.28	25.27
4.043	6.28	25.27
4.043	6.28	25.27
4.043	6.27	25.27
4.043	6.28	25.27
4.043	6.28	25.27
4.043	6.28	25.27
4.043	6.28	25.27
4.043	6.28	25.27
4.043	6.28	25.27
4.043	6.28	25.27
4.043	6.28	25.27
4.043	6.27	25.27
4.043	6.28	25.27
4.043	6.27	25.27
4.043	6.28	25.27
4.043	6.27	25.27
4.043	6.27	25.27
4.043	6.27	25.27
4.043	6.27	25.27
4.043	6.28	25.27
4.043	6.28	25.27
4.043	6.28	25.27
4.043	6.28	25.27
4.043	6.28	25.27
4.043	6.28	25.27
4.043	6.28	25.27
4.043	6.28	25.27
4.043	6.28	25.27
4.043	6.28	25.27
4.043	6.28	25.27
4.043	6.28	25.27
4.043	6.27	25.27
4.043	6.28	25.27
4.043	6.28	25.27
4.043	6.28	25.27
4.043	6.28	25.27
4.043	6.28	25.27
4.043	6.28	25.27
4.043	6.27	25.27
4.043	6.28	25.27
4.043	6.28	25.27
4.043	6.28	25.27
4.043	6.29	25.27
4.043	6.33	25.27
4.043	6.29	25.27
4.043	6.32	25.27
4.043	6.30	25.27
4.043	6.29	25.27
4.043	6.30	25.27
4.043	6.30	25.27
4.043	6.30	25.27
4.043	6.29	25.27
4.043	6.29	25.27
4.043	6.30	25.27
4.043	6.29	25.27
4.043	6.29	25.27
4.043	6.29	25.27
4.043	6.29	25.27
4.043	6.29	25.27
4.043	6.29	25.27
4.043	6.29	25.27
4.043	6.29	25.26
4.043	6.28	25.27
4.043	6.29	25.27
4.043	6.28	25.26
4.043	6.28	25.26
4.043	6.28	25.26
4.043	6.29	25.26
4.043	6.30	25.26
4.043	6.28	25.26
4.043	6.28	25.27
4.043	6.28	25.26
4.043	6.28	25.27
4.043	6.28	25.26
4.043	6.28	25.26
4.043	6.28	25.26
4.043	6.28	25.26
4.043	6.28	25.26
4.043	6.28	25.26
4.043	6.29	25.26
4.043	6.28	25.26
4.043	6.28	25.26
4.043	6.28	25.26
4.043	6.28	25.26
4.043	6.28	25.26
4.043	6.28	25.26
4.043	6.28	25.26
4.043	6.28	25.26
4.043	6.28	25.26
4.043	6.28	25.26
4.043	6.28	25.26
4.043	6.28	25.26
4.043	6.28	25.26
4.043	6.28	25.26
4.043	6.28	25.26
4.043	6.28	25.26
4.043	6.28	25.26
4.043	6.28	25.26
4.043	6.28	25.26
4.043	6.29	25.26
4.043	6.28	25.26
4.043	6.28	25.26
4.043	6.28	25.26
4.043	6.29	25.26
4.043	6.28	25.26
4.043	6.28	25.26
4.043	6.28	25.26
4.043	6.29	25.26
4.043	6.28	25.26
4.043	6.28	25.26
4.043	6.29	25.26
4.043	6.28	25.26
4.043	6.29	25.26
4.043	6.28	25.26
4.043	6.28	25.26
4.043	6.28	25.26
4.043	6.28	25.26
4.043	6.28	25.26
4.043	6.28	25.26
4.043	6.28	25.26
4.043	6.29	25.26
4.043	6.28	25.26
4.043	6.28	25.26
4.043	6.28	25.26
4.043	6.29	25.26
4.043	6.29	25.26
4.043	6.28	25.26
4.043	6.28	25.26
4.043	6.28	25.26
4.043	6.28	25.26
4.043	6.28	25.26
4.043	6.28	25.26
4.043	6.28	25.26
4.043	6.29	25.26
4.043	6.29	25.26
4.043	6.30	25.26
4.043	6.31	25.26
4.043	6.29	25.26
4.043	6.30	25.26
4.043	6.37	25.26
4.043	6.31	25.26
4.043	6.30	25.26
4.043	6.28	25.26
4.043	6.28	25.26
4.043	6.28	25.26
4.043	6.28	25.26
4.043	6.28	25.26
4.043	6.27	25.26
4.043	6.28	25.26
4.043	6.28	25.26
4.043	6.27	25.26
4.043	6.27	25.26
4.043	6.28	25.26
4.043	6.28	25.26
4.043	6.27	25.26
4.043	6.28	25.26
4.043	6.28	25.26
4.043	6.27	25.26
4.043	6.28	25.26
4.043	6.28	25.26
4.043	6.28	25.26
4.043	6.28	25.26
4.043	6.28	25.26
4.043	6.29	25.26
4.043	6.29	25.26
4.043	6.28	25.26
4.043	6.28	25.26
4.043	6.28	25.26
4.043	6.28	25.26
4.043	6.28	25.26
4.043	6.28	25.26
4.043	6.27	25.26
4.043	6.28	25.26
4.043	6.28	25.26
4.043	6.27	25.26
4.043	6.28	25.26
4.043	6.28	25.26
4.043	6.28	25.26
4.043	6.28	25.26
4.043	6.28	25.26
4.043	6.28	25.26
4.043	6.28	25.26
4.043	6.28	25.26
4.043	6.28	25.26
4.043	6.28	25.26
4.043	6.28	25.26
4.043	6.28	25.26
4.043	6.28	25.26
4.043	6.28	25.26
4.043	6.28	25.26
4.043	6.28	25.26
4.043	6.28	25.26
4.043	6.28	25.26
4.043	6.28	25.26
4.043	6.28	25.26
4.043	6.28	25.26
4.043	6.28	25.26
4.043	6.28	25.26
4.043	6.28	25.26
4.043	6.28	25.26
4.043	6.28	25.26
4.043	6.28	25.26
4.043	6.27	25.26
4.043	6.28	25.26
4.043	6.28	25.26
4.043	6.28	25.26
4.043	6.28	25.26
4.043	6.28	25.26
4.043	6.28	25.26
4.043	6.28	25.26
4.043	6.28	25.26
4.043	6.28	25.26
4.043	6.28	25.26
4.043	6.28	25.26
4.043	6.28	25.26
4.043	6.28	25.26
4.043	6.28	25.26
4.043	6.28	25.26
4.043	6.28	25.26
4.043	6.28	25.26
4.043	6.28	25.26
4.043	6.28	25.26
4.043	6.28	25.26
4.043	6.28	25.26
4.043	6.28	25.26
4.043	6.28	25.26
4.043	6.28	25.26
4.043	6.28	25.26
4.043	6.28	25.26
4.043	6.28	25.26
4.043	6.27	25.26
4.043	6.27	25.26