0.853971   23.73  35.01
0.853971   23.73  35.01
0.853971   23.73  35.01
0.853971   23.73  35.02
0.853971   23.73  35.02
0.853971   23.73  35.02
0.853971   23.73  35.03
0.853971   23.73  35.03
0.853971   23.73  35.03
0.853971   23.73  35.03
0.853971   23.73  35.04
0.853971   23.73  35.04
0.853971   23.73  35.04
0.853971   23.73  35.04
0.853971   23.73  35.05
0.853971   23.73  35.05
0.853971   23.73  35.05
0.853242   23.73  35.05
0.853242   23.73  35.05
0.853242   23.73  35.05
0.853242   23.73  35.06
0.853242   23.73  35.06
0.853242   23.73  35.06
0.853242   23.73  35.06
0.853242   23.73  35.07
0.853242   23.73  35.07
0.853242   23.73  35.07
0.852515   23.73  35.07
0.852515   23.73  35.08
0.852515   23.73  35.08
0.852515   23.73  35.08
0.852515   23.73  35.08
0.852515   23.73  35.08
0.851789   23.73  35.09
0.851789   23.73  35.09
0.851789   23.73  35.09
0.851064   23.73  35.09
0.851064   23.73  35.09
0.851064   23.73  35.1
0.85034   23.73  35.1
0.85034   23.73  35.1
0.85034   23.73  35.1
0.85034   23.73  35.1
0.85034   23.73  35.1
0.849618   23.73  35.11
0.849618   23.73  35.11
0.849618   23.73  35.11
0.849618   23.73  35.11
0.848896   23.73  35.11
0.848896   23.73  35.11
0.848176   23.73  35.12
0.848176   23.73  35.12
0.848176   23.73  35.12
0.847458   23.73  35.12
0.847458   23.73  35.12
0.847458   23.73  35.12
0.847458   23.73  35.13
0.847458   23.73  35.13
0.847458   23.73  35.13
0.84674   23.73  35.13
0.84674   23.73  35.14
0.846024   23.73  35.14
0.846024   23.73  35.14
0.846024   23.73  35.14
0.845309   23.73  35.14
0.845309   23.73  35.15
0.845309   23.73  35.15
0.845309   23.73  35.15
0.845309   23.73  35.15
0.845309   23.73  35.15
0.845309   23.73  35.15
0.845309   23.73  35.16
0.845309   23.73  35.16
0.845309   23.73  35.16
0.844595   23.73  35.16
0.844595   23.73  35.16
0.844595   23.73  35.16
0.844595   23.73  35.17
0.844595   23.73  35.17
0.843882   23.73  35.17
0.843882   23.73  35.17
0.843882   23.73  35.17
0.843882   23.73  35.17
0.843882   23.73  35.18
0.84317   23.73  35.18
0.84317   23.73  35.18
0.84317   23.73  35.18
0.84317   23.73  35.18
0.84246   23.73  35.18
0.84246   23.73  35.18
0.84246   23.73  35.19
0.84246   23.73  35.19
0.841751   23.73  35.19
0.841751   23.73  35.19
0.841751   23.73  35.19
0.841043   23.73  35.19
0.841043   23.73  35.19
0.841043   23.73  35.19
0.841043   23.73  35.19
0.841043   23.73  35.2
0.841043   23.73  35.2
0.840336   23.73  35.2
0.840336   23.73  35.2
0.840336   23.73  35.2
0.840336   23.73  35.2
0.840336   23.73  35.2
0.840336   23.73  35.2
0.840336   23.73  35.2
0.840336   23.73  35.21
0.839631   23.73  35.21
0.839631   23.73  35.21
0.839631   23.73  35.21
0.839631   23.73  35.21
0.838926   23.73  35.21
0.838926   23.73  35.21
0.838926   23.73  35.21
0.838926   23.73  35.21
0.838926   23.73  35.21
0.838223   23.73  35.22
0.838223   23.69  35.22
0.838223   23.69  35.22
0.838223   23.7  35.22
0.837521   23.68  35.22
0.837521   23.68  35.22
0.837521   23.66  35.22
0.837521   23.66  35.22
0.837521   23.65  35.22
0.83682   23.64  35.22
0.83682   23.64  35.22
0.83682   23.64  35.23
0.83612   23.64  35.23
0.83612   23.64  35.23
0.83612   23.64  35.23
0.83612   23.64  35.23
0.83612   23.64  35.23
0.83612   23.64  35.23
0.83612   23.64  35.23
0.835422   23.64  35.23
0.835422   23.64  35.23
0.835422   23.64  35.23
0.835422   23.64  35.23
0.835422   23.64  35.23
0.835422   23.64  35.24
0.834725   23.64  35.24
0.834725   23.64  35.24
0.834725   23.64  35.24
0.834028   23.64  35.24
0.834028   23.64  35.24
0.834028   23.64  35.24
0.834028   23.64  35.24
0.834028   23.64  35.24
0.834028   23.64  35.24
0.834028   23.64  35.24
0.833333   23.64  35.24
0.833333   23.64  35.24
0.833333   23.64  35.24
0.833333   23.64  35.24
0.833333   23.64  35.25
0.833333   23.64  35.25
0.833333   23.64  35.25
0.832639   23.63  35.25
0.832639   23.64  35.25
0.832639   23.64  35.25
0.832639   23.64  35.25
0.832639   23.64  35.25
0.832639   23.63  35.25
0.832639   23.63  35.25
0.831947   23.58  35.25
0.831947   23.57  35.25
0.831947   23.56  35.25
0.831947   23.54  35.25
0.831947   23.54  35.25
0.831947   23.54  35.25
0.831947   23.54  35.25
0.831255   23.54  35.26
0.831255   23.54  35.26
0.831255   23.54  35.26
0.831255   23.54  35.26
0.831255   23.54  35.26
0.831255   23.54  35.26
0.831255   23.54  35.26
0.830565   23.54  35.26
0.830565   23.54  35.26
0.830565   23.54  35.26
0.830565   23.54  35.26
0.830565   23.54  35.26
0.829876   23.54  35.26
0.829876   23.54  35.26
0.829876   23.54  35.26
0.829876   23.54  35.26
0.829876   23.54  35.26
0.829187   23.54  35.26
0.829187   23.54  35.26
0.829187   23.54  35.26
0.829187   23.54  35.26
0.829187   23.54  35.26
0.8285   23.54  35.26
0.8285   23.54  35.26
0.8285   23.54  35.26
0.8285   23.54  35.26
0.8285   23.54  35.26
0.8285   23.46  35.26
0.827815   23.45  35.27
0.827815   23.44  35.27
0.827815   23.48  35.27
0.827815   23.45  35.27
0.827815   23.48  35.27
0.827815   23.49  35.27
0.827815   23.47  35.27
0.82713   23.5  35.27
0.82713   23.45  35.27
0.82713   23.44  35.27
0.82713   23.47  35.27
0.82713   23.46  35.27
0.82713   23.44  35.27
0.826446   23.44  35.27
0.826446   23.4  35.27
0.826446   23.35  35.27
0.826446   23.35  35.27
0.825764   23.35  35.27
0.825764   23.29  35.27
0.825764   23.33  35.27
0.825764   23.35  35.27
0.825764   23.35  35.27
0.825083   23.35  35.27
0.825083   23.35  35.27
0.825083   23.35  35.27
0.825083   23.35  35.27
0.825083   23.35  35.27
0.824402   23.35  35.27
0.824402   23.36  35.27
0.824402   23.41  35.27
0.824402   23.38  35.27
0.823723   23.36  35.27
0.823723   23.35  35.27
0.823723   23.35  35.27
0.823723   23.35  35.27
0.823723   23.35  35.27
0.823723   23.35  35.27
0.823723   23.35  35.27
0.823045   23.35  35.27
0.823045   23.35  35.27
0.823045   23.34  35.27
0.823045   23.34  35.27
0.823045   23.32  35.27
0.823045   23.34  35.27
0.823045   23.35  35.27
0.823045   23.29  35.27
0.822368   23.26  35.27
0.822368   23.26  35.27
0.822368   23.26  35.27
0.822368   23.26  35.27
0.821693   23.26  35.28
0.821693   23.26  35.28
0.821693   23.26  35.27
0.821693   23.26  35.28
0.821018   23.24  35.28
0.821018   23.22  35.28
0.821018   23.24  35.28
0.821018   23.22  35.28
0.821018   23.2  35.28
0.821018   23.2  35.28
0.821018   23.2  35.28
0.821018   23.2  35.28
0.821018   23.2  35.28
0.821018   23.2  35.28
0.820345   23.21  35.28
0.820345   23.2  35.28
0.820345   23.21  35.28
0.819672   23.2  35.28
0.819672   23.2  35.28
0.819672   23.2  35.28
0.819672   23.2  35.28
0.819672   23.2  35.28
0.819672   23.2  35.28
0.819672   23.2  35.28
0.819672   23.2  35.28
0.819001   23.2  35.28
0.819001   23.2  35.28
0.819001   23.2  35.28
0.819001   23.2  35.28
0.819001   23.17  35.28
0.818331   23.15  35.28
0.818331   23.15  35.28
0.818331   23.14  35.28
0.818331   23.14  35.28
0.818331   23.14  35.28
0.817661   23.14  35.28
0.817661   23.14  35.28
0.817661   23.14  35.28
0.817661   23.14  35.28
0.817661   23.14  35.28
0.817661   23.14  35.28
0.817661   23.14  35.28
0.816993   23.14  35.28
0.816993   23.14  35.28
0.816993   23.14  35.28
0.816993   23.14  35.28
0.816993   23.13  35.28
0.816327   23.1  35.28
0.816327   23.09  35.28
0.816327   23.09  35.28
0.816327   23.09  35.28
0.815661   23.09  35.28
0.815661   23.09  35.28
0.815661   23.09  35.28
0.815661   23.09  35.28
0.815661   23.09  35.28
0.815661   23.09  35.28
0.814996   23.09  35.28
0.814996   23.09  35.28
0.814996   23.08  35.28
0.814996   23.07  35.28
0.814332   23.05  35.28
0.814332   23.04  35.28
0.814332   23.03  35.28
0.814332   23.03  35.28
0.814332   23.03  35.28
0.814332   23.03  35.28
0.814332   23.03  35.28
0.814332   23.03  35.28
0.81367   23.03  35.28
0.81367   23.03  35.28
0.81367   23.03  35.28
0.81367   23.03  35.28
0.813008   23.03  35.28
0.813008   23.03  35.28
0.813008   23.03  35.28
0.813008   22.99  35.28
0.813008   22.98  35.28
0.812348   22.99  35.28
0.812348   22.98  35.28
0.812348   22.97  35.28
0.812348   22.97  35.28
0.812348   22.97  35.28
0.812348   22.97  35.28
0.812348   22.97  35.28
0.811688   22.97  35.28
0.811688   22.97  35.28
0.811688   22.97  35.28
0.811688   22.96  35.28
0.81103   22.92  35.28
0.81103   22.92  35.28
0.81103   22.91  35.28
0.81103   22.91  35.28
0.810373   22.91  35.28
0.810373   22.91  35.28
0.810373   22.91  35.28
0.810373   22.91  35.28
0.809717   22.91  35.28
0.809717   22.91  35.28
0.809717   22.91  35.28
0.809717   22.91  35.28
0.809061   22.9  35.28
0.809061   22.87  35.28
0.809061   22.86  35.28
0.809061   22.86  35.28
0.809061   22.86  35.28
0.808407   22.86  35.28
0.808407   22.86  35.28
0.808407   22.86  35.28
0.808407   22.86  35.28
0.808407   22.86  35.28
0.807754   22.86  35.28
0.807754   22.86  35.28
0.807754   22.86  35.28
0.807754   22.84  35.28
0.807103   22.82  35.28
0.807103   22.8  35.28
0.807103   22.8  35.28
0.807103   22.8  35.28
0.807103   22.8  35.28
0.807103   22.8  35.28
0.806452   22.8  35.28
0.806452   22.8  35.28
0.806452   22.8  35.28
0.806452   22.8  35.28
0.806452   22.8  35.28
0.805802   22.8  35.28
0.805802   22.79  35.28
0.805802   22.76  35.28
0.805153   22.74  35.28
0.805153   22.74  35.28
0.805153   22.75  35.28
0.805153   22.74  35.28
0.805153   22.74  35.28
0.805153   22.74  35.28
0.804505   22.74  35.28
0.804505   22.74  35.28
0.804505   22.74  35.28
0.803859   22.73  35.28
0.803859   22.74  35.28
0.803859   22.74  35.28
0.803859   22.72  35.28
0.803859   22.72  35.28
0.803213   22.73  35.28
0.803213   22.71  35.27
0.803213   22.71  35.27
0.803213   22.68  35.28
0.802568   22.68  35.27
0.802568   22.68  35.27
0.802568   22.68  35.27
0.802568   22.68  35.27
0.802568   22.68  35.27
0.801925   22.68  35.27
0.801925   22.67  35.27
0.801925   22.66  35.27
0.801925   22.63  35.27
0.801282   22.63  35.27
0.801282   22.62  35.27
0.800641   22.62  35.27
0.800641   22.62  35.27
0.800641   22.62  35.27
0.800641   22.62  35.27
0.800641   22.62  35.27
0.8   22.62  35.27
0.8   22.62  35.27
0.8   22.62  35.27
0.8   22.62  35.27
0.799361   22.59  35.27
0.799361   22.57  35.27
0.799361   22.58  35.27
0.799361   22.61  35.27
0.799361   22.61  35.27
0.799361   22.61  35.27
0.798722   22.6  35.27
0.798722   22.59  35.27
0.798722   22.57  35.27
0.798722   22.56  35.27
0.798722   22.56  35.27
0.798085   22.56  35.27
0.798085   22.56  35.27
0.798085   22.56  35.27
0.798085   22.56  35.27
0.798085   22.56  35.27
0.797448   22.56  35.27
0.797448   22.56  35.27
0.797448   22.56  35.27
0.797448   22.56  35.27
0.796813   22.56  35.27
0.796813   22.53  35.27
0.796813   22.51  35.27
0.796813   22.51  35.27
0.796178   22.51  35.27
0.796178   22.5  35.27
0.796178   22.5  35.27
0.796178   22.5  35.27
0.795545   22.5  35.27
0.795545   22.5  35.27
0.795545   22.48  35.27
0.794913   22.44  35.27
0.794913   22.44  35.27
0.794913   22.44  35.27
0.794281   22.44  35.27
0.794281   22.44  35.27
0.794281   22.44  35.27
0.794281   22.44  35.27
0.793651   22.44  35.27
0.793651   22.4  35.27
0.793021   22.44  35.27
0.793021   22.44  35.27
0.793021   22.44  35.27
0.793021   22.44  35.27
0.793021   22.39  35.27
0.793021   22.38  35.27
0.792393   22.38  35.27
0.792393   22.38  35.27
0.792393   22.38  35.27
0.791766   22.38  35.27
0.791766   22.38  35.27
0.791766   22.38  35.27
0.791139   22.38  35.27
0.791139   22.37  35.27
0.791139   22.37  35.27
0.791139   22.37  35.27
0.790514   22.34  35.27
0.790514   22.33  35.27
0.790514   22.33  35.27
0.790514   22.32  35.27
0.790514   22.32  35.27
0.789889   22.32  35.27
0.789889   22.32  35.27
0.789889   22.32  35.27
0.789889   22.32  35.27
0.789266   22.32  35.27
0.789266   22.29  35.27
0.789266   22.27  35.27
0.788644   22.26  35.27
0.788644   22.26  35.27
0.788644   22.26  35.27
0.788644   22.26  35.27
0.788644   22.26  35.27
0.788644   22.26  35.27
0.788022   22.26  35.27
0.788022   22.26  35.27
0.788022   22.26  35.27
0.788022   22.26  35.27
0.788022   22.26  35.27
0.787402   22.26  35.27
0.787402   22.26  35.27
0.787402   22.26  35.27
0.787402   22.23  35.27
0.786782   22.22  35.27
0.786782   22.21  35.27
0.786782   22.21  35.27
0.786782   22.2  35.27
0.786164   22.19  35.27
0.786164   22.19  35.27
0.786164   22.19  35.27
0.786164   22.19  35.27
0.786164   22.19  35.27
0.785546   22.19  35.27
0.785546   22.19  35.27
0.785546   22.19  35.27
0.785546   22.19  35.27
0.784929   22.19  35.27
0.784929   22.19  35.27
0.784929   22.19  35.27
0.784929   22.19  35.27
0.784929   22.19  35.27
0.784314   22.18  35.26
0.784314   22.15  35.27
0.784314   22.13  35.26
0.783699   22.13  35.26
0.783699   22.13  35.26
0.783699   22.13  35.26
0.783699   22.13  35.26
0.783085   22.13  35.26
0.783085   22.13  35.26
0.783085   22.13  35.26
0.783085   22.13  35.26
0.782473   22.12  35.26
0.782473   22.11  35.26
0.782473   22.07  35.26
0.781861   22.06  35.26
0.781861   22.07  35.26
0.781861   22.07  35.26
0.781861   22.07  35.26
0.78125   22.06  35.26
0.78125   22.06  35.26
0.78125   22.06  35.26
0.78125   22.06  35.26
0.78064   22.05  35.26
0.78064   22.05  35.26
0.780031   22.02  35.26
0.780031   22  35.26
0.780031   22  35.26
0.779423   22  35.26
0.779423   22  35.26
0.779423   22  35.26
0.778816   22  35.26
0.778816   22  35.26
0.778816   22  35.26
0.77821   21.96  35.26
0.77821   21.93  35.26
0.77821   21.93  35.26
0.77821   21.93  35.26
0.77821   21.93  35.26
0.777605   21.93  35.26
0.777605   21.93  35.26
0.777605   21.93  35.26
0.777605   21.93  35.26
0.777001   21.93  35.26
0.777001   21.93  35.26
0.777001   21.93  35.26
0.776398   21.93  35.26
0.776398   21.92  35.26
0.776398   21.88  35.26
0.776398   21.88  35.26
0.776398   21.87  35.26
0.776398   21.87  35.26
0.776398   21.86  35.26
0.775795   21.86  35.26
0.775795   21.86  35.26
0.775194   21.86  35.26
0.775194   21.86  35.26
0.775194   21.86  35.26
0.775194   21.86  35.26
0.775194   21.86  35.26
0.774593   21.86  35.26
0.774593   21.86  35.26
0.773994   21.81  35.26
0.773994   21.81  35.26
0.773994   21.8  35.26
0.773994   21.8  35.26
0.773395   21.8  35.26
0.773395   21.8  35.26
0.773395   21.8  35.26
0.772798   21.8  35.26
0.772798   21.79  35.26
0.772798   21.8  35.26
0.772798   21.8  35.26
0.772201   21.8  35.26
0.772201   21.8  35.26
0.771605   21.79  35.26
0.771605   21.75  35.26
0.771605   21.75  35.26
0.771605   21.74  35.26
0.77101   21.74  35.26
0.77101   21.74  35.26
0.77101   21.73  35.26
0.770416   21.73  35.26
0.770416   21.73  35.26
0.770416   21.73  35.26
0.770416   21.73  35.26
0.769823   21.73  35.26
0.769823   21.73  35.26
0.769823   21.73  35.26
0.769823   21.7  35.26
0.769823   21.68  35.26
0.769231   21.67  35.26
0.769231   21.67  35.26
0.769231   21.67  35.26
0.76864   21.67  35.26
0.76864   21.67  35.26
0.76864   21.67  35.26
0.768049   21.67  35.26
0.768049   21.67  35.26
0.768049   21.67  35.26
0.768049   21.66  35.26
0.76746   21.62  35.26
0.76746   21.6  35.26
0.766871   21.6  35.26
0.766871   21.6  35.26
0.766284   21.6  35.26
0.766284   21.6  35.26
0.765697   21.6  35.26
0.765697   21.6  35.26
0.765697   21.6  35.26
0.765697   21.6  35.26
0.765697   21.6  35.26
0.765111   21.59  35.26
0.765111   21.55  35.26
0.765111   21.54  35.26
0.764526   21.54  35.26
0.763942   21.54  35.26
0.763942   21.54  35.26
0.763359   21.52  35.26
0.763359   21.48  35.26
0.763359   21.47  35.26
0.763359   21.47  35.26
0.762777   21.47  35.26
0.762777   21.47  35.26
0.762777   21.47  35.26
0.762195   21.47  35.26
0.762195   21.47  35.26
0.762195   21.47  35.26
0.762195   21.47  35.26
0.762195   21.42  35.26
0.761615   21.41  35.26
0.761615   21.41  35.26
0.761615   21.41  35.26
0.761615   21.41  35.26
0.761615   21.41  35.26
0.761035   21.41  35.26
0.761035   21.41  35.26
0.760456   21.41  35.26
0.760456   21.41  35.26
0.760456   21.39  35.26
0.760456   21.37  35.26
0.759878   21.41  35.26
0.759878   21.41  35.26
0.759878   21.39  35.26
0.759878   21.36  35.26
0.759301   21.35  35.26
0.759301   21.36  35.26
0.758725   21.35  35.26
0.758725   21.35  35.26
0.75815   21.35  35.26
0.75815   21.35  35.26
0.757576   21.35  35.26
0.757576   21.35  35.26
0.757002   21.35  35.26
0.757002   21.32  35.26
0.757002   21.32  35.26
0.757002   21.29  35.26
0.75643   21.29  35.26
0.75643   21.29  35.26
0.75643   21.29  35.26
0.75643   21.29  35.26
0.75643   21.29  35.26
0.75643   21.29  35.26
0.755858   21.29  35.26
0.755858   21.29  35.26
0.755858   21.29  35.26
0.755858   21.29  35.26
0.755287   21.29  35.26
0.755287   21.29  35.26
0.754717   21.29  35.26
0.754717   21.29  35.26
0.754717   21.27  35.26
0.754717   21.25  35.26
0.754148   21.23  35.26
0.754148   21.23  35.26
0.754148   21.23  35.26
0.754148   21.23  35.26
0.75358   21.23  35.26
0.75358   21.23  35.26
0.753012   21.23  35.26
0.753012   21.22  35.26
0.753012   21.2  35.26
0.752445   21.17  35.26
0.752445   21.17  35.26
0.752445   21.17  35.26
0.75188   21.17  35.26
0.75188   21.17  35.26
0.75188   21.17  35.26
0.75188   21.17  35.26
0.751315   21.17  35.26
0.751315   21.17  35.26
0.751315   21.17  35.26
0.750751   21.17  35.26
0.750751   21.17  35.26
0.750751   21.17  35.26
0.750751   21.17  35.26
0.750188   21.17  35.26
0.749625   21.17  35.26
0.749625   21.17  35.26
0.749625   21.12  35.26
0.749064   21.11  35.26
0.749064   21.11  35.26
0.749064   21.11  35.26
0.748503   21.11  35.26
0.748503   21.08  35.26
0.747943   21.05  35.26
0.747384   21.05  35.26
0.747384   21.05  35.26
0.746826   21.05  35.26
0.746269   21.05  35.26
0.746269   21.02  35.26
0.746269   21  35.26
0.745712   20.99  35.26
0.745156   20.99  35.26
0.745156   20.99  35.26
0.745156   20.99  35.26
0.744602   20.99  35.26
0.744602   20.98  35.26
0.744048   20.95  35.26
0.743494   20.94  35.26
0.743494   20.93  35.26
0.743494   20.93  35.26
0.742942   20.93  35.26
0.742942   20.93  35.26
0.742942   20.93  35.26
0.74239   20.92  35.26
0.74239   20.89  35.26
0.74239   20.87  35.26
0.74184   20.87  35.26
0.74184   20.87  35.26
0.74184   20.87  35.26
0.74129   20.87  35.26
0.74129   20.87  35.26
0.74129   20.87  35.26
0.74129   20.87  35.26
0.74129   20.87  35.26
0.740741   20.87  35.26
0.740741   20.87  35.26
0.740741   20.87  35.26
0.740192   20.87  35.26
0.740192   20.87  35.26
0.740192   20.85  35.26
0.740192   20.83  35.26
0.740192   20.81  35.26
0.739645   20.8  35.26
0.739645   20.8  35.26
0.739645   20.81  35.26
0.739098   20.8  35.26
0.739098   20.8  35.26
0.738552   20.8  35.26
0.738552   20.79  35.26
0.738552   20.76  35.26
0.738007   20.76  35.26
0.738007   20.76  35.26
0.738007   20.76  35.26
0.737463   20.78  35.26
0.737463   20.75  35.26
0.737463   20.74  35.26
0.737463   20.74  35.26
0.73692   20.74  35.26
0.73692   20.74  35.26
0.73692   20.74  35.26
0.736377   20.74  35.26
0.736377   20.73  35.26
0.735835   20.73  35.26
0.735835   20.72  35.26
0.735835   20.7  35.26
0.735835   20.68  35.26
0.735835   20.68  35.26
0.735294   20.68  35.26
0.734754   20.68  35.26
0.734754   20.68  35.26
0.734754   20.68  35.26
0.734214   20.68  35.26
0.734214   20.68  35.26
0.734214   20.68  35.26
0.733676   20.67  35.26
0.733138   20.61  35.26
0.732601   20.61  35.26
0.732064   20.61  35.26
0.732064   20.61  35.26
0.732064   20.61  35.26
0.731529   20.57  35.26
0.730994   20.55  35.26
0.730994   20.55  35.26
0.73046   20.55  35.26
0.73046   20.54  35.26
0.729927   20.55  35.26
0.729927   20.53  35.25
0.729927   20.52  35.26
0.729395   20.51  35.25
0.729395   20.49  35.25
0.729395   20.49  35.25
0.728863   20.49  35.25
0.728863   20.49  35.25
0.728863   20.49  35.25
0.728332   20.49  35.25
0.728332   20.49  35.25
0.728332   20.49  35.25
0.728332   20.49  35.25
0.728332   20.49  35.25
0.727802   20.49  35.25
0.727802   20.47  35.25
0.727802   20.46  35.25
0.727802   20.45  35.25
0.727273   20.42  35.25
0.727273   20.42  35.25
0.727273   20.42  35.25
0.727273   20.42  35.25
0.727273   20.42  35.25
0.726744   20.43  35.25
0.726744   20.43  35.25
0.726744   20.42  35.25
0.726216   20.42  35.25
0.726216   20.42  35.25
0.725689   20.42  35.25
0.725689   20.42  35.25
0.725689   20.41  35.25
0.725163   20.42  35.25
0.725163   20.42  35.25
0.725163   20.37  35.25
0.724638   20.35  35.25
0.724113   20.35  35.25
0.724113   20.35  35.25
0.724113   20.35  35.25
0.723589   20.35  35.25
0.723589   20.35  35.25
0.723066   20.35  35.25
0.723066   20.35  35.25
0.722543   20.35  35.25
0.722543   20.34  35.25
0.722543   20.3  35.25
0.722022   20.28  35.25
0.722022   20.28  35.25
0.722022   20.28  35.25
0.721501   20.28  35.25
0.721501   20.28  35.25
0.721501   20.28  35.25
0.720981   20.28  35.25
0.720981   20.27  35.25
0.720981   20.26  35.25
0.720461   20.27  35.25
0.720461   20.25  35.25
0.720461   20.24  35.25
0.720461   20.23  35.25
0.720461   20.23  35.25
0.720461   20.23  35.25
0.719942   20.22  35.25
0.719942   20.21  35.25
0.719942   20.21  35.25
0.719942   20.21  35.25
0.719942   20.21  35.25
0.719424   20.21  35.25
0.719424   20.21  35.25
0.718907   20.21  35.25
0.718907   20.21  35.25
0.718907   20.21  35.25
0.718907   20.21  35.25
0.718391   20.19  35.25
0.718391   20.16  35.25
0.718391   20.14  35.25
0.717875   20.14  35.25
0.717875   20.14  35.25
0.71736   20.14  35.25
0.71736   20.14  35.25
0.716846   20.14  35.25
0.716846   20.12  35.25
0.716332   20.09  35.25
0.716332   20.11  35.25
0.716332   20.13  35.25
0.71582   20.13  35.25
0.71582   20.12  35.25
0.71582   20.08  35.25
0.715308   20.07  35.25
0.715308   20.07  35.25
0.714796   20.07  35.25
0.714796   20.07  35.25
0.714286   20.07  35.25
0.714286   20.07  35.25
0.714286   20.07  35.25
0.714286   20.07  35.25
0.714286   20.07  35.24
0.714286   20.07  35.24
0.713776   20.07  35.24
0.713776   20.07  35.24
0.713776   20.07  35.24
0.713776   20.02  35.24
0.713267   20  35.24
0.712758   20  35.24
0.712758   20  35.24
0.712758   20  35.24
0.712758   20  35.24
0.712758   20  35.24
0.712251   20  35.24
0.712251   20  35.24
0.712251   20  35.24
0.712251   19.99  35.24
0.712251   19.99  35.24
0.711744   20  35.24
0.711744   19.99  35.24
0.711744   19.98  35.24
0.711238   19.96  35.24
0.711238   19.96  35.24
0.710732   19.96  35.24
0.710732   19.96  35.24
0.710732   19.95  35.24
0.710227   19.95  35.24
0.710227   19.95  35.24
0.710227   19.95  35.24
0.710227   19.95  35.24
0.709723   19.95  35.24
0.709723   19.95  35.24
0.70922   19.95  35.24
0.70922   19.95  35.24
0.70922   19.95  35.24
0.70922   19.94  35.24
0.708717   19.93  35.24
0.708717   19.91  35.24
0.708717   19.9  35.24
0.708215   19.89  35.24
0.708215   19.89  35.24
0.707714   19.89  35.24
0.707214   19.89  35.24
0.707214   19.89  35.24
0.707214   19.89  35.24
0.707214   19.89  35.24
0.706714   19.89  35.24
0.706714   19.87  35.24
0.706714   19.89  35.24
0.706215   19.89  35.24
0.706215   19.89  35.24
0.706215   19.88  35.24
0.706215   19.87  35.24
0.706215   19.86  35.24
0.705716   19.85  35.24
0.705716   19.84  35.24
0.705716   19.84  35.24
0.705219   19.84  35.24
0.705219   19.84  35.24
0.705219   19.84  35.24
0.704722   19.84  35.24
0.704722   19.84  35.24
0.704722   19.84  35.24
0.704722   19.84  35.24
0.704722   19.84  35.24
0.704225   19.83  35.24
0.704225   19.81  35.24
0.704225   19.79  35.24
0.704225   19.79  35.24
0.704225   19.79  35.24
0.70373   19.79  35.24
0.70373   19.79  35.24
0.703235   19.79  35.24
0.703235   19.79  35.24
0.703235   19.79  35.24
0.703235   19.79  35.24
0.703235   19.79  35.24
0.702741   19.79  35.24
0.702741   19.79  35.24
0.702741   19.77  35.24
0.702247   19.74  35.24
0.702247   19.75  35.24
0.701754   19.75  35.24
0.701754   19.74  35.24
0.701754   19.74  35.24
0.701262   19.74  35.24
0.701262   19.74  35.24
0.701262   19.74  35.24
0.700771   19.7  35.24
0.700771   19.71  35.24
0.70028   19.72  35.24
0.70028   19.73  35.24
0.69979   19.69  35.24
0.69979   19.69  35.24
0.699301   19.69  35.24
0.699301   19.69  35.24
0.698812   19.69  35.24
0.698812   19.67  35.24
0.698324   19.64  35.24
0.698324   19.64  35.24
0.698324   19.63  35.24
0.697837   19.63  35.24
0.697837   19.63  35.24
0.697837   19.63  35.24
0.697837   19.63  35.24
0.69735   19.63  35.24
0.69735   19.63  35.24
0.696864   19.63  35.24
0.696864   19.63  35.24
0.696864   19.62  35.24
0.696379   19.58  35.24
0.696379   19.55  35.24
0.695894   19.55  35.24
0.695894   19.56  35.24
0.69541   19.53  35.24
0.69541   19.53  35.24
0.69541   19.53  35.24
0.694927   19.53  35.24
0.694927   19.53  35.24
0.694444   19.52  35.24
0.694444   19.51  35.24
0.693963   19.5  35.24
0.693963   19.5  35.24
0.693963   19.5  35.24
0.693963   19.5  35.24
0.693481   19.5  35.24
0.693481   19.48  35.24
0.693001   19.48  35.24
0.693001   19.47  35.24
0.692521   19.47  35.24
0.692521   19.47  35.24
0.692521   19.47  35.24
0.692042   19.47  35.24
0.692042   19.47  35.24
0.692042   19.45  35.24
0.691563   19.46  35.24
0.691563   19.46  35.24
0.691563   19.45  35.24
0.691085   19.45  35.24
0.691085   19.45  35.24
0.691085   19.45  35.24
0.690608   19.45  35.24
0.690608   19.45  35.24
0.690131   19.45  35.24
0.690131   19.43  35.24
0.689655   19.43  35.24
0.689655   19.43  35.24
0.689655   19.42  35.24
0.68918   19.4  35.24
0.68918   19.4  35.24
0.688705   19.41  35.24
0.688705   19.4  35.24
0.688705   19.4  35.24
0.688231   19.4  35.24
0.688231   19.38  35.24
0.688231   19.37  35.24
0.687758   19.37  35.24
0.687758   19.37  35.24
0.687285   19.35  35.24
0.687285   19.35  35.24
0.687285   19.35  35.24
0.687285   19.35  35.24
0.687285   19.34  35.24
0.686813   19.32  35.24
0.686813   19.32  35.24
0.686813   19.32  35.24
0.686342   19.3  35.24
0.686342   19.31  35.24
0.685871   19.31  35.24
0.685871   19.29  35.24
0.685401   19.27  35.24
0.685401   19.29  35.23
0.684932   19.29  35.23
0.684932   19.28  35.23
0.684463   19.27  35.23
0.684463   19.25  35.23
0.683995   19.25  35.23
0.683995   19.25  35.23
0.683527   19.24  35.23
0.683527   19.23  35.23
0.68306   19.2  35.23
0.682594   19.14  35.23
0.682594   19.18  35.23
0.682594   19.19  35.23
0.682128   19.15  35.23
0.682128   19.12  35.23
0.681663   19.17  35.23
0.681663   19.18  35.23
0.681199   19.17  35.23
0.681199   19.12  35.23
0.681199   19.11  35.23
0.680735   19.08  35.23
0.680272   19.07  35.23
0.680272   19.06  35.23
0.67981   19.07  35.23
0.67981   19.09  35.23
0.67981   19.07  35.23
0.679348   19.06  35.23
0.679348   19.06  35.23
0.678887   19.05  35.23
0.678426   19.05  35.23
0.678426   19.05  35.23
0.677966   19.05  35.23
0.677966   19.05  35.23
0.677966   19.04  35.23
0.677507   19.04  35.23
0.677507   19.04  35.23
0.677048   19.03  35.23
0.67659   19.02  35.23
0.67659   19.01  35.23
0.676133   19  35.23
0.676133   19  35.23
0.676133   18.99  35.23
0.675676   18.98  35.23
0.675676   18.95  35.23
0.675676   18.93  35.23
0.675219   18.93  35.23
0.675219   18.93  35.23
0.675219   18.92  35.23
0.675219   18.92  35.23
0.675219   18.91  35.23
0.674764   18.9  35.23
0.674764   18.89  35.23
0.674764   18.88  35.23
0.674309   18.88  35.23
0.674309   18.87  35.23
0.674309   18.86  35.23
0.673854   18.85  35.23
0.673854   18.85  35.23
0.673854   18.84  35.23
0.673854   18.84  35.23
0.673401   18.83  35.23
0.673401   18.83  35.23
0.672948   18.82  35.23
0.672948   18.81  35.23
0.672495   18.81  35.23
0.672495   18.8  35.23
0.672043   18.79  35.23
0.672043   18.79  35.23
0.672043   18.78  35.23
0.671592   18.78  35.23
0.671592   18.77  35.23
0.671141   18.77  35.23
0.671141   18.77  35.23
0.670691   18.76  35.23
0.670691   18.76  35.23
0.670241   18.75  35.23
0.669792   18.75  35.23
0.669792   18.74  35.23
0.669792   18.74  35.23
0.669792   18.74  35.23
0.669792   18.73  35.23
0.669344   18.72  35.23
0.668896   18.72  35.23
0.668896   18.71  35.23
0.668449   18.7  35.23
0.668003   18.7  35.23
0.668003   18.69  35.23
0.667557   18.68  35.23
0.667111   18.67  35.23
0.667111   18.66  35.23
0.666667   18.66  35.23
0.666667   18.66  35.23
0.666223   18.65  35.23
0.666223   18.65  35.23
0.665779   18.65  35.23
0.665779   18.65  35.23
0.665336   18.64  35.23
0.665336   18.63  35.23
0.664894   18.63  35.23
0.664894   18.63  35.23
0.664894   18.62  35.23
0.664452   18.62  35.23
0.664452   18.61  35.23
0.664011   18.61  35.23
0.664011   18.6  35.23
0.664011   18.6  35.23
0.66357   18.6  35.23
0.66357   18.6  35.23
0.66357   18.59  35.23
0.66357   18.58  35.23
0.66313   18.58  35.23
0.66313   18.57  35.23
0.662691   18.57  35.23
0.662691   18.56  35.23
0.662691   18.55  35.23
0.662252   18.54  35.23
0.662252   18.54  35.23
0.661813   18.54  35.23
0.661813   18.54  35.23
0.661376   18.53  35.23
0.661376   18.52  35.23
0.660939   18.51  35.23
0.660939   18.51  35.23
0.660939   18.5  35.23
0.660502   18.5  35.23
0.660066   18.49  35.23
0.660066   18.48  35.23
0.659631   18.48  35.23
0.659631   18.47  35.23
0.659631   18.46  35.23
0.659196   18.45  35.23
0.659196   18.45  35.23
0.659196   18.45  35.23
0.658762   18.44  35.23
0.658762   18.43  35.23
0.658328   18.42  35.23
0.657895   18.42  35.23
0.657895   18.41  35.23
0.657895   18.4  35.23
0.657462   18.4  35.23
0.657462   18.4  35.23
0.65703   18.39  35.23
0.65703   18.38  35.23
0.65703   18.37  35.23
0.656599   18.37  35.23
0.656599   18.37  35.23
0.656599   18.36  35.23
0.656168   18.36  35.23
0.656168   18.36  35.23
0.655738   18.36  35.23
0.655738   18.35  35.23
0.655738   18.34  35.23
0.655308   18.34  35.23
0.655308   18.33  35.23
0.654879   18.32  35.23
0.654879   18.32  35.23
0.65445   18.31  35.23
0.65445   18.31  35.23
0.65445   18.3  35.23
0.654022   18.3  35.23
0.653595   18.28  35.23
0.653168   18.27  35.23
0.652742   18.26  35.23
0.652742   18.25  35.23
0.652316   18.25  35.23
0.652316   18.24  35.23
0.65189   18.24  35.23
0.651466   18.23  35.23
0.651466   18.22  35.23
0.651042   18.22  35.23
0.650618   18.21  35.23
0.650618   18.21  35.23
0.650618   18.2  35.23
0.650195   18.2  35.23
0.650195   18.19  35.23
0.649773   18.19  35.23
0.649773   18.18  35.22
0.649773   18.18  35.23
0.649351   18.17  35.22
0.649351   18.17  35.23
0.649351   18.17  35.22
0.648929   18.17  35.22
0.648929   18.16  35.23
0.648929   18.15  35.23
0.648508   18.15  35.22
0.648508   18.15  35.22
0.648508   18.15  35.22
0.648088   18.14  35.23
0.648088   18.13  35.22
0.647668   18.13  35.22
0.647668   18.13  35.22
0.647668   18.13  35.22
0.647668   18.12  35.22
0.647249   18.11  35.22
0.646831   18.11  35.22
0.646831   18.11  35.22
0.646831   18.11  35.22
0.646412   18.11  35.22
0.646412   18.11  35.22
0.646412   18.09  35.22
0.645995   18.08  35.22
0.645995   18.08  35.22
0.645578   18.07  35.22
0.645578   18.06  35.22
0.645161   18.05  35.22
0.645161   18.05  35.22
0.645161   18.04  35.22
0.644745   18.04  35.22
0.644745   18.03  35.22
0.64433   18.03  35.22
0.64433   18.02  35.22
0.643915   18.01  35.22
0.643915   18  35.22
0.643915   18  35.22
0.643501   18  35.22
0.643501   17.99  35.22
0.643501   17.99  35.22
0.643087   17.99  35.22
0.643087   17.99  35.22
0.642674   17.98  35.22
0.642674   17.97  35.22
0.642261   17.97  35.22
0.642261   17.96  35.22
0.642261   17.96  35.22
0.641849   17.95  35.22
0.641849   17.93  35.22
0.641437   17.93  35.22
0.641437   17.92  35.22
0.641026   17.92  35.22
0.641026   17.92  35.22
0.640615   17.91  35.22
0.640615   17.91  35.22
0.640205   17.9  35.22
0.640205   17.9  35.22
0.640205   17.9  35.22
0.639795   17.89  35.22
0.639795   17.89  35.22
0.639386   17.88  35.22
0.639386   17.87  35.22
0.639386   17.87  35.22
0.638978   17.86  35.22
0.638978   17.86  35.22
0.63857   17.85  35.22
0.63857   17.84  35.22
0.638162   17.84  35.22
0.638162   17.82  35.22
0.637755   17.82  35.22
0.637349   17.81  35.22
0.637349   17.81  35.22
0.636943   17.8  35.22
0.636943   17.8  35.22
0.636537   17.79  35.22
0.636132   17.79  35.22
0.636132   17.79  35.22
0.636132   17.78  35.22
0.635728   17.77  35.22
0.635324   17.76  35.22
0.635324   17.75  35.22
0.634921   17.75  35.22
0.634518   17.75  35.22
0.634518   17.74  35.22
0.634115   17.73  35.22
0.634115   17.72  35.22
0.633714   17.71  35.22
0.633312   17.71  35.22
0.633312   17.71  35.22
0.632911   17.7  35.22
0.632911   17.69  35.22
0.632511   17.69  35.22
0.632511   17.69  35.22
0.632111   17.68  35.22
0.632111   17.68  35.22
0.632111   17.68  35.22
0.631712   17.67  35.22
0.631712   17.67  35.22
0.631712   17.66  35.22
0.631313   17.65  35.22
0.631313   17.65  35.22
0.631313   17.64  35.22
0.631313   17.64  35.22
0.630915   17.64  35.22
0.630915   17.64  35.22
0.630517   17.63  35.22
0.630517   17.62  35.22
0.630517   17.62  35.22
0.63012   17.61  35.22
0.629723   17.6  35.22
0.629723   17.59  35.22
0.629327   17.59  35.22
0.629327   17.59  35.22
0.629327   17.58  35.22
0.629327   17.58  35.22
0.628931   17.58  35.22
0.628931   17.58  35.22
0.628536   17.57  35.22
0.628536   17.56  35.22
0.628141   17.56  35.22
0.628141   17.56  35.22
0.628141   17.55  35.22
0.628141   17.54  35.22
0.627746   17.53  35.22
0.627746   17.53  35.22
0.627353   17.52  35.22
0.627353   17.52  35.22
0.627353   17.52  35.22
0.626959   17.52  35.22
0.626959   17.51  35.22
0.626566   17.5  35.22
0.626566   17.5  35.22
0.626174   17.49  35.22
0.625782   17.49  35.22
0.625782   17.48  35.22
0.625391   17.48  35.22
0.625391   17.47  35.22
0.625   17.46  35.22
0.62461   17.45  35.22
0.62461   17.45  35.22
0.62422   17.44  35.22
0.62422   17.43  35.22
0.62422   17.43  35.22
0.62383   17.43  35.22
0.62383   17.43  35.22
0.623441   17.42  35.22
0.623441   17.42  35.22
0.623441   17.41  35.22
0.623053   17.4  35.22
0.623053   17.39  35.22
0.623053   17.39  35.22
0.622665   17.39  35.22
0.622665   17.38  35.22
0.622278   17.37  35.22
0.622278   17.37  35.22
0.621891   17.37  35.22
0.621504   17.36  35.22
0.621504   17.35  35.22
0.621118   17.34  35.22
0.621118   17.33  35.22
0.620732   17.33  35.22
0.619963   17.32  35.22
0.619963   17.31  35.22
0.619579   17.3  35.22
0.619195   17.29  35.22
0.618812   17.28  35.22
0.618429   17.27  35.22
0.618429   17.26  35.22
0.618047   17.26  35.22
0.618047   17.26  35.22
0.617665   17.25  35.22
0.617665   17.24  35.22
0.617284   17.24  35.22
0.616903   17.23  35.22
0.616903   17.23  35.22
0.616523   17.23  35.22
0.616143   17.21  35.22
0.616143   17.2  35.21
0.615764   17.2  35.22
0.615764   17.2  35.22
0.615385   17.19  35.21
0.615006   17.18  35.21
0.615006   17.17  35.21
0.614628   17.16  35.21
0.614251   17.15  35.21
0.614251   17.14  35.21
0.613874   17.14  35.21
0.613874   17.13  35.21
0.613497   17.13  35.21
0.613121   17.13  35.21
0.613121   17.12  35.21
0.612745   17.11  35.21
0.612745   17.11  35.21
0.612745   17.11  35.21
0.61237   17.1  35.21
0.611995   17.09  35.21
0.611995   17.09  35.21
0.611621   17.08  35.21
0.611621   17.07  35.21
0.611247   17.07  35.21
0.610874   17.06  35.21
0.610874   17.05  35.21
0.610501   17.04  35.21
0.610128   17.03  35.21
0.610128   17.02  35.21
0.609756   17.02  35.21
0.609756   17  35.21
0.609385   17  35.21
0.609385   16.99  35.21
0.609013   16.99  35.21
0.608643   16.99  35.21
0.608643   16.97  35.21
0.608273   16.97  35.21
0.607903   16.96  35.21
0.607903   16.95  35.21
0.607533   16.94  35.21
0.607165   16.93  35.21
0.606796   16.92  35.21
0.606428   16.91  35.21
0.606061   16.91  35.21
0.606061   16.91  35.21
0.606061   16.9  35.21
0.605327   16.89  35.21
0.604961   16.88  35.21
0.604961   16.86  35.21
0.604595   16.85  35.21
0.60423   16.85  35.21
0.603865   16.84  35.21
0.603865   16.83  35.21
0.6035   16.83  35.21
0.603136   16.83  35.21
0.602773   16.81  35.21
0.602773   16.81  35.21
0.60241   16.79  35.21
0.602047   16.79  35.21
0.602047   16.79  35.21
0.601685   16.78  35.21
0.601323   16.77  35.21
0.601323   16.77  35.21
0.600962   16.76  35.21
0.600962   16.75  35.21
0.600962   16.75  35.21
0.600601   16.75  35.21
0.60024   16.74  35.21
0.60024   16.74  35.21
0.59988   16.74  35.21
0.59988   16.73  35.21
0.59952   16.72  35.21
0.599161   16.72  35.21
0.599161   16.7  35.21
0.598802   16.7  35.21
0.598444   16.69  35.21
0.598444   16.68  35.21
0.598086   16.68  35.21
0.598086   16.67  35.21
0.597729   16.66  35.21
0.597729   16.66  35.21
0.597729   16.66  35.21
0.597372   16.65  35.21
0.597015   16.64  35.21
0.597015   16.64  35.21
0.596659   16.64  35.21
0.596659   16.63  35.21
0.596303   16.62  35.21
0.596303   16.62  35.21
0.595948   16.61  35.21
0.595948   16.6  35.21
0.595593   16.6  35.21
0.595593   16.6  35.21
0.595593   16.59  35.21
0.595238   16.58  35.21
0.595238   16.58  35.21
0.595238   16.57  35.21
0.594884   16.57  35.21
0.59453   16.56  35.21
0.59453   16.56  35.21
0.59453   16.56  35.21
0.59453   16.56  35.21
0.594177   16.55  35.21
0.594177   16.55  35.21
0.594177   16.54  35.21
0.594177   16.54  35.21
0.594177   16.54  35.21
0.593824   16.54  35.21
0.593824   16.54  35.21
0.593472   16.53  35.21
0.593472   16.53  35.21
0.593472   16.52  35.21
0.593472   16.52  35.21
0.593472   16.52  35.21
0.59312   16.52  35.21
0.59312   16.52  35.21
0.59312   16.51  35.21
0.592768   16.5  35.21
0.592768   16.5  35.21
0.592417   16.5  35.21
0.592417   16.5  35.21
0.592417   16.5  35.21
0.592417   16.49  35.21
0.592066   16.48  35.21
0.592066   16.48  35.21
0.592066   16.48  35.21
0.592066   16.48  35.21
0.591716   16.48  35.21
0.591716   16.48  35.21
0.591366   16.47  35.21
0.591366   16.47  35.21
0.591366   16.46  35.21
0.591366   16.46  35.21
0.591017   16.46  35.21
0.591017   16.46  35.21
0.591017   16.46  35.21
0.591017   16.45  35.21
0.590667   16.44  35.21
0.590667   16.44  35.21
0.590319   16.44  35.21
0.590319   16.44  35.21
0.590319   16.43  35.21
0.589971   16.43  35.21
0.589971   16.42  35.21
0.589623   16.42  35.21
0.589623   16.41  35.21
0.589275   16.4  35.21
0.589275   16.4  35.21
0.588928   16.39  35.21
0.588928   16.38  35.21
0.588582   16.38  35.21
0.588582   16.38  35.21
0.588235   16.38  35.21
0.588235   16.37  35.21
0.587889   16.37  35.21
0.587544   16.36  35.21
0.587544   16.36  35.21
0.587199   16.36  35.21
0.587199   16.34  35.21
0.586854   16.34  35.21
0.58651   16.33  35.21
0.58651   16.33  35.21
0.586166   16.32  35.21
0.586166   16.32  35.21
0.585823   16.32  35.21
0.585823   16.31  35.21
0.585823   16.31  35.21
0.58548   16.3  35.21
0.585138   16.3  35.21
0.585138   16.29  35.21
0.584795   16.29  35.21
0.584795   16.29  35.21
0.584795   16.29  35.21
0.584795   16.29  35.21
0.584454   16.28  35.21
0.584454   16.27  35.21
0.584112   16.27  35.21
0.583771   16.27  35.21
0.583771   16.26  35.21
0.583771   16.25  35.21
0.583431   16.25  35.21
0.583431   16.25  35.21
0.58309   16.24  35.2
0.58309   16.23  35.21
0.58309   16.23  35.2
0.582751   16.22  35.21
0.582751   16.22  35.21
0.582411   16.22  35.21
0.582411   16.21  35.2
0.582072   16.21  35.2
0.582072   16.2  35.2
0.582072   16.2  35.2
0.582072   16.2  35.2
0.581734   16.2  35.2
0.581734   16.2  35.2
0.581734   16.2  35.2
0.581395   16.19  35.2
0.581395   16.18  35.2
0.581395   16.18  35.2
0.581058   16.18  35.2
0.581058   16.17  35.2
0.581058   16.16  35.2
0.58072   16.16  35.2
0.58072   16.16  35.2
0.580383   16.15  35.2
0.580383   16.14  35.2
0.580046   16.14  35.2
0.580046   16.14  35.2
0.580046   16.14  35.2
0.57971   16.13  35.2
0.57971   16.12  35.2
0.579374   16.12  35.2
0.579374   16.12  35.2
0.579374   16.12  35.2
0.579374   16.12  35.2
0.579039   16.11  35.2
0.579039   16.1  35.2
0.578704   16.1  35.2
0.578704   16.1  35.2
0.578369   16.1  35.2
0.578369   16.09  35.2
0.578035   16.08  35.2
0.578035   16.08  35.2
0.577701   16.08  35.2
0.577701   16.07  35.2
0.577367   16.06  35.2
0.577034   16.06  35.2
0.577034   16.06  35.2
0.576701   16.05  35.2
0.576701   16.04  35.2
0.576701   16.04  35.2
0.576369   16.03  35.2
0.576369   16.03  35.2
0.576037   16.02  35.2
0.576037   16.02  35.2
0.575705   16.02  35.2
0.575705   16.02  35.2
0.575374   16.01  35.2
0.575043   16  35.2
0.575043   16  35.2
0.575043   16  35.2
0.574713   16  35.2
0.574713   15.99  35.2
0.574383   15.98  35.2
0.574383   15.98  35.2
0.574053   15.98  35.2
0.573723   15.96  35.2
0.573394   15.96  35.2
0.573394   15.94  35.19
0.573066   15.94  35.19
0.573066   15.94  35.19
0.572738   15.92  35.19
0.57241   15.92  35.19
0.572082   15.92  35.19
0.572082   15.9  35.19
0.571755   15.9  35.19
0.571755   15.9  35.19
0.571429   15.9  35.19
0.571102   15.89  35.19
0.571102   15.88  35.19
0.570776   15.88  35.19
0.570451   15.88  35.19
0.570451   15.88  35.19
0.570125   15.87  35.19
0.570125   15.86  35.19
0.569801   15.84  35.19
0.569476   15.84  35.19
0.569152   15.84  35.19
0.569152   15.84  35.19
0.568828   15.83  35.19
0.568505   15.82  35.19
0.568505   15.82  35.19
0.568505   15.81  35.19
0.568182   15.81  35.19
0.567859   15.8  35.19
0.567859   15.8  35.19
0.567859   15.8  35.19
0.567537   15.8  35.19
0.567537   15.8  35.19
0.567215   15.79  35.19
0.567215   15.78  35.19
0.566893   15.78  35.19
0.566893   15.77  35.19
0.566893   15.77  35.19
0.566572   15.76  35.19
0.566251   15.75  35.19
0.566251   15.75  35.19
0.565931   15.75  35.19
0.565931   15.74  35.19
0.565611   15.73  35.19
0.565611   15.73  35.19
0.565291   15.72  35.19
0.564972   15.71  35.19
0.564972   15.71  35.19
0.564972   15.71  35.19
0.564653   15.7  35.19
0.564653   15.69  35.19
0.564653   15.69  35.19
0.564334   15.69  35.19
0.564334   15.68  35.19
0.564016   15.67  35.19
0.563698   15.67  35.19
0.563698   15.66  35.19
0.56338   15.65  35.19
0.56338   15.65  35.19
0.56338   15.65  35.19
0.563063   15.65  35.19
0.563063   15.64  35.19
0.562746   15.64  35.19
0.562746   15.63  35.19
0.56243   15.63  35.19
0.562114   15.62  35.19
0.562114   15.61  35.19
0.561798   15.61  35.19
0.561482   15.6  35.19
0.561167   15.59  35.19
0.561167   15.59  35.19
0.560852   15.58  35.19
0.560852   15.57  35.19
0.560538   15.57  35.19
0.560224   15.57  35.19
0.55991   15.56  35.19
0.55991   15.55  35.19
0.559597   15.55  35.18
0.559597   15.55  35.18
0.559284   15.55  35.18
0.559284   15.54  35.18
0.558971   15.53  35.18
0.558971   15.53  35.18
0.558659   15.53  35.18
0.558659   15.53  35.18
0.558347   15.52  35.18
0.558347   15.51  35.18
0.558036   15.5  35.18
0.557414   15.5  35.18
0.557103   15.49  35.18
0.556793   15.48  35.18
0.556174   15.46  35.18
0.555864   15.45  35.18
0.555556   15.44  35.18
0.555247   15.43  35.18
0.554939   15.42  35.18
0.554939   15.42  35.18
0.554631   15.42  35.18
0.554631   15.41  35.18
0.554324   15.4  35.18
0.554017   15.4  35.18
0.554017   15.4  35.18
0.55371   15.39  35.18
0.55371   15.38  35.18
0.553403   15.38  35.18
0.553403   15.38  35.18
0.553097   15.37  35.18
0.553097   15.36  35.18
0.552792   15.36  35.18
0.552792   15.36  35.18
0.552486   15.36  35.18
0.552181   15.34  35.18
0.552181   15.34  35.18
0.551876   15.34  35.18
0.551876   15.34  35.18
0.551572   15.33  35.18
0.551572   15.32  35.18
0.551268   15.32  35.18
0.551268   15.31  35.18
0.550964   15.31  35.18
0.550964   15.3  35.18
0.550661   15.3  35.18
0.550661   15.29  35.18
0.550358   15.29  35.18
0.550055   15.28  35.18
0.550055   15.27  35.18
0.549753   15.27  35.18
0.549753   15.27  35.18
0.549753   15.27  35.18
0.549451   15.26  35.18
0.549451   15.25  35.18
0.549149   15.25  35.18
0.549149   15.25  35.18
0.548847   15.24  35.18
0.548847   15.24  35.18
0.548546   15.23  35.18
0.548546   15.23  35.18
0.548546   15.22  35.18
0.548246   15.22  35.18
0.547945   15.21  35.18
0.547945   15.21  35.18
0.547945   15.21  35.18
0.547645   15.21  35.18
0.547645   15.21  35.18
0.547645   15.2  35.18
0.547345   15.2  35.18
0.547345   15.19  35.18
0.547046   15.19  35.18
0.547046   15.19  35.18
0.546747   15.19  35.18
0.546747   15.19  35.18
0.546448   15.17  35.18
0.546448   15.17  35.18
0.54615   15.17  35.18
0.54615   15.16  35.18
0.545852   15.15  35.18
0.545554   15.15  35.18
0.545256   15.15  35.18
0.545256   15.14  35.18
0.544959   15.13  35.18
0.544959   15.13  35.18
0.544662   15.13  35.18
0.544662   15.12  35.18
0.544366   15.12  35.18
0.544366   15.11  35.18
0.54407   15.1  35.18
0.54407   15.1  35.18
0.543774   15.1  35.18
0.543774   15.1  35.18
0.543774   15.1  35.18
0.543478   15.1  35.18
0.543478   15.09  35.18
0.543183   15.08  35.18
0.542888   15.08  35.18
0.542594   15.07  35.18
0.542299   15.06  35.18
0.542299   15.06  35.18
0.542005   15.05  35.18
0.541712   15.04  35.18
0.541419   15.03  35.18
0.541126   15.02  35.18
0.541126   15.02  35.18
0.540833   15.01  35.18
0.540833   15  35.18
0.540541   15  35.18
0.540249   15  35.18
0.540249   15  35.18
0.539957   14.99  35.18
0.539665   14.98  35.18
0.539665   14.98  35.18
0.539374   14.97  35.18
0.539084   14.96  35.18
0.539084   14.96  35.18
0.538793   14.95  35.18
0.538503   14.95  35.18
0.538503   14.95  35.18
0.538213   14.95  35.18
0.538213   14.94  35.18
0.537924   14.93  35.18
0.537924   14.93  35.18
0.537634   14.93  35.18
0.537634   14.93  35.18
0.537346   14.92  35.18
0.537346   14.91  35.18
0.537346   14.91  35.18
0.537057   14.91  35.18
0.537057   14.91  35.18
0.537057   14.91  35.18
0.537057   14.91  35.18
0.536769   14.9  35.18
0.536769   14.9  35.18
0.536481   14.89  35.18
0.536193   14.88  35.18
0.535906   14.87  35.18
0.535906   14.87  35.18
0.535906   14.87  35.18
0.535906   14.87  35.18
0.535619   14.86  35.18
0.535619   14.85  35.18
0.535332   14.85  35.18
0.535332   14.85  35.18
0.535332   14.85  35.18
0.535045   14.85  35.18
0.535045   14.84  35.18
0.534759   14.83  35.18
0.534759   14.83  35.18
0.534474   14.83  35.18
0.534188   14.82  35.18
0.533903   14.81  35.18
0.533903   14.81  35.18
0.533903   14.81  35.18
0.533618   14.81  35.18
0.533618   14.8  35.18
0.533333   14.79  35.18
0.533049   14.79  35.18
0.532765   14.78  35.18
0.532481   14.77  35.18
0.532481   14.77  35.18
0.532198   14.77  35.18
0.532198   14.76  35.18
0.531915   14.75  35.18
0.531632   14.75  35.18
0.531632   14.74  35.18
0.53135   14.74  35.18
0.53135   14.73  35.18
0.531067   14.73  35.18
0.531067   14.73  35.18
0.530786   14.71  35.18
0.530504   14.7  35.18
0.530504   14.7  35.18
0.529942   14.7  35.18
0.529942   14.69  35.18
0.529381   14.68  35.18
0.529381   14.68  35.18
0.529101   14.68  35.18
0.528821   14.68  35.18
0.528821   14.67  35.18
0.528541   14.66  35.18
0.528541   14.66  35.18
0.528262   14.65  35.18
0.528262   14.64  35.18
0.527983   14.64  35.18
0.527983   14.64  35.18
0.527704   14.64  35.18
0.527426   14.63  35.18
0.527426   14.62  35.18
0.527148   14.62  35.18
0.52687   14.61  35.18
0.526593   14.6  35.18
0.526316   14.6  35.18
0.526039   14.58  35.18
0.525762   14.58  35.18
0.525486   14.57  35.18
0.52521   14.56  35.18
0.52521   14.56  35.18
0.524934   14.56  35.18
0.524659   14.55  35.17
0.524659   14.54  35.17
0.524384   14.54  35.17
0.524109   14.54  35.18
0.523834   14.53  35.17
0.52356   14.52  35.17
0.523286   14.51  35.17
0.523013   14.5  35.17
0.522739   14.5  35.17
0.522466   14.49  35.17
0.522193   14.48  35.17
0.522193   14.48  35.17
0.521921   14.47  35.17
0.521648   14.46  35.17
0.521376   14.46  35.17
0.521105   14.46  35.17
0.521105   14.45  35.17
0.521105   14.44  35.17
0.520833   14.44  35.17
0.520562   14.44  35.17
0.520291   14.43  35.17
0.520021   14.42  35.17
0.519751   14.42  35.17
0.519481   14.4  35.17
0.519211   14.4  35.17
0.519211   14.4  35.17
0.518941   14.4  35.17
0.518941   14.39  35.17
0.518672   14.38  35.17
0.518403   14.38  35.17
0.518135   14.37  35.17
0.517866   14.36  35.17
0.517331   14.35  35.17
0.517331   14.35  35.17
0.517331   14.34  35.17
0.517063   14.34  35.17
0.516796   14.34  35.17
0.516796   14.33  35.17
0.516529   14.32  35.17
0.516262   14.32  35.17
0.516262   14.3  35.17
0.515996   14.3  35.17
0.51573   14.3  35.17
0.51573   14.29  35.17
0.515464   14.28  35.17
0.515464   14.28  35.17
0.515198   14.28  35.17
0.515198   14.28  35.17
0.515198   14.28  35.17
0.514933   14.28  35.17
0.514933   14.27  35.17
0.514668   14.26  35.17
0.514403   14.26  35.17
0.514403   14.25  35.17
0.514139   14.24  35.17
0.513875   14.24  35.17
0.513875   14.24  35.17
0.513611   14.23  35.17
0.513347   14.22  35.17
0.513084   14.22  35.17
0.512821   14.22  35.17
0.512558   14.2  35.17
0.512295   14.2  35.17
0.512295   14.19  35.17
0.512033   14.19  35.17
0.511771   14.18  35.17
0.511771   14.18  35.17
0.511509   14.18  35.17
0.511509   14.18  35.17
0.511247   14.18  35.17
0.510986   14.17  35.17
0.510986   14.17  35.17
0.510986   14.16  35.17
0.510725   14.16  35.17
0.510725   14.16  35.17
0.510465   14.15  35.17
0.510465   14.15  35.17
0.510465   14.14  35.17
0.510204   14.13  35.17
0.509944   14.13  35.17
0.509944   14.12  35.17
0.509684   14.12  35.17
0.509424   14.12  35.17
0.509424   14.11  35.17
0.508906   14.11  35.17
0.508906   14.1  35.17
0.508647   14.09  35.17
0.508388   14.09  35.17
0.50813   14.07  35.16
0.507872   14.07  35.17
0.507614   14.05  35.17
0.507357   14.05  35.16
0.507099   14.04  35.17
0.506842   14.03  35.17
0.506329   14.03  35.17
0.506073   14.01  35.17
0.505817   14.01  35.16
0.505306   13.99  35.16
0.505051   13.99  35.17
0.504796   13.98  35.17
0.504541   13.97  35.17
0.504286   13.97  35.17
0.504286   13.96  35.16
0.504032   13.95  35.16
0.503778   13.95  35.16
0.503525   13.94  35.16
0.503271   13.93  35.16
0.503271   13.93  35.16
0.503018   13.92  35.16
0.502765   13.92  35.16
0.502765   13.91  35.16
0.502513   13.91  35.16
0.50226   13.9  35.16
0.50226   13.9  35.16
0.502008   13.9  35.16
0.501756   13.9  35.16
0.501756   13.89  35.16
0.501505   13.88  35.16
0.501253   13.88  35.16
0.501002   13.87  35.16
0.501002   13.86  35.16
0.500751   13.85  35.16
0.500751   13.85  35.16
0.500501   13.85  35.16
0.50025   13.84  35.16
0.5   13.83  35.16
0.49975   13.82  35.16
0.4995   13.82  35.16
0.499251   13.82  35.16
0.499251   13.81  35.16
0.498753   13.81  35.16
0.498753   13.8  35.16
0.498753   13.8  35.16
0.498504   13.78  35.16
0.498256   13.78  35.16
0.498008   13.78  35.16
0.49776   13.77  35.16
0.497512   13.76  35.16
0.497265   13.75  35.16
0.497265   13.75  35.16
0.497018   13.75  35.16
0.496771   13.74  35.16
0.496524   13.73  35.16
0.496278   13.73  35.16
0.496032   13.72  35.16
0.495786   13.72  35.16
0.49554   13.71  35.16
0.495295   13.7  35.16
0.494805   13.7  35.16
0.494805   13.68  35.16
0.494315   13.67  35.16
0.494071   13.67  35.16
0.493827   13.67  35.16
0.493583   13.65  35.16
0.49334   13.64  35.16
0.492854   13.63  35.16
0.492611   13.62  35.16
0.492368   13.62  35.16
0.492126   13.61  35.16
0.491884   13.6  35.16
0.491642   13.59  35.16
0.491159   13.58  35.16
0.490918   13.58  35.16
0.490677   13.57  35.16
0.490436   13.57  35.16
0.490196   13.55  35.16
0.489716   13.55  35.16
0.489476   13.54  35.16
0.489237   13.53  35.16
0.488998   13.52  35.16
0.48852   13.52  35.16
0.488043   13.5  35.16
0.487805   13.5  35.16
0.487567   13.49  35.16
0.487329   13.48  35.16
0.487092   13.47  35.16
0.486855   13.47  35.16
0.486855   13.46  35.16
0.486618   13.45  35.16
0.486381   13.45  35.16
0.486381   13.45  35.16
0.486381   13.44  35.16
0.486145   13.44  35.16
0.486145   13.44  35.16
0.485909   13.44  35.16
0.485909   13.43  35.16
0.485437   13.42  35.16
0.485437   13.42  35.16
0.485201   13.42  35.16
0.485201   13.41  35.16
0.485201   13.41  35.16
0.485201   13.4  35.16
0.484966   13.4  35.16
0.484966   13.39  35.16
0.484496   13.38  35.16
0.484027   13.37  35.16
0.483559   13.36  35.16
0.483092   13.35  35.16
0.482859   13.34  35.16
0.482625   13.34  35.16
0.482625   13.33  35.16
0.482393   13.33  35.16
0.48216   13.32  35.16
0.481696   13.32  35.16
0.481464   13.32  35.16
0.481   13.3  35.16
0.480769   13.29  35.16
0.480307   13.28  35.16
0.480077   13.26  35.16
0.479846   13.26  35.16
0.479616   13.26  35.16
0.479386   13.25  35.16
0.479157   13.24  35.16
0.478927   13.23  35.16
0.478698   13.22  35.16
0.478469   13.22  35.16
0.478011   13.21  35.16
0.477555   13.2  35.16
0.477327   13.18  35.16
0.477099   13.17  35.16
0.476644   13.16  35.16
0.476417   13.15  35.16
0.475964   13.14  35.16
0.475737   13.14  35.16
0.475285   13.13  35.16
0.475059   13.12  35.16
0.474608   13.12  35.16
0.474383   13.1  35.16
0.474158   13.09  35.16
0.473485   13.08  35.16
0.473037   13.07  35.15
0.472813   13.06  35.15
0.47259   13.06  35.15
0.472367   13.05  35.15
0.472367   13.04  35.15
0.472144   13.04  35.15
0.471921   13.04  35.15
0.471476   13.02  35.15
0.471254   13.01  35.15
0.471254   13.01  35.15
0.471032   13  35.15
0.47081   13  35.15
0.470588   12.99  35.15
0.470367   12.99  35.15
0.470146   12.98  35.15
0.469925   12.98  35.15
0.469704   12.97  35.15
0.469704   12.96  35.15
0.469484   12.96  35.15
0.469263   12.95  35.15
0.468823   12.94  35.15
0.468604   12.93  35.15
0.468384   12.93  35.15
0.468165   12.92  35.15
0.468165   12.91  35.15
0.467946   12.91  35.15
0.467727   12.9  35.15
0.467508   12.89  35.15
0.46729   12.89  35.15
0.467071   12.88  35.15
0.466636   12.87  35.15
0.466636   12.87  35.15
0.466418   12.87  35.15
0.466418   12.86  35.15
0.4662   12.86  35.15
0.465983   12.86  35.15
0.465766   12.86  35.15
0.465766   12.85  35.15
0.465549   12.85  35.15
0.465333   12.84  35.15
0.465333   12.84  35.15
0.465116   12.83  35.15
0.4649   12.82  35.15
0.464684   12.82  35.15
0.464684   12.82  35.15
0.464468   12.81  35.15
0.464253   12.81  35.15
0.464037   12.8  35.15
0.463822   12.8  35.15
0.463607   12.79  35.15
0.463392   12.78  35.15
0.463392   12.78  35.15
0.463177   12.78  35.15
0.462963   12.77  35.15
0.462749   12.77  35.15
0.462535   12.76  35.15
0.462321   12.75  35.15
0.462321   12.75  35.15
0.461894   12.75  35.15
0.461681   12.74  35.15
0.461467   12.74  35.15
0.461467   12.73  35.15
0.461255   12.73  35.15
0.460829   12.71  35.15
0.460405   12.69  35.15
0.459982   12.68  35.15
0.459982   12.68  35.15
0.45977   12.68  35.15
0.459348   12.67  35.15
0.459137   12.66  35.15
0.458716   12.65  35.15
0.458295   12.64  35.15
0.457875   12.64  35.15
0.457666   12.63  35.15
0.457247   12.61  35.15
0.45683   12.6  35.15
0.456413   12.58  35.15
0.456204   12.58  35.15
0.455789   12.57  35.15
0.455581   12.56  35.15
0.455373   12.56  35.15
0.455166   12.55  35.15
0.454752   12.54  35.15
0.454545   12.53  35.15
0.454545   12.53  35.15
0.454339   12.52  35.15
0.454133   12.52  35.15
0.453926   12.52  35.15
0.453721   12.52  35.15
0.453515   12.51  35.15
0.453309   12.5  35.15
0.453104   12.49  35.15
0.452899   12.48  35.15
0.452694   12.48  35.15
0.452489   12.47  35.15
0.452284   12.46  35.15
0.45208   12.46  35.15
0.451875   12.45  35.15
0.451671   12.45  35.15
0.451671   12.45  35.15
0.451264   12.44  35.15
0.45106   12.44  35.15
0.450857   12.43  35.15
0.450653   12.42  35.15
0.45045   12.41  35.15
0.450248   12.41  35.15
0.450045   12.4  35.15
0.449843   12.4  35.15
0.44964   12.4  35.15
0.44964   12.39  35.15
0.449438   12.39  35.15
0.449438   12.39  35.15
0.449438   12.38  35.15
0.449236   12.38  35.15
0.449236   12.38  35.15
0.449035   12.37  35.15
0.449035   12.37  35.15
0.448833   12.36  35.15
0.448632   12.36  35.15
0.44843   12.35  35.15
0.448229   12.35  35.15
0.448029   12.35  35.15
0.448029   12.34  35.15
0.447828   12.34  35.15
0.447828   12.34  35.15
0.447628   12.33  35.15
0.447427   12.33  35.15
0.447027   12.32  35.15
0.446828   12.31  35.15
0.446828   12.3  35.15
0.446628   12.3  35.15
0.446429   12.29  35.15
0.446229   12.29  35.15
0.44603   12.28  35.15
0.445831   12.28  35.15
0.445831   12.28  35.15
0.445434   12.27  35.15
0.445236   12.26  35.15
0.445038   12.26  35.15
0.44484   12.25  35.15
0.444642   12.25  35.15
0.444444   12.25  35.15
0.444247   12.24  35.15
0.444247   12.23  35.15
0.44405   12.23  35.15
0.443656   12.21  35.15
0.443459   12.21  35.15
0.443459   12.21  35.15
0.443066   12.2  35.14
0.44287   12.2  35.14
0.442674   12.19  35.14
0.442478   12.19  35.14
0.442478   12.19  35.14
0.442282   12.18  35.14
0.442087   12.18  35.14
0.441891   12.17  35.14
0.441501   12.16  35.14
0.441306   12.15  35.14
0.441112   12.15  35.14
0.440723   12.15  35.14
0.440529   12.14  35.14
0.440335   12.14  35.14
0.440141   12.13  35.14
0.439947   12.12  35.14
0.439947   12.12  35.14
0.439754   12.11  35.14
0.43956   12.11  35.14
0.439367   12.1  35.14
0.439174   12.09  35.14
0.438982   12.09  35.14
0.438789   12.08  35.14
0.438596   12.07  35.14
0.438596   12.07  35.14
0.438404   12.06  35.14
0.438404   12.06  35.14
0.438212   12.06  35.14
0.43802   12.05  35.14
0.43802   12.05  35.14
0.437828   12.05  35.14
0.437828   12.04  35.14
0.437828   12.04  35.14
0.437637   12.04  35.14
0.437445   12.04  35.14
0.437254   12.03  35.14
0.437254   12.03  35.14
0.437063   12.03  35.14
0.436872   12.02  35.14
0.436681   12.01  35.14
0.4363   12.01  35.14
0.43611   12  35.14
0.43573   11.99  35.14
0.43554   11.99  35.14
0.43535   11.99  35.14
0.435161   11.98  35.14
0.434783   11.98  35.14
0.434594   11.97  35.14
0.434405   11.96  35.14
0.434216   11.96  35.14
0.434028   11.95  35.14
0.433839   11.95  35.14
0.433651   11.94  35.14
0.433463   11.93  35.14
0.433276   11.93  35.14
0.433276   11.92  35.14
0.433088   11.92  35.14
0.433088   11.91  35.14
0.4329   11.91  35.14
0.432713   11.9  35.14
0.432526   11.9  35.14
0.432339   11.9  35.14
0.432152   11.9  35.14
0.431965   11.89  35.14
0.431779   11.88  35.14
0.431779   11.88  35.14
0.431406   11.87  35.14
0.43122   11.87  35.14
0.431034   11.86  35.14
0.430663   11.86  35.14
0.430478   11.85  35.14
0.430478   11.85  35.14
0.430293   11.85  35.14
0.430108   11.84  35.14
0.429923   11.84  35.14
0.429738   11.83  35.14
0.429553   11.83  35.14
0.429369   11.82  35.14
0.429185   11.81  35.14
0.429185   11.81  35.14
0.429   11.81  35.14
0.428816   11.8  35.14
0.428816   11.8  35.14
0.428633   11.8  35.14
0.428266   11.79  35.14
0.428082   11.78  35.14
0.427899   11.78  35.14
0.427716   11.77  35.14
0.42735   11.76  35.14
0.427168   11.76  35.14
0.426985   11.75  35.14
0.426803   11.75  35.14
0.426621   11.74  35.14
0.426257   11.73  35.14
0.426076   11.73  35.14
0.425713   11.73  35.14
0.425532   11.72  35.14
0.425351   11.71  35.14
0.42517   11.7  35.14
0.424989   11.7  35.14
0.424628   11.69  35.14
0.424448   11.68  35.14
0.424268   11.67  35.14
0.424088   11.67  35.14
0.423908   11.66  35.14
0.423729   11.65  35.14
0.42337   11.65  35.14
0.423191   11.64  35.14
0.423191   11.63  35.14
0.423012   11.63  35.14
0.422833   11.63  35.14
0.422833   11.62  35.14
0.422654   11.62  35.14
0.422476   11.61  35.14
0.422476   11.61  35.14
0.422297   11.6  35.14
0.422119   11.6  35.14
0.421941   11.6  35.14
0.421763   11.59  35.14
0.421585   11.58  35.14
0.421408   11.58  35.14
0.421408   11.58  35.14
0.421053   11.57  35.14
0.421053   11.57  35.14
0.420875   11.57  35.14
0.420698   11.56  35.14
0.420521   11.56  35.14
0.420345   11.55  35.14
0.419992   11.54  35.14
0.419815   11.54  35.14
0.419639   11.53  35.14
0.419463   11.53  35.14
0.419287   11.53  35.14
0.419111   11.52  35.14
0.418936   11.51  35.14
0.418585   11.51  35.14
0.41841   11.5  35.14
0.418235   11.5  35.14
0.417885   11.49  35.14
0.417711   11.48  35.14
0.417537   11.48  35.14
0.417188   11.47  35.13
0.417014   11.46  35.14
0.41684   11.46  35.14
0.416493   11.45  35.13
0.41632   11.44  35.13
0.416146   11.44  35.13
0.416146   11.43  35.13
0.415973   11.42  35.13
0.4158   11.41  35.13
0.415455   11.41  35.13
0.415282   11.4  35.13
0.41511   11.4  35.13
0.41511   11.39  35.13
0.414938   11.39  35.13
0.414766   11.39  35.13
0.414594   11.39  35.13
0.414422   11.38  35.13
0.41425   11.38  35.13
0.41425   11.38  35.13
0.414079   11.38  35.13
0.413907   11.37  35.13
0.413736   11.37  35.13
0.413565   11.37  35.13
0.413394   11.37  35.13
0.413223   11.36  35.13
0.413052   11.35  35.13
0.412882   11.35  35.13
0.412712   11.33  35.13
0.412541   11.32  35.13
0.412371   11.32  35.13
0.412031   11.31  35.13
0.411862   11.3  35.13
0.411523   11.29  35.13
0.411353   11.29  35.13
0.411184   11.29  35.13
0.411015   11.28  35.13
0.410846   11.28  35.13
0.410509   11.27  35.13
0.410341   11.27  35.13
0.410172   11.26  35.13
0.410004   11.25  35.13
0.409668   11.24  35.13
0.4095   11.23  35.13
0.409333   11.23  35.13
0.408998   11.22  35.13
0.408664   11.22  35.13
0.408497   11.21  35.13
0.40833   11.2  35.13
0.408163   11.2  35.13
0.407997   11.19  35.13
0.40783   11.18  35.13
0.407498   11.17  35.13
0.407498   11.17  35.13
0.407166   11.16  35.13
0.407   11.16  35.13
0.406835   11.16  35.13
0.406669   11.15  35.13
0.406504   11.15  35.13
0.406339   11.14  35.13
0.406009   11.13  35.13
0.40568   11.12  35.13
0.405515   11.12  35.13
0.405351   11.11  35.13
0.405186   11.11  35.13
0.404858   11.1  35.13
0.404694   11.09  35.13
0.404531   11.08  35.13
0.404367   11.08  35.13
0.404367   11.08  35.13
0.404204   11.08  35.13
0.40404   11.07  35.13
0.403877   11.07  35.13
0.403877   11.07  35.13
0.403714   11.06  35.13
0.403551   11.05  35.13
0.403388   11.05  35.13
0.403226   11.04  35.13
0.403063   11.03  35.13
0.402901   11.03  35.13
0.402739   11.02  35.13
0.402576   11.02  35.13
0.402253   11.01  35.13
0.402091   11.01  35.13
0.401929   11  35.13
0.401768   10.99  35.13
0.401606   10.99  35.13
0.401445   10.98  35.13
0.401284   10.97  35.13
0.401123   10.97  35.13
0.400962   10.96  35.13
0.400802   10.96  35.13
0.400641   10.95  35.13
0.400481   10.95  35.13
0.40032   10.94  35.13
0.40016   10.93  35.13
0.4   10.93  35.13
0.4   10.92  35.13
0.39984   10.92  35.13
0.39968   10.91  35.13
0.399521   10.91  35.13
0.399521   10.91  35.13
0.399361   10.91  35.13
0.399361   10.9  35.13
0.399202   10.9  35.13
0.399042   10.9  35.13
0.399042   10.89  35.13
0.398883   10.88  35.13
0.398724   10.87  35.13
0.398565   10.86  35.13
0.398565   10.85  35.13
0.398406   10.85  35.13
0.398248   10.84  35.13
0.398089   10.83  35.13
0.398089   10.81  35.13
0.397931   10.8  35.13
0.397772   10.8  35.13
0.397772   10.8  35.13
0.397772   10.8  35.13
0.397614   10.79  35.13
0.397456   10.79  35.13
0.397298   10.79  35.13
0.397141   10.79  35.13
0.396983   10.79  35.13
0.396825   10.78  35.13
0.396668   10.78  35.13
0.396668   10.78  35.13
0.396511   10.78  35.13
0.396354   10.77  35.13
0.396354   10.74  35.13
0.396197   10.73  35.13
0.396197   10.73  35.13
0.39604   10.73  35.13
0.39604   10.73  35.13
0.395883   10.73  35.13
0.395883   10.73  35.13
0.395726   10.73  35.13
0.39557   10.73  35.13
0.395413   10.72  35.13
0.395257   10.72  35.13
0.395101   10.72  35.13
0.394789   10.71  35.13
0.394633   10.7  35.13
0.394477   10.7  35.13
0.394166   10.7  35.13
0.394011   10.7  35.13
0.393701   10.7  35.13
0.393391   10.7  35.13
0.392927   10.7  35.13
0.392619   10.69  35.13
0.392465   10.69  35.13
0.392157   10.68  35.13
0.392003   10.68  35.13
0.391696   10.69  35.13
0.391389   10.68  35.13
0.391083   10.68  35.13
0.39093   10.68  35.13
0.390778   10.68  35.13
0.390472   10.67  35.13
0.39032   10.67  35.13
0.390168   10.67  35.13
0.389864   10.67  35.13
0.389864   10.67  35.13
0.389864   10.67  35.13
0.389712   10.66  35.13
0.38956   10.66  35.13
0.389408   10.65  35.13
0.389257   10.64  35.13
0.389105   10.62  35.13
0.388954   10.61  35.13
0.388802   10.6  35.13
0.388651   10.6  35.13
0.38835   10.58  35.13
0.388199   10.56  35.13
0.388048   10.56  35.13
0.387898   10.55  35.13
0.387597   10.53  35.13
0.387297   10.52  35.13
0.387147   10.51  35.13
0.387147   10.51  35.13
0.386997   10.5  35.12
0.386847   10.5  35.12
0.386698   10.5  35.12
0.386548   10.49  35.12
0.38625   10.49  35.12
0.3861   10.49  35.12
0.3861   10.49  35.12
0.385802   10.49  35.12
0.385654   10.48  35.12
0.385505   10.48  35.12
0.385356   10.48  35.12
0.385356   10.47  35.12
0.385208   10.47  35.12
0.38506   10.47  35.12
0.384763   10.47  35.12
0.384468   10.46  35.12
0.38432   10.46  35.12
0.384025   10.45  35.12
0.38373   10.43  35.12
0.383436   10.42  35.12
0.383142   10.42  35.12
0.382995   10.41  35.12
0.382848   10.4  35.12
0.382702   10.4  35.12
0.382409   10.39  35.12
0.382117   10.38  35.12
0.381825   10.38  35.12
0.381534   10.38  35.12
0.381243   10.38  35.12
0.380952   10.38  35.12
0.380662   10.38  35.12
0.380662   10.37  35.12
0.380518   10.37  35.12
0.380518   10.37  35.12
0.380373   10.36  35.12
0.380228   10.35  35.12
0.380084   10.35  35.12
0.379795   10.33  35.12
0.379651   10.32  35.12
0.379507   10.31  35.12
0.379219   10.3  35.12
0.379075   10.29  35.12
0.378788   10.29  35.12
0.378501   10.29  35.12
0.378358   10.29  35.12
0.378072   10.28  35.12
0.377786   10.28  35.12
0.377501   10.28  35.12
0.377216   10.27  35.12
0.376932   10.26  35.12
0.376506   10.25  35.12
0.376223   10.25  35.12
0.37594   10.25  35.12
0.375657   10.25  35.12
0.375375   10.24  35.12
0.375235   10.24  35.12
0.375094   10.24  35.12
0.374953   10.23  35.12
0.374813   10.23  35.12
0.374672   10.23  35.12
0.374532   10.24  35.12
0.374251   10.23  35.12
0.374111   10.23  35.12
0.373972   10.22  35.12
0.373832   10.22  35.12
0.373692   10.22  35.12
0.373413   10.21  35.12
0.373413   10.21  35.12
0.373274   10.21  35.12
0.373134   10.2  35.12
0.372995   10.2  35.12
0.372856   10.19  35.12
0.372717   10.19  35.12
0.372578   10.18  35.12
0.372439   10.18  35.12
0.372439   10.17  35.12
0.372301   10.18  35.12
0.372024   10.17  35.12
0.371885   10.16  35.12
0.371609   10.14  35.12
0.371333   10.14  35.12
0.371058   10.13  35.12
0.370645   10.12  35.12
0.37037   10.12  35.12
0.370233   10.12  35.12
0.369959   10.12  35.12
0.369686   10.1  35.12
0.369413   10.09  35.12
0.36914   10.08  35.12
0.368868   10.06  35.12
0.368732   10.04  35.12
0.368596   10.04  35.12
0.368324   10.03  35.12
0.368053   10.02  35.12
0.367918   10.01  35.12
0.367782   10.02  35.12
0.367782   10.02  35.12
0.367647   10.02  35.12
0.367512   10.02  35.12
0.367377   10  35.12
0.367377   10  35.12
0.367242   10.01  35.12
0.367107   10  35.12
0.366972   10  35.12
0.366972   10  35.12
0.366838   10  35.12
0.366703   10  35.12
0.366703   10  35.12
0.366569   9.99  35.12
0.366435   9.97  35.12
0.3663   9.97  35.12
0.366166   9.97  35.12
0.366032   9.96  35.12
0.365898   9.96  35.12
0.365898   9.96  35.12
0.365764   9.96  35.12
0.365631   9.96  35.12
0.365497   9.96  35.12
0.365364   9.96  35.12
0.365364   9.95  35.12
0.36523   9.95  35.12
0.365097   9.95  35.12
0.364964   9.95  35.12
0.36483   9.95  35.12
0.364697   9.94  35.12
0.364564   9.93  35.12
0.364299   9.93  35.12
0.364299   9.93  35.12
0.364166   9.92  35.12
0.364033   9.92  35.12
0.363769   9.91  35.12
0.363636   9.92  35.12
0.36324   9.92  35.12
0.362976   9.9  35.12
0.362582   9.9  35.12
0.362188   9.88  35.12
0.361795   9.88  35.12
0.361402   9.85  35.12
0.360881   9.84  35.12
0.36049   9.82  35.12
0.360101   9.81  35.12
0.359712   9.8  35.12
0.359454   9.81  35.12
0.359066   9.81  35.12
0.35868   9.82  35.12
0.358423   9.8  35.12
0.358166   9.78  35.12
0.35791   9.78  35.12
0.357654   9.78  35.11
0.357398   9.77  35.11
0.357143   9.78  35.11
0.357015   9.76  35.11
0.356888   9.75  35.11
0.356633   9.73  35.11
0.356506   9.72  35.11
0.356379   9.71  35.11
0.356125   9.7  35.11
0.355872   9.71  35.11
0.355619   9.69  35.11
0.355492   9.68  35.11
0.355492   9.68  35.11
0.35524   9.69  35.11
0.354988   9.69  35.11
0.354862   9.67  35.11
0.35461   9.64  35.11
0.354359   9.64  35.11
0.354108   9.64  35.11
0.353857   9.63  35.11
0.353607   9.62  35.11
0.353482   9.61  35.11
0.353232   9.62  35.11
0.352983   9.62  35.11
0.352609   9.61  35.11
0.352485   9.6  35.11
0.352237   9.61  35.11
0.352113   9.61  35.11
0.351989   9.61  35.11
0.351865   9.6  35.11
0.351617   9.58  35.11
0.351494   9.57  35.11
0.351247   9.57  35.11
0.351124   9.58  35.11
0.350877   9.57  35.11
0.350631   9.57  35.11
0.350385   9.56  35.11
0.35014   9.55  35.11
0.349895   9.55  35.11
0.34965   9.54  35.11
0.349528   9.53  35.11
0.349284   9.54  35.11
0.34904   9.53  35.11
0.348797   9.53  35.11
0.348554   9.5  35.11
0.348311   9.49  35.11
0.348068   9.48  35.11
0.347705   9.49  35.11
0.347222   9.48  35.11
0.346981   9.47  35.11
0.34662   9.47  35.11
0.34626   9.44  35.11
0.346021   9.44  35.11
0.345781   9.43  35.11
0.345662   9.42  35.11
0.345543   9.42  35.11
0.345304   9.41  35.11
0.345066   9.42  35.11
0.344828   9.41  35.11
0.344471   9.4  35.11
0.344116   9.4  35.11
0.343643   9.38  35.11
0.343407   9.38  35.11
0.343171   9.37  35.11
0.342936   9.37  35.11
0.342583   9.36  35.11
0.342231   9.34  35.11
0.341997   9.33  35.11
0.341647   9.31  35.11
0.341413   9.31  35.11
0.34118   9.31  35.11
0.340948   9.3  35.11
0.340716   9.29  35.11
0.340483   9.28  35.11
0.340252   9.28  35.11
0.339905   9.28  35.11
0.339559   9.26  35.11
0.339443   9.25  35.11
0.339328   9.25  35.11
0.339213   9.24  35.11
0.338983   9.23  35.11
0.338639   9.22  35.11
0.338409   9.21  35.11
0.338181   9.22  35.11
0.337952   9.21  35.11
0.33761   9.2  35.11
0.337382   9.18  35.11
0.337154   9.18  35.11
0.336814   9.19  35.11
0.336587   9.17  35.11
0.336361   9.17  35.11
0.336022   9.16  35.11
0.335909   9.16  35.11
0.33557   9.16  35.11
0.335345   9.16  35.11
0.335121   9.16  35.11
0.334896   9.14  35.11
0.334672   9.13  35.11
0.334448   9.11  35.11
0.334113   9.07  35.11
0.33389   9.06  35.11
0.333556   9.06  35.11
0.333222   9.05  35.11
0.332889   9.05  35.11
0.332779   9.06  35.11
0.332557   9.05  35.11
0.332226   9.03  35.11
0.331895   9.01  35.11
0.331565   9.01  35.11
0.331126   8.99  35.11
0.330797   8.99  35.11
0.33036   8.99  35.11
0.329924   8.98  35.11
0.329489   8.96  35.11
0.329164   8.95  35.11
0.328839   8.93  35.11
0.328407   8.93  35.11
0.327976   8.9  35.11
0.327654   8.89  35.11
0.327332   8.89  35.11
0.327011   8.89  35.11
0.326797   8.87  35.11
0.326584   8.86  35.11
0.326371   8.85  35.11
0.326158   8.84  35.11
0.325945   8.84  35.11
0.325627   8.83  35.11
0.325309   8.83  35.11
0.325203   8.82  35.11
0.324992   8.81  35.11
0.324675   8.82  35.11
0.324465   8.82  35.11
0.324254   8.81  35.11
0.324044   8.8  35.11
0.323834   8.78  35.11
0.323625   8.78  35.11
0.323415   8.76  35.11
0.323206   8.76  35.11
0.323102   8.75  35.11
0.322997   8.76  35.11
0.322893   8.76  35.11
0.322789   8.77  35.11
0.322581   8.76  35.11
0.322373   8.73  35.11
0.322165   8.72  35.11
0.321958   8.72  35.11
0.321854   8.71  35.11
0.321647   8.69  35.11
0.32144   8.69  35.1
0.321234   8.68  35.1
0.321027   8.68  35.1
0.320718   8.69  35.1
0.32041   8.67  35.1
0.320205   8.67  35.1
0.320102   8.66  35.1
0.319898   8.66  35.1
0.319591   8.66  35.1
0.319285   8.65  35.1
0.319081   8.63  35.1
0.318979   8.63  35.1
0.318674   8.63  35.1
0.31837   8.62  35.1
0.318066   8.62  35.1
0.317763   8.62  35.1
0.31746   8.61  35.1
0.317158   8.59  35.1
0.316857   8.59  35.1
0.316556   8.58  35.1
0.316456   8.58  35.1
0.316256   8.6  35.1
0.316156   8.61  35.1
0.316056   8.61  35.1
0.315856   8.59  35.1
0.315657   8.6  35.1
0.315457   8.61  35.1
0.315159   8.61  35.1
0.314861   8.62  35.1
0.314663   8.61  35.1
0.314465   8.56  35.1
0.31407   8.56  35.1
0.313775   8.52  35.1
0.313283   8.48  35.1
0.312989   8.48  35.1
0.312598   8.47  35.1
0.312305   8.47  35.1
0.312012   8.45  35.1
0.311818   8.44  35.1
0.311526   8.45  35.1
0.311236   8.43  35.1
0.310945   8.43  35.1
0.310752   8.41  35.1
0.310463   8.41  35.1
0.310174   8.41  35.1
0.309885   8.41  35.1
0.309598   8.41  35.1
0.309406   8.39  35.1
0.309215   8.38  35.1
0.309119   8.38  35.1
0.308928   8.38  35.1
0.308737   8.37  35.1
0.308547   8.36  35.1
0.308452   8.35  35.1
0.308356   8.34  35.1
0.308166   8.34  35.1
0.308071   8.35  35.1
0.307882   8.34  35.1
0.307787   8.34  35.1
0.307598   8.34  35.1
0.307314   8.31  35.1
0.307125   8.3  35.1
0.306937   8.29  35.1
0.306748   8.28  35.1
0.306654   8.27  35.1
0.30656   8.27  35.1
0.306279   8.27  35.1
0.306185   8.27  35.1
0.305998   8.27  35.1
0.30581   8.27  35.1
0.305623   8.27  35.1
0.305344   8.27  35.1
0.305064   8.27  35.1
0.304878   8.24  35.1
0.304599   8.23  35.1
0.304321   8.22  35.1
0.303951   8.22  35.1
0.303767   8.21  35.1
0.303582   8.2  35.1
0.303306   8.18  35.1
0.30303   8.17  35.1
0.302755   8.17  35.1
0.302389   8.15  35.1
0.302115   8.13  35.1
0.301841   8.13  35.1
0.301568   8.13  35.1
0.301296   8.13  35.1
0.300933   8.14  35.1
0.300661   8.12  35.1
0.300391   8.12  35.1
0.30012   8.12  35.1
0.29985   8.12  35.1
0.299581   8.09  35.1
0.299312   8.05  35.1
0.299043   8.04  35.1
0.298686   8.03  35.1
0.298329   8.03  35.1
0.298063   8.03  35.1
0.297708   8.01  35.1
0.297442   8.01  35.1
0.297265   8.01  35.1
0.297089   8  35.1
0.296736   7.99  35.1
0.29656   7.99  35.1
0.296384   7.99  35.1
0.296121   7.99  35.1
0.295946   7.99  35.09
0.29577   7.96  35.09
0.295596   7.95  35.09
0.295334   7.95  35.09
0.295072   7.96  35.09
0.294811   7.95  35.09
0.294638   7.94  35.09
0.294551   7.94  35.09
0.294291   7.93  35.09
0.294031   7.91  35.09
0.293772   7.91  35.09
0.2936   7.92  35.09
0.293341   7.92  35.09
0.293169   7.9  35.09
0.292912   7.9  35.09
0.29274   7.88  35.09
0.292569   7.88  35.09
0.292398   7.86  35.09
0.292227   7.86  35.09
0.292056   7.86  35.09
0.291971   7.86  35.09
0.2918   7.86  35.09
0.29163   7.85  35.09
0.29146   7.84  35.09
0.29129   7.84  35.09
0.291121   7.82  35.09
0.290951   7.82  35.09
0.290782   7.82  35.09
0.290613   7.81  35.09
0.290529   7.82  35.09
0.290444   7.81  35.09
0.29036   7.8  35.09
0.290107   7.79  35.09
0.289939   7.8  35.09
0.289855   7.79  35.09
0.289603   7.78  35.09
0.289436   7.77  35.09
0.289184   7.75  35.09
0.289017   7.74  35.09
0.28885   7.74  35.09
0.288684   7.74  35.09
0.288517   7.74  35.09
0.288268   7.73  35.09
0.288101   7.72  35.09
0.287936   7.72  35.09
0.28777   7.72  35.09
0.287604   7.73  35.09
0.287439   7.73  35.09
0.287274   7.74  35.09
0.287191   7.72  35.09
0.286944   7.71  35.09
0.286779   7.69  35.09
0.286533   7.67  35.09
0.286369   7.67  35.09
0.286123   7.69  35.09
0.285878   7.68  35.09
0.285633   7.66  35.09
0.28547   7.65  35.09
0.285225   7.64  35.09
0.285063   7.63  35.09
0.284819   7.63  35.09
0.284657   7.62  35.09
0.284495   7.62  35.09
0.284252   7.6  35.09
0.284091   7.59  35.09
0.28401   7.59  35.09
0.283768   7.59  35.09
0.283447   7.58  35.09
0.283046   7.58  35.09
0.282805   7.57  35.09
0.282725   7.55  35.09
0.282566   7.55  35.09
0.282406   7.56  35.09
0.282247   7.56  35.09
0.282008   7.55  35.09
0.281849   7.55  35.09
0.281611   7.55  35.09
0.281373   7.55  35.09
0.281136   7.53  35.09
0.280899   7.56  35.09
0.280662   7.55  35.09
0.280348   7.51  35.09
0.279955   7.48  35.09
0.279642   7.48  35.09
0.279408   7.48  35.09
0.279174   7.48  35.09
0.278784   7.47  35.09
0.278552   7.47  35.09
0.278242   7.48  35.09
0.277932   7.46  35.09
0.277624   7.44  35.09
0.277469   7.42  35.09
0.277162   7.4  35.08
0.276855   7.4  35.08
0.276702   7.41  35.08
0.276472   7.42  35.08
0.276243   7.42  35.08
0.275938   7.42  35.08
0.275634   7.38  35.08
0.275482   7.37  35.08
0.275255   7.36  35.08
0.274952   7.36  35.08
0.27465   7.35  35.08
0.274499   7.35  35.08
0.274273   7.34  35.08
0.274048   7.36  35.08
0.273823   7.34  35.08
0.273598   7.32  35.08
0.273373   7.32  35.08
0.273149   7.31  35.08
0.273   7.29  35.08
0.272777   7.28  35.08
0.27248   7.26  35.08
0.272257   7.25  35.08
0.271961   7.26  35.08
0.271739   7.25  35.08
0.271444   7.25  35.08
0.271297   7.23  35.08
0.271076   7.22  35.08
0.270856   7.21  35.08
0.270709   7.19  35.08
0.27049   7.19  35.08
0.27027   7.19  35.08
0.270124   7.2  35.08
0.269833   7.19  35.08
0.269614   7.16  35.08
0.269397   7.16  35.08
0.269179   7.15  35.08
0.268889   7.14  35.08
0.268745   7.13  35.08
0.268528   7.14  35.08
0.26824   7.13  35.08
0.268025   7.12  35.08
0.267881   7.12  35.08
0.267666   7.13  35.08
0.267523   7.13  35.08
0.267308   7.13  35.08
0.267023   7.15  35.08
0.266738   7.14  35.08
0.266525   7.13  35.08
0.266312   7.12  35.08
0.266241   7.11  35.08
0.266028   7.09  35.08
0.265745   7.09  35.08
0.265534   7.07  35.08
0.265322   7.04  35.08
0.265182   7.03  35.08
0.264971   7.03  35.07
0.26469   7.02  35.08
0.26441   7.01  35.07
0.264201   7.03  35.07
0.263852   7.03  35.07
0.263505   7.03  35.07
0.263227   7  35.07
0.263019   7  35.07
0.262674   6.99  35.07
0.262398   6.98  35.07
0.262123   6.96  35.07
0.261849   6.94  35.07
0.261575   6.94  35.07
0.261301   6.92  35.07
0.261028   6.92  35.07
0.260756   6.94  35.07
0.260485   6.94  35.07
0.260281   6.92  35.07
0.260146   6.92  35.07
0.259943   6.92  35.07
0.259808   6.95  35.07
0.259605   6.93  35.07
0.259403   6.94  35.07
0.259269   6.91  35.07
0.259067   6.9  35.07
0.258866   6.86  35.07
0.258665   6.84  35.07
0.258465   6.85  35.07
0.258065   6.84  35.07
0.257732   6.83  35.07
0.257467   6.82  35.07
0.2574   6.81  35.07
0.257069   6.81  35.07
0.256871   6.78  35.07
0.256674   6.78  35.07
0.256476   6.78  35.07
0.256279   6.78  35.07
0.256082   6.78  35.07
0.255754   6.8  35.07
0.255363   6.81  35.07
0.254972   6.78  35.07
0.254712   6.75  35.07
0.254388   6.74  35.07
0.254001   6.73  35.07
0.253614   6.74  35.07
0.253357   6.73  35.07
0.2531   6.71  35.07
0.252717   6.69  35.07
0.252461   6.68  35.07
0.252207   6.67  35.07
0.251953   6.66  35.07
0.251699   6.66  35.07
0.251319   6.65  35.07
0.250941   6.64  35.07
0.250564   6.63  35.07
0.250313   6.61  35.07
0.25   6.61  35.07
0.24975   6.6  35.07
0.249439   6.59  35.07
0.249066   6.59  35.07
0.248694   6.58  35.07
0.248385   6.58  35.07
0.248077   6.57  35.07
0.247647   6.57  35.07
0.247402   6.55  35.07
0.247341   6.55  35.07
0.247341   6.55  35.07
0.247341   6.55  35.07
0.247341   6.53  35.07
0.247341   6.52  35.07
0.247341   6.53  35.07
0.247341   6.52  35.07
0.247341   6.5  35.07
0.247341   6.5  35.07
0.247341   6.5  35.07
0.247341   6.5  35.07
0.247341   6.48  35.07
0.247341   6.48  35.07
0.247341   6.47  35.07
0.247341   6.46  35.07
0.247341   6.46  35.07
0.247341   6.46  35.07
0.247341   6.44  35.07
0.247341   6.43  35.07
0.247341   6.42  35.07
0.247341   6.42  35.07
0.247341   6.42  35.07
0.247341   6.41  35.07
0.247341   6.4  35.07
0.247341   6.37  35.07
0.247341   6.37  35.07
0.247341   6.39  35.07
0.247341   6.37  35.07
0.247341   6.37  35.07
0.247341   6.36  35.07
0.247341   6.37  35.07
0.247341   6.36  35.07
0.247341   6.36  35.07
0.247341   6.35  35.07
0.247341   6.35  35.07
0.247341   6.36  35.07
0.247341   6.37  35.07
0.247341   6.37  35.07
0.247341   6.37  35.07
0.247341   6.33  35.07
0.247341   6.27  35.07
0.247341   6.27  35.07
0.247341   6.28  35.07
0.247341   6.28  35.07
0.247341   6.28  35.07
0.247341   6.28  35.07
0.247341   6.28  35.07
0.247341   6.28  35.07
0.247341   6.27  35.07
0.247341   6.27  35.07
0.247341   6.28  35.07
0.247341   6.27  35.07
0.247341   6.27  35.07
0.247341   6.27  35.07
0.247341   6.28  35.07
0.247341   6.28  35.07
0.247341   6.28  35.07
0.247341   6.28  35.07