0.247341   6.36  44.97
0.247341   6.36  44.97
0.247341   6.35  44.97
0.247341   6.35  44.97
0.247341   6.35  44.97
0.247341   6.35  44.97
0.247341   6.37  44.97
0.247341   6.36  44.97
0.247341   6.37  44.97
0.247341   6.33  44.97
0.247341   6.27  44.97
0.247341   6.28  44.97
0.247341   6.28  44.97
0.247341   6.28  44.97
0.247341   6.28  44.97
0.247341   6.27  44.97
0.247341   6.27  44.97
0.247341   6.28  44.97
0.247341   6.27  44.97
0.247341   6.27  44.97
0.247341   6.27  44.97
0.247341   6.28  44.97
0.247341   6.28  44.97
0.247341   6.28  44.97
0.247341   6.28  44.97
0.247341   6.28  44.97
0.247341   6.28  44.97
0.247341   6.28  44.97
0.247341   6.28  44.97
0.247341   6.28  44.97
0.247341   6.28  44.97
0.247341   6.28  44.97
0.247341   6.27  44.97
0.247341   6.28  44.97
0.247341   6.28  44.97
0.247341   6.28  44.97
0.247341   6.28  44.97
0.247341   6.28  44.97
0.247341   6.28  44.97
0.247341   6.28  44.97
0.247341   6.28  44.97
0.247341   6.28  44.97
0.247341   6.28  44.97
0.247341   6.28  44.97
0.247341   6.28  44.97
0.247341   6.28  44.97
0.247341   6.28  44.97
0.247341   6.28  44.96
0.247341   6.27  44.96
0.247341   6.28  44.96
0.247341   6.28  44.96
0.247341   6.28  44.96
0.247341   6.28  44.96
0.247341   6.28  44.96
0.247341   6.28  44.96
0.247341   6.28  44.96
0.247341   6.28  44.96
0.247341   6.28  44.96
0.247341   6.28  44.96
0.247341   6.28  44.96
0.247341   6.28  44.96
0.247341   6.28  44.96
0.247341   6.28  44.96
0.247341   6.28  44.96
0.247341   6.27  44.96
0.247341   6.28  44.96
0.247341   6.27  44.96
0.247341   6.28  44.96
0.247341   6.28  44.96
0.247341   6.28  44.96
0.247341   6.28  44.96
0.247341   6.28  44.96
0.247341   6.28  44.96
0.247341   6.28  44.96
0.247341   6.28  44.96
0.247341   6.28  44.96
0.247341   6.28  44.96
0.247341   6.28  44.96
0.247341   6.28  44.96
0.247341   6.28  44.96
0.247341   6.28  44.96
0.247341   6.28  44.96
0.247341   6.28  44.96
0.247341   6.28  44.96
0.247341   6.28  44.96
0.247341   6.28  44.96
0.247341   6.28  44.96
0.247341   6.28  44.96
0.247341   6.27  44.96
0.247341   6.28  44.96
0.247341   6.28  44.96
0.247341   6.29  44.96
0.247341   6.28  44.96
0.247341   6.28  44.96
0.247341   6.28  44.96
0.247341   6.28  44.96
0.247341   6.29  44.96
0.247341   6.31  44.96
0.247341   6.3  44.96
0.247341   6.3  44.96
0.247341   6.31  44.96
0.247341   6.3  44.96
0.247341   6.29  44.96
0.247341   6.29  44.96
0.247341   6.29  44.96
0.247341   6.29  44.96
0.247341   6.28  44.96
0.247341   6.29  44.96
0.247341   6.28  44.96
0.247341   6.28  44.96
0.247341   6.28  44.96
0.247341   6.28  44.96
0.247341   6.28  44.96
0.247341   6.29  44.96
0.247341   6.28  44.96
0.247341   6.28  44.96
0.247341   6.29  44.96
0.247341   6.28  44.96
0.247341   6.29  44.96
0.247341   6.29  44.96
0.247341   6.29  44.96
0.247341   6.29  44.96
0.247341   6.28  44.96
0.247341   6.28  44.96
0.247341   6.29  44.96
0.247341   6.28  44.96
0.247341   6.28  44.96
0.247341   6.28  44.96
0.247341   6.28  44.95
0.247341   6.28  44.95
0.247341   6.28  44.95
0.247341   6.28  44.95
0.247341   6.28  44.95
0.247341   6.28  44.95
0.247341   6.28  44.95
0.247341   6.28  44.95
0.247341   6.28  44.95
0.247341   6.28  44.95
0.247341   6.29  44.95
0.247341   6.28  44.95
0.247341   6.28  44.95
0.247341   6.29  44.95
0.247341   6.29  44.95
0.247341   6.29  44.95
0.247341   6.28  44.95
0.247341   6.28  44.95
0.247341   6.28  44.95
0.247341   6.28  44.95
0.247341   6.29  44.95
0.247341   6.29  44.95
0.247341   6.29  44.95
0.247341   6.29  44.95
0.247341   6.28  44.95
0.247341   6.28  44.95
0.247341   6.28  44.95
0.247341   6.28  44.95
0.247341   6.29  44.95
0.247341   6.29  44.95
0.247341   6.29  44.95
0.247341   6.29  44.95
0.247341   6.29  44.95
0.247341   6.29  44.95
0.247341   6.3  44.95
0.247341   6.3  44.95
0.247341   6.29  44.95
0.247341   6.3  44.95
0.247341   6.32  44.95
0.247341   6.45  44.95
0.247341   6.35  44.95
0.247341   6.3  44.95
0.247341   6.29  44.95
0.247341   6.28  44.95
0.247341   6.28  44.95
0.247341   6.28  44.95
0.247341   6.28  44.95
0.247341   6.28  44.95
0.247341   6.28  44.95
0.247341   6.28  44.95
0.247341   6.29  44.95
0.247341   6.28  44.95
0.247341   6.28  44.95
0.247341   6.28  44.95
0.247341   6.28  44.95
0.247341   6.28  44.95
0.247341   6.28  44.95
0.247341   6.28  44.95
0.247341   6.28  44.95
0.247341   6.28  44.95
0.247341   6.28  44.95
0.247341   6.29  44.95
0.247341   6.28  44.95
0.247341   6.28  44.95
0.247341   6.28  44.95
0.247341   6.28  44.95
0.247341   6.28  44.95
0.247341   6.28  44.95
0.247341   6.29  44.95
0.247341   6.28  44.94
0.247341   6.28  44.94
0.247341   6.28  44.94
0.247341   6.27  44.94
0.247341   6.28  44.94
0.247341   6.28  44.94
0.247341   6.28  44.94
0.247341   6.28  44.94
0.247341   6.28  44.94
0.247341   6.31  44.94
0.247341   6.3  44.94
0.247341   6.3  44.94
0.247341   6.29  44.94
0.247341   6.29  44.94
0.247341   6.28  44.94
0.247341   6.28  44.94
0.247341   6.28  44.94
0.247341   6.28  44.94
0.247341   6.28  44.94
0.247341   6.28  44.94
0.247341   6.28  44.94
0.247341   6.28  44.94
0.247341   6.28  44.94
0.247341   6.28  44.94
0.247341   6.28  44.94
0.247341   6.28  44.94
0.247341   6.28  44.94
0.247341   6.28  44.94
0.247341   6.28  44.94
0.247341   6.28  44.94
0.247341   6.28  44.94
0.247341   6.29  44.94
0.247341   6.28  44.94
0.247341   6.28  44.94
0.247341   6.28  44.94
0.247341   6.28  44.94
0.247341   6.28  44.94
0.247341   6.28  44.94
0.247341   6.28  44.94
0.247341   6.28  44.94
0.247341   6.28  44.94
0.247341   6.28  44.94
0.247341   6.28  44.93
0.247341   6.28  44.93
0.247341   6.28  44.93
0.247341   6.28  44.93
0.247341   6.28  44.93
0.247341   6.28  44.93
0.247341   6.28  44.93
0.247341   6.28  44.93
0.247341   6.28  44.93
0.247341   6.28  44.93
0.247341   6.28  44.93
0.247341   6.27  44.93
0.247341   6.27  44.93
0.247341   6.28  44.93
0.247341   6.28  44.93
0.247341   6.28  44.93
0.247341   6.28  44.93
0.247341   6.28  44.93
0.247341   6.28  44.93
0.247341   6.27  44.93
0.247341   6.27  44.93
0.247341   6.28  44.93
0.247341   6.28  44.93
0.247341   6.28  44.93
0.247341   6.27  44.93
0.247341   6.27  44.93
0.247341   6.28  44.93
0.247341   6.27  44.93
0.247341   6.27  44.93
0.247341   6.27  44.93
0.247341   6.27  44.93
0.247341   6.27  44.93
0.247341   6.27  44.93
0.247341   6.28  44.93
0.247341   6.27  44.93
0.247341   6.28  44.93
0.247341   6.28  44.93
0.247341   6.28  44.93
0.247341   6.28  44.93
0.247341   6.28  44.93
0.247341   6.28  44.93
0.247341   6.28  44.93
0.247341   6.28  44.93
0.247341   6.3  44.93
0.247341   6.37  44.93
0.247341   6.37  44.93
0.247341   6.37  44.93
0.247341   6.36  44.93
0.247341   6.35  44.93
0.247341   6.35  44.93
0.247341   6.35  44.93
0.247341   6.34  44.93
0.247341   6.35  44.93
0.247341   6.35  44.93
0.247341   6.35  44.93
0.247341   6.36  44.93
0.247341   6.35  44.93
0.247341   6.37  44.93
0.247341   6.38  44.93
0.247341   6.37  44.93
0.247341   6.36  44.93
0.247341   6.35  44.93
0.247341   6.35  44.93
0.247341   6.35  44.93
0.247341   6.36  44.93
0.247341   6.39  44.93
0.247341   6.39  44.93
0.247341   6.41  44.93
0.247341   6.42  44.93
0.247341   6.41  44.93
0.247341   6.41  44.93
0.247341   6.41  44.93
0.247341   6.44  44.93
0.247341   6.46  44.93
0.247341   6.46  44.93
0.247341   6.46  44.93
0.247341   6.49  44.93
0.247341   6.49  44.92
0.247341   6.49  44.92
0.247341   6.5  44.92
0.247341   6.5  44.92
0.247341   6.51  44.92
0.247341   6.52  44.92
0.247341   6.53  44.92
0.247341   6.54  44.92
0.247341   6.53  44.92
0.247341   6.54  44.92
0.247341   6.54  44.92
0.247341   6.55  44.92
0.247341   6.55  44.92
0.247341   6.56  44.92
0.247341   6.57  44.92
0.247341   6.58  44.92
0.247341   6.58  44.92
0.247341   6.57  44.92
0.247341   6.59  44.92
0.247341   6.6  44.92
0.247341   6.61  44.92
0.247341   6.62  44.92
0.247341   6.63  44.92
0.247402   6.63  44.92
0.247586   6.64  44.92
0.247954   6.66  44.92
0.248447   6.71  44.92
0.248942   6.74  44.92
0.249439   6.75  44.92
0.249938   6.76  44.92
0.250188   6.75  44.92
0.250438   6.75  44.92
0.250878   6.76  44.92
0.251256   6.78  44.92
0.251572   6.78  44.92
0.251826   6.78  44.92
0.252016   6.8  44.92
0.252207   6.86  44.92
0.252334   6.88  44.92
0.252461   6.84  44.92
0.252845   6.84  44.92
0.2531   6.85  44.92
0.253165   6.85  44.92
0.253357   6.85  44.92
0.253678   6.88  44.92
0.253936   6.88  44.92
0.254194   6.9  44.92
0.254453   6.88  44.92
0.254777   6.9  44.92
0.255167   6.96  44.92
0.255558   6.96  44.92
0.255885   6.96  44.92
0.256213   6.93  44.92
0.256542   6.91  44.92
0.256871   6.93  44.92
0.257136   6.92  44.92
0.2574   6.92  44.92
0.257666   6.92  44.92
0.257931   6.94  44.92
0.258264   6.95  44.92
0.258665   6.95  44.92
0.259   6.97  44.92
0.259202   6.99  44.92
0.259403   7.01  44.92
0.259605   7.01  44.92
0.259808   7.01  44.92
0.26001   7.02  44.92
0.260213   7.02  44.92
0.260349   7.02  44.92
0.26062   7.02  44.92
0.26096   7.02  44.92
0.261301   7.03  44.92
0.261506   7.04  44.92
0.261643   7.08  44.92
0.261849   7.1  44.92
0.262055   7.11  44.92
0.262192   7.12  44.92
0.262398   7.12  44.92
0.262743   7.12  44.92
0.263089   7.13  44.92
0.263366   7.11  44.91
0.263644   7.12  44.92
0.264061   7.13  44.91
0.26434   7.14  44.91
0.26469   7.14  44.91
0.264971   7.14  44.91
0.265252   7.19  44.91
0.265604   7.21  44.91
0.265887   7.21  44.91
0.266241   7.22  44.91
0.266596   7.23  44.91
0.267023   7.26  44.91
0.267308   7.27  44.91
0.26738   7.26  44.91
0.267523   7.26  44.91
0.267809   7.27  44.91
0.268168   7.3  44.91
0.268312   7.28  44.91
0.268384   7.29  44.91
0.268745   7.29  44.91
0.268962   7.29  44.91
0.269107   7.3  44.91
0.269397   7.33  44.91
0.269833   7.35  44.91
0.27027   7.37  44.91
0.270709   7.38  44.91
0.27115   7.39  44.91
0.271739   7.39  44.91
0.272109   7.4  44.91
0.272331   7.41  44.91
0.272628   7.41  44.91
0.272851   7.4  44.91
0.273149   7.41  44.91
0.273373   7.43  44.91
0.273598   7.43  44.91
0.273823   7.44  44.91
0.274048   7.45  44.91
0.274348   7.46  44.91
0.27465   7.46  44.91
0.274725   7.45  44.91
0.274801   7.47  44.9
0.275103   7.48  44.91
0.275558   7.49  44.91
0.276014   7.52  44.9
0.276243   7.55  44.9
0.276549   7.55  44.9
0.277008   7.55  44.9
0.277546   7.55  44.9
0.277932   7.54  44.9
0.278319   7.55  44.9
0.278629   7.56  44.9
0.278862   7.57  44.9
0.279018   7.59  44.9
0.279174   7.59  44.9
0.27933   7.61  44.9
0.279486   7.62  44.9
0.27972   7.62  44.9
0.280112   7.63  44.9
0.280426   7.63  44.9
0.28082   7.64  44.9
0.281057   7.66  44.9
0.281215   7.67  44.9
0.281452   7.66  44.9
0.28169   7.7  44.9
0.281928   7.68  44.9
0.282247   7.74  44.9
0.282725   7.75  44.9
0.282965   7.79  44.9
0.283126   7.77  44.9
0.283286   7.76  44.9
0.283527   7.77  44.9
0.283849   7.76  44.9
0.284252   7.77  44.9
0.284657   7.78  44.9
0.284819   7.78  44.9
0.285063   7.79  44.9
0.285551   7.82  44.9
0.286123   7.87  44.9
0.286451   7.85  44.9
0.286615   7.84  44.9
0.286779   7.83  44.9
0.286944   7.82  44.9
0.287109   7.84  44.9
0.287356   7.86  44.9
0.287522   7.85  44.9
0.28777   7.86  44.9
0.288184   7.86  44.9
0.288684   7.89  44.9
0.289268   7.91  44.9
0.289687   7.91  44.9
0.290107   7.94  44.9
0.290444   7.95  44.9
0.290867   7.96  44.9
0.291121   7.95  44.9
0.291375   7.97  44.9
0.291715   7.98  44.9
0.291971   7.98  44.9
0.292569   7.98  44.9
0.293083   7.98  44.9
0.293083   7.98  44.9
0.293083   7.98  44.9
0.292997   7.98  44.9
0.292912   7.98  44.9
0.292997   7.99  44.9
0.293083   7.98  44.9
0.293169   7.98  44.9
0.293255   7.99  44.9
0.293341   7.99  44.9
0.293341   7.99  44.9
0.293427   8  44.9
0.293772   8.02  44.9
0.294464   8.05  44.9
0.294985   8.08  44.9
0.295334   8.11  44.9
0.295683   8.1  44.9
0.295683   8.08  44.9
0.29577   8.11  44.9
0.296296   8.16  44.9
0.296824   8.15  44.9
0.297   8.14  44.9
0.297089   8.15  44.9
0.297089   8.14  44.9
0.297177   8.14  44.9
0.297354   8.15  44.9
0.297619   8.15  44.9
0.297974   8.18  44.9
0.298329   8.19  44.89
0.298686   8.19  44.89
0.299043   8.21  44.89
0.299581   8.22  44.89
0.30003   8.23  44.89
0.300391   8.26  44.89
0.300842   8.27  44.89
0.301386   8.28  44.89
0.301568   8.27  44.89
0.301932   8.29  44.89
0.302389   8.29  44.89
0.302847   8.32  44.89
0.303122   8.34  44.89
0.303306   8.35  44.89
0.303582   8.35  44.89
0.303674   8.34  44.89
0.303674   8.34  44.89
0.303859   8.35  44.89
0.304136   8.37  44.89
0.304599   8.38  44.89
0.304785   8.38  44.89
0.304785   8.38  44.89
0.304878   8.38  44.89
0.305064   8.4  44.89
0.305344   8.39  44.89
0.305623   8.38  44.89
0.305904   8.41  44.89
0.305998   8.42  44.89
0.306185   8.42  44.89
0.306466   8.42  44.89
0.30656   8.42  44.89
0.30656   8.43  44.89
0.306843   8.44  44.89
0.307125   8.44  44.89
0.30722   8.44  44.89
0.307409   8.45  44.89
0.307787   8.46  44.89
0.308166   8.46  44.89
0.308452   8.48  44.89
0.308547   8.48  44.89
0.308737   8.49  44.89
0.309023   8.52  44.89
0.309406   8.57  44.89
0.309789   8.62  44.89
0.310078   8.6  44.89
0.31027   8.61  44.89
0.310463   8.6  44.89
0.310655   8.59  44.89
0.310752   8.6  44.89
0.310945   8.63  44.89
0.311139   8.64  44.89
0.311429   8.61  44.89
0.311818   8.61  44.89
0.312305   8.59  44.89
0.3125   8.6  44.89
0.312891   8.63  44.89
0.313283   8.63  44.89
0.31348   8.63  44.89
0.313578   8.62  44.89
0.313676   8.64  44.89
0.313873   8.65  44.89
0.31407   8.65  44.89
0.314169   8.66  44.89
0.314465   8.67  44.89
0.314861   8.68  44.89
0.31506   8.67  44.88
0.315159   8.67  44.88
0.315358   8.68  44.88
0.315657   8.67  44.88
0.315756   8.67  44.88
0.316156   8.69  44.88
0.316756   8.72  44.88
0.317259   8.73  44.88
0.317662   8.76  44.88
0.318066   8.75  44.88
0.31837   8.76  44.88
0.318573   8.77  44.88
0.318776   8.77  44.88
0.318979   8.8  44.88
0.319183   8.81  44.88
0.319591   8.83  44.88
0.320102   8.8  44.88
0.32041   8.81  44.88
0.320513   8.82  44.88
0.320718   8.82  44.88
0.32113   8.84  44.88
0.321543   8.84  44.88
0.32175   8.85  44.88
0.321854   8.85  44.88
0.322061   8.88  44.88
0.322373   8.88  44.88
0.322581   8.88  44.88
0.322685   8.89  44.88
0.322893   8.89  44.88
0.323102   8.89  44.88
0.323311   8.93  44.88
0.32352   8.93  44.88
0.32352   8.92  44.88
0.323729   8.91  44.88
0.323939   8.92  44.88
0.324149   8.93  44.88
0.324359   8.94  44.88
0.32457   8.96  44.88
0.324781   8.97  44.88
0.324886   8.97  44.87
0.324992   8.97  44.87
0.325203   8.97  44.87
0.325415   8.98  44.87
0.325627   8.98  44.87
0.325839   8.99  44.87
0.325945   8.99  44.87
0.326052   9.01  44.87
0.326371   9.02  44.87
0.326584   9.02  44.87
0.326691   9.02  44.87
0.327011   9.05  44.87
0.327332   9.09  44.87
0.327547   9.09  44.87
0.327761   9.09  44.87
0.327976   9.09  44.87
0.328084   9.08  44.87
0.328407   9.08  44.87
0.328731   9.08  44.87
0.328839   9.09  44.87
0.328947   9.13  44.87
0.329164   9.13  44.87
0.329272   9.13  44.87
0.329381   9.13  44.87
0.329489   9.16  44.87
0.329815   9.15  44.87
0.329815   9.15  44.87
0.329815   9.16  44.87
0.329924   9.16  44.87
0.329924   9.15  44.87
0.330142   9.16  44.87
0.330469   9.16  44.87
0.330688   9.15  44.87
0.330907   9.16  44.87
0.331236   9.18  44.87
0.331236   9.17  44.87
0.331236   9.17  44.87
0.331236   9.18  44.87
0.331455   9.19  44.87
0.331895   9.22  44.87
0.332226   9.22  44.87
0.332668   9.22  44.87
0.333   9.21  44.87
0.333   9.21  44.87
0.333   9.21  44.87
0.333   9.2  44.87
0.333   9.21  44.87
0.333222   9.23  44.87
0.333667   9.26  44.87
0.33389   9.25  44.87
0.334113   9.25  44.87
0.334448   9.26  44.87
0.334896   9.28  44.87
0.335233   9.27  44.87
0.335233   9.26  44.87
0.335233   9.27  44.87
0.335345   9.29  44.87
0.33557   9.3  44.87
0.335796   9.31  44.87
0.336247   9.31  44.87
0.336474   9.31  44.86
0.336587   9.33  44.86
0.336814   9.33  44.86
0.337041   9.36  44.86
0.337382   9.37  44.86
0.337724   9.38  44.86
0.337838   9.38  44.86
0.337952   9.38  44.86
0.338066   9.38  44.86
0.338409   9.4  44.86
0.338868   9.4  44.86
0.339098   9.4  44.86
0.339213   9.41  44.86
0.339443   9.43  44.86
0.339789   9.42  44.86
0.340252   9.41  44.86
0.340599   9.43  44.86
0.340716   9.43  44.86
0.340948   9.43  44.86
0.341064   9.46  44.86
0.341297   9.46  44.86
0.341413   9.46  44.86
0.341647   9.47  44.86
0.34188   9.49  44.86
0.342114   9.47  44.86
0.342231   9.47  44.86
0.342349   9.48  44.86
0.342349   9.48  44.86
0.342466   9.49  44.86
0.342583   9.5  44.86
0.3427   9.52  44.86
0.343053   9.52  44.86
0.343171   9.53  44.86
0.343407   9.53  44.86
0.343761   9.53  44.86
0.343997   9.57  44.86
0.344116   9.57  44.86
0.344353   9.57  44.86
0.344471   9.57  44.86
0.344709   9.58  44.86
0.344947   9.59  44.86
0.345185   9.58  44.86
0.345304   9.58  44.86
0.345543   9.58  44.86
0.345781   9.59  44.86
0.345901   9.6  44.86
0.345901   9.6  44.86
0.346021   9.61  44.86
0.346021   9.61  44.86
0.346141   9.6  44.86
0.346021   9.6  44.86
0.346141   9.61  44.86
0.34662   9.62  44.86
0.346861   9.62  44.86
0.346861   9.62  44.86
0.346981   9.63  44.86
0.347222   9.63  44.86
0.347222   9.63  44.86
0.347343   9.63  44.86
0.347464   9.63  44.86
0.347584   9.63  44.86
0.347705   9.63  44.86
0.347826   9.63  44.86
0.347826   9.62  44.86
0.348189   9.65  44.86
0.348675   9.68  44.86
0.349284   9.7  44.86
0.349773   9.7  44.86
0.350385   9.71  44.86
0.350631   9.71  44.86
0.350877   9.73  44.86
0.351   9.74  44.86
0.351   9.74  44.85
0.351124   9.76  44.85
0.35137   9.75  44.85
0.351494   9.76  44.85
0.351741   9.78  44.85
0.351865   9.77  44.85
0.352113   9.77  44.85
0.352237   9.77  44.85
0.352485   9.79  44.85
0.352983   9.82  44.85
0.353232   9.82  44.85
0.353482   9.81  44.85
0.353732   9.81  44.85
0.353857   9.81  44.85
0.354108   9.81  44.85
0.354233   9.81  44.85
0.354359   9.81  44.85
0.354484   9.82  44.85
0.354736   9.84  44.85
0.355114   9.86  44.85
0.355366   9.85  44.85
0.355492   9.85  44.85
0.355872   9.86  44.85
0.356125   9.87  44.85
0.356506   9.9  44.85
0.356888   9.9  44.85
0.356888   9.89  44.85
0.357143   9.91  44.85
0.357398   9.92  44.85
0.357654   9.93  44.85
0.358038   9.93  44.85
0.358295   9.93  44.85
0.358551   9.94  44.85
0.35868   9.93  44.85
0.358938   9.95  44.85
0.359195   9.96  44.85
0.359583   9.96  44.85
0.359842   9.97  44.85
0.360231   9.99  44.85
0.36036   10.01  44.85
0.36062   10.01  44.85
0.360881   10  44.85
0.361141   10.01  44.85
0.361402   10.04  44.85
0.361795   10.02  44.85
0.362056   10.03  44.85
0.36245   10.06  44.84
0.362976   10.07  44.85
0.363372   10.09  44.85
0.363504   10.1  44.84
0.363636   10.11  44.84
0.363901   10.13  44.84
0.364299   10.12  44.84
0.364697   10.14  44.84
0.36483   10.15  44.84
0.364964   10.14  44.84
0.36523   10.14  44.84
0.365497   10.17  44.84
0.365631   10.16  44.84
0.365631   10.16  44.84
0.365898   10.18  44.84
0.366166   10.19  44.84
0.366435   10.18  44.84
0.366569   10.19  44.84
0.366972   10.21  44.84
0.367242   10.22  44.84
0.367242   10.22  44.84
0.367377   10.22  44.84
0.367647   10.22  44.84
0.367918   10.23  44.84
0.368189   10.23  44.84
0.36846   10.24  44.84
0.368732   10.24  44.84
0.36914   10.24  44.84
0.369276   10.24  44.84
0.369413   10.24  44.84
0.369686   10.25  44.84
0.370096   10.25  44.84
0.37037   10.25  44.84
0.370508   10.26  44.84
0.370782   10.28  44.84
0.371058   10.29  44.84
0.371471   10.28  44.84
0.371747   10.28  44.84
0.372301   10.3  44.84
0.372995   10.3  44.84
0.373413   10.32  44.84
0.373832   10.35  44.84
0.374251   10.36  44.84
0.374672   10.38  44.84
0.374953   10.38  44.84
0.374953   10.38  44.84
0.375375   10.38  44.84
0.375657   10.38  44.84
0.375799   10.39  44.84
0.376081   10.4  44.84
0.376081   10.39  44.84
0.37594   10.39  44.84
0.37594   10.39  44.84
0.37594   10.39  44.84
0.375799   10.38  44.84
0.375799   10.38  44.84
0.375799   10.39  44.84
0.37594   10.4  44.84
0.376364   10.41  44.84
0.377074   10.44  44.84
0.377501   10.46  44.84
0.377786   10.46  44.84
0.378215   10.48  44.83
0.378644   10.48  44.84
0.379219   10.49  44.83
0.379795   10.49  44.83
0.380373   10.51  44.83
0.380807   10.52  44.83
0.381098   10.53  44.83
0.381388   10.55  44.83
0.381679   10.57  44.83
0.381825   10.58  44.83
0.381971   10.6  44.83
0.382409   10.6  44.83
0.382409   10.59  44.83
0.382409   10.59  44.83
0.382702   10.62  44.83
0.382995   10.65  44.83
0.382995   10.66  44.83
0.383289   10.67  44.83
0.383583   10.67  44.83
0.38373   10.67  44.83
0.384172   10.68  44.83
0.384468   10.68  44.83
0.384763   10.68  44.83
0.384911   10.68  44.83
0.385208   10.68  44.83
0.385356   10.68  44.83
0.385654   10.69  44.83
0.385951   10.69  44.83
0.38625   10.7  44.83
0.386698   10.7  44.83
0.386997   10.7  44.83
0.387147   10.7  44.83
0.387447   10.7  44.83
0.387597   10.7  44.83
0.387747   10.7  44.83
0.387898   10.71  44.83
0.388199   10.72  44.83
0.38835   10.72  44.83
0.388651   10.73  44.83
0.388651   10.73  44.83
0.388802   10.73  44.83
0.389105   10.73  44.83
0.389257   10.74  44.83
0.389257   10.76  44.83
0.38956   10.78  44.83
0.390016   10.79  44.83
0.390168   10.79  44.83
0.39032   10.79  44.83
0.390472   10.8  44.83
0.39093   10.81  44.83
0.391236   10.85  44.83
0.391696   10.87  44.83
0.39185   10.89  44.83
0.392003   10.9  44.83
0.392311   10.91  44.83
0.392773   10.92  44.83
0.393236   10.93  44.83
0.393546   10.94  44.83
0.393701   10.95  44.83
0.393856   10.96  44.83
0.394011   10.97  44.83
0.394166   10.97  44.83
0.394322   10.97  44.83
0.394633   10.99  44.83
0.394789   11  44.83
0.394945   11.01  44.83
0.395101   11.01  44.83
0.395413   11.02  44.83
0.395726   11.02  44.83
0.39604   11.03  44.83
0.396197   11.04  44.83
0.396668   11.06  44.83
0.396983   11.07  44.83
0.397298   11.08  44.83
0.397456   11.08  44.83
0.397931   11.1  44.83
0.398406   11.1  44.83
0.398565   11.11  44.83
0.398565   11.11  44.83
0.398565   11.11  44.83
0.398565   11.12  44.83
0.398724   11.12  44.83
0.399042   11.13  44.83
0.399361   11.14  44.83
0.399521   11.15  44.83
0.39968   11.15  44.83
0.4   11.15  44.83
0.40016   11.16  44.83
0.40032   11.16  44.83
0.400641   11.17  44.83
0.400962   11.19  44.83
0.400962   11.19  44.82
0.401123   11.19  44.82
0.401284   11.2  44.82
0.401768   11.21  44.82
0.401768   11.21  44.82
0.401768   11.21  44.82
0.401929   11.22  44.82
0.402091   11.23  44.82
0.402253   11.23  44.82
0.402414   11.23  44.82
0.402739   11.25  44.82
0.403063   11.26  44.82
0.403388   11.26  44.82
0.403551   11.27  44.82
0.403714   11.27  44.82
0.403877   11.28  44.82
0.40404   11.29  44.82
0.404531   11.3  44.82
0.404694   11.31  44.82
0.404858   11.31  44.82
0.405022   11.32  44.82
0.405022   11.32  44.82
0.405186   11.32  44.82
0.405351   11.34  44.82
0.405515   11.35  44.82
0.40568   11.35  44.82
0.405844   11.36  44.82
0.405844   11.36  44.82
0.406174   11.37  44.82
0.406339   11.37  44.82
0.406669   11.38  44.82
0.406835   11.38  44.82
0.407   11.38  44.82
0.407166   11.39  44.82
0.407332   11.39  44.82
0.407664   11.4  44.82
0.40783   11.4  44.82
0.40783   11.4  44.82
0.407997   11.41  44.82
0.408163   11.41  44.82
0.408163   11.41  44.82
0.408163   11.41  44.82
0.408163   11.41  44.82
0.408497   11.43  44.82
0.408831   11.45  44.82
0.408998   11.45  44.82
0.409165   11.45  44.82
0.409165   11.46  44.82
0.409333   11.46  44.82
0.409668   11.47  44.82
0.409836   11.48  44.82
0.410172   11.48  44.82
0.410341   11.49  44.82
0.410678   11.5  44.82
0.410846   11.5  44.82
0.411015   11.51  44.82
0.411353   11.52  44.82
0.411353   11.52  44.82
0.411353   11.52  44.82
0.411523   11.52  44.82
0.411692   11.53  44.82
0.411862   11.53  44.82
0.411862   11.53  44.82
0.412031   11.54  44.82
0.412371   11.54  44.82
0.412712   11.55  44.82
0.413052   11.56  44.82
0.413052   11.56  44.82
0.413052   11.56  44.82
0.413223   11.57  44.82
0.413736   11.58  44.82
0.41425   11.58  44.82
0.414594   11.59  44.82
0.415282   11.61  44.82
0.415628   11.62  44.82
0.4158   11.63  44.82
0.415973   11.64  44.82
0.416146   11.64  44.82
0.416493   11.65  44.82
0.41684   11.66  44.82
0.41684   11.67  44.82
0.417188   11.69  44.82
0.417537   11.7  44.82
0.417711   11.71  44.81
0.417885   11.72  44.81
0.418235   11.72  44.81
0.418585   11.73  44.81
0.419111   11.74  44.81
0.419639   11.75  44.81
0.419992   11.76  44.81
0.420521   11.78  44.81
0.421053   11.8  44.81
0.421408   11.81  44.81
0.421941   11.82  44.81
0.422297   11.83  44.81
0.422476   11.84  44.81
0.422654   11.85  44.81
0.423012   11.86  44.81
0.42337   11.86  44.81
0.423729   11.87  44.81
0.423908   11.88  44.81
0.424088   11.89  44.81
0.424268   11.89  44.81
0.424448   11.9  44.81
0.424809   11.9  44.81
0.424989   11.91  44.81
0.42517   11.91  44.81
0.425532   11.92  44.81
0.425894   11.94  44.81
0.426257   11.96  44.81
0.426803   11.97  44.81
0.42735   11.98  44.81
0.428082   11.99  44.81
0.428633   12.01  44.81
0.428816   12.01  44.81
0.429185   12.02  44.81
0.429738   12.03  44.81
0.430293   12.05  44.81
0.430663   12.05  44.81
0.430663   12.05  44.81
0.431034   12.06  44.81
0.431034   12.06  44.81
0.43122   12.07  44.81
0.43122   12.07  44.81
0.43122   12.07  44.81
0.431593   12.08  44.81
0.432339   12.11  44.81
0.4329   12.13  44.81
0.433463   12.14  44.81
0.434028   12.16  44.81
0.434783   12.18  44.81
0.43554   12.2  44.81
0.43592   12.21  44.81
0.43611   12.21  44.81
0.4363   12.23  44.81
0.436681   12.24  44.81
0.436872   12.25  44.8
0.437063   12.26  44.8
0.437445   12.27  44.8
0.437828   12.28  44.8
0.43802   12.28  44.8
0.438404   12.29  44.8
0.438789   12.3  44.8
0.438982   12.31  44.8
0.438982   12.31  44.8
0.439367   12.32  44.8
0.439754   12.33  44.8
0.439754   12.34  44.8
0.440141   12.35  44.8
0.440335   12.35  44.8
0.440723   12.36  44.8
0.440917   12.37  44.8
0.441112   12.38  44.8
0.441501   12.39  44.8
0.441696   12.39  44.8
0.441696   12.4  44.8
0.442087   12.41  44.8
0.44287   12.43  44.8
0.443459   12.44  44.8
0.443656   12.44  44.8
0.443656   12.44  44.8
0.44405   12.45  44.8
0.444642   12.47  44.8
0.44484   12.48  44.8
0.445038   12.48  44.8
0.445434   12.49  44.8
0.445831   12.51  44.8
0.446429   12.52  44.8
0.447027   12.53  44.8
0.447027   12.54  44.8
0.447227   12.54  44.8
0.447427   12.55  44.8
0.447828   12.55  44.8
0.448229   12.57  44.8
0.449035   12.6  44.8
0.44964   12.62  44.8
0.450045   12.64  44.8
0.45045   12.65  44.8
0.450857   12.65  44.8
0.45106   12.66  44.8
0.451264   12.66  44.8
0.451671   12.68  44.8
0.451875   12.68  44.8
0.45208   12.69  44.8
0.452284   12.7  44.8
0.452694   12.71  44.8
0.452899   12.72  44.8
0.453104   12.73  44.8
0.453309   12.74  44.8
0.453515   12.74  44.8
0.453721   12.75  44.8
0.453721   12.75  44.8
0.453926   12.75  44.8
0.454133   12.76  44.8
0.454339   12.77  44.8
0.454545   12.77  44.8
0.454959   12.78  44.8
0.455166   12.78  44.8
0.455373   12.8  44.8
0.455581   12.8  44.8
0.455581   12.81  44.8
0.455996   12.81  44.8
0.456413   12.82  44.8
0.456413   12.83  44.8
0.456621   12.83  44.8
0.45683   12.84  44.8
0.457038   12.85  44.8
0.457247   12.86  44.8
0.457457   12.86  44.8
0.457666   12.86  44.8
0.458085   12.87  44.8
0.458505   12.88  44.8
0.458716   12.88  44.8
0.458716   12.88  44.8
0.458926   12.89  44.8
0.459137   12.9  44.79
0.459348   12.9  44.79
0.459559   12.91  44.79
0.45977   12.92  44.79
0.459982   12.93  44.79
0.460405   12.94  44.79
0.460617   12.94  44.79
0.461042   12.95  44.79
0.461467   12.96  44.79
0.461681   12.97  44.79
0.462107   12.98  44.79
0.462321   12.99  44.79
0.462535   13  44.79
0.462535   13  44.79
0.462963   13  44.79
0.463607   13.03  44.79
0.464037   13.04  44.79
0.464253   13.04  44.79
0.464468   13.05  44.79
0.464468   13.06  44.79
0.464684   13.06  44.79
0.464684   13.06  44.79
0.4649   13.07  44.79
0.465333   13.07  44.79
0.465549   13.08  44.79
0.465983   13.1  44.79
0.4662   13.11  44.79
0.466418   13.12  44.79
0.466636   13.12  44.79
0.466853   13.13  44.79
0.467071   13.13  44.79
0.467071   13.13  44.79
0.46729   13.14  44.79
0.467727   13.14  44.79
0.467946   13.16  44.79
0.468165   13.16  44.79
0.468165   13.17  44.79
0.468384   13.18  44.79
0.468823   13.19  44.79
0.469043   13.2  44.79
0.469043   13.2  44.79
0.469263   13.2  44.79
0.469484   13.21  44.79
0.469484   13.22  44.79
0.469704   13.22  44.79
0.469925   13.22  44.79
0.470367   13.24  44.79
0.470588   13.24  44.79
0.470588   13.25  44.79
0.470588   13.25  44.79
0.471032   13.26  44.79
0.471254   13.26  44.79
0.471698   13.28  44.79
0.471921   13.29  44.79
0.47259   13.31  44.79
0.472813   13.32  44.79
0.472813   13.32  44.79
0.472813   13.32  44.79
0.473037   13.32  44.79
0.473261   13.33  44.79
0.473485   13.33  44.79
0.473485   13.34  44.79
0.473485   13.34  44.79
0.473485   13.34  44.79
0.473709   13.34  44.79
0.473934   13.35  44.79
0.474158   13.35  44.79
0.474608   13.37  44.79
0.475059   13.37  44.79
0.475285   13.38  44.79
0.475511   13.39  44.79
0.475511   13.39  44.79
0.475511   13.39  44.79
0.475737   13.4  44.79
0.475964   13.41  44.79
0.47619   13.41  44.79
0.476417   13.42  44.79
0.476644   13.43  44.79
0.476872   13.43  44.79
0.477327   13.44  44.79
0.477555   13.44  44.79
0.477783   13.44  44.79
0.477783   13.45  44.79
0.478011   13.45  44.78
0.478011   13.47  44.78
0.47824   13.47  44.78
0.47824   13.47  44.78
0.478469   13.48  44.78
0.478698   13.48  44.78
0.478927   13.49  44.78
0.478927   13.5  44.78
0.479157   13.5  44.78
0.479157   13.5  44.78
0.479386   13.51  44.78
0.479846   13.52  44.78
0.480538   13.53  44.78
0.481   13.54  44.78
0.481   13.55  44.78
0.481232   13.55  44.78
0.481464   13.56  44.78
0.481696   13.57  44.78
0.481928   13.58  44.78
0.48216   13.58  44.78
0.482625   13.59  44.78
0.482859   13.6  44.78
0.483092   13.61  44.78
0.483559   13.62  44.78
0.484027   13.63  44.78
0.484262   13.64  44.78
0.484496   13.65  44.78
0.484731   13.66  44.78
0.485201   13.67  44.78
0.485201   13.67  44.78
0.485201   13.67  44.78
0.485201   13.68  44.78
0.485201   13.68  44.78
0.485437   13.68  44.77
0.485437   13.68  44.77
0.485437   13.68  44.78
0.485909   13.71  44.77
0.486145   13.71  44.78
0.486145   13.71  44.77
0.486381   13.72  44.77
0.486855   13.72  44.77
0.487092   13.73  44.77
0.487567   13.75  44.77
0.487805   13.75  44.77
0.488043   13.76  44.77
0.488281   13.76  44.77
0.48852   13.77  44.77
0.488759   13.78  44.77
0.489237   13.79  44.77
0.489476   13.8  44.77
0.489476   13.8  44.77
0.489716   13.81  44.77
0.489956   13.82  44.77
0.490196   13.82  44.77
0.490436   13.82  44.77
0.490436   13.83  44.77
0.490677   13.83  44.77
0.490918   13.84  44.77
0.491159   13.84  44.77
0.491159   13.84  44.77
0.491159   13.85  44.77
0.491159   13.85  44.77
0.491159   13.85  44.77
0.4914   13.85  44.77
0.4914   13.85  44.77
0.4914   13.85  44.77
0.491642   13.86  44.77
0.491642   13.87  44.77
0.491884   13.87  44.77
0.491884   13.87  44.77
0.492126   13.88  44.77
0.492368   13.89  44.77
0.492611   13.89  44.77
0.492854   13.9  44.77
0.493097   13.91  44.77
0.493583   13.92  44.77
0.493827   13.92  44.77
0.494071   13.92  44.77
0.494071   13.93  44.77
0.494071   13.93  44.77
0.494315   13.95  44.77
0.49456   13.95  44.77
0.494805   13.95  44.77
0.494805   13.96  44.77
0.494805   13.96  44.77
0.49505   13.97  44.77
0.49554   13.97  44.77
0.496278   13.99  44.77
0.496524   14.01  44.77
0.496771   14.01  44.77
0.496771   14.01  44.77
0.497018   14.02  44.77
0.497265   14.03  44.77
0.497512   14.03  44.77
0.497512   14.04  44.77
0.49776   14.05  44.77
0.498504   14.07  44.77
0.499002   14.08  44.77
0.499251   14.09  44.77
0.49975   14.11  44.77
0.5   14.11  44.77
0.5   14.12  44.77
0.5   14.12  44.77
0.50025   14.13  44.77
0.50025   14.13  44.77
0.500501   14.13  44.77
0.500751   14.14  44.77
0.500751   14.14  44.77
0.501002   14.14  44.77
0.501002   14.15  44.77
0.501002   14.15  44.77
0.501253   14.16  44.77
0.501505   14.17  44.77
0.501756   14.18  44.77
0.501756   14.18  44.76
0.502008   14.18  44.76
0.50226   14.18  44.76
0.502513   14.19  44.76
0.502765   14.2  44.76
0.503018   14.2  44.76
0.503018   14.21  44.76
0.503271   14.22  44.76
0.503525   14.22  44.76
0.503778   14.23  44.76
0.504286   14.24  44.76
0.504541   14.25  44.76
0.504541   14.26  44.76
0.504541   14.26  44.76
0.504796   14.28  44.76
0.505051   14.28  44.76
0.505051   14.28  44.76
0.505306   14.28  44.76
0.505561   14.28  44.76
0.505817   14.29  44.76
0.506073   14.3  44.76
0.506329   14.3  44.76
0.506329   14.3  44.76
0.506586   14.3  44.76
0.506842   14.32  44.76
0.506842   14.32  44.76
0.506842   14.32  44.76
0.506842   14.33  44.76
0.507099   14.34  44.76
0.507357   14.34  44.76
0.507614   14.35  44.76
0.507872   14.36  44.76
0.507872   14.36  44.76
0.50813   14.36  44.76
0.508647   14.37  44.76
0.508906   14.38  44.76
0.508906   14.38  44.76
0.508906   14.39  44.76
0.509424   14.4  44.76
0.509944   14.4  44.76
0.509944   14.4  44.76
0.509944   14.41  44.76
0.509944   14.41  44.76
0.510204   14.42  44.76
0.510465   14.43  44.76
0.510725   14.43  44.76
0.510725   14.43  44.76
0.510725   14.43  44.76
0.510986   14.44  44.76
0.510986   14.44  44.76
0.511247   14.46  44.76
0.511771   14.46  44.76
0.512033   14.47  44.76
0.512295   14.48  44.76
0.512558   14.49  44.76
0.513084   14.5  44.76
0.513611   14.51  44.76
0.514139   14.53  44.76
0.514403   14.54  44.76
0.514403   14.54  44.76
0.514403   14.54  44.76
0.514668   14.54  44.76
0.514668   14.54  44.76
0.515198   14.56  44.76
0.515996   14.58  44.76
0.516529   14.6  44.75
0.516796   14.61  44.75
0.517063   14.61  44.75
0.517063   14.62  44.75
0.517063   14.62  44.75
0.517598   14.63  44.75
0.518135   14.64  44.75
0.518403   14.66  44.75
0.518403   14.66  44.75
0.518672   14.66  44.75
0.518941   14.67  44.75
0.518941   14.67  44.75
0.518941   14.68  44.75
0.518941   14.68  44.75
0.518941   14.68  44.75
0.519481   14.68  44.75
0.519751   14.69  44.75
0.520021   14.7  44.75
0.520291   14.7  44.75
0.520833   14.71  44.75
0.521105   14.73  44.75
0.521376   14.75  44.75
0.521921   14.76  44.75
0.522193   14.76  44.75
0.522193   14.76  44.75
0.522193   14.77  44.75
0.522739   14.77  44.75
0.522739   14.77  44.75
0.522739   14.78  44.75
0.522739   14.78  44.75
0.522739   14.77  44.75
0.522466   14.78  44.75
0.522739   14.79  44.75
0.523013   14.79  44.75
0.523286   14.81  44.75
0.523834   14.81  44.75
0.524109   14.83  44.75
0.524384   14.83  44.75
0.524934   14.83  44.75
0.52521   14.85  44.75
0.525486   14.85  44.75
0.525762   14.86  44.75
0.526039   14.87  44.75
0.526316   14.88  44.75
0.526593   14.89  44.75
0.52687   14.91  44.75
0.527426   14.92  44.75
0.527704   14.93  44.75
0.527704   14.93  44.75
0.527704   14.93  44.75
0.527704   14.93  44.75
0.527983   14.95  44.75
0.528262   14.95  44.75
0.528821   14.96  44.75
0.529101   14.96  44.75
0.529101   14.96  44.75
0.529101   14.96  44.75
0.529101   14.98  44.75
0.529661   14.98  44.75
0.529942   15  44.75
0.530223   15  44.75
0.530504   15.01  44.75
0.531067   15.02  44.75
0.531632   15.04  44.75
0.532198   15.05  44.75
0.532198   15.06  44.75
0.532198   15.06  44.75
0.532481   15.07  44.75
0.533049   15.08  44.75
0.533333   15.1  44.75
0.533618   15.1  44.75
0.533618   15.1  44.75
0.533618   15.1  44.75
0.533618   15.1  44.75
0.533903   15.11  44.75
0.533903   15.11  44.75
0.533903   15.11  44.75
0.533903   15.12  44.75
0.534474   15.13  44.75
0.535045   15.14  44.75
0.535619   15.15  44.75
0.535906   15.16  44.75
0.535906   15.17  44.75
0.535906   15.17  44.75
0.536193   15.17  44.75
0.536193   15.17  44.75
0.536193   15.18  44.75
0.537057   15.21  44.75
0.537346   15.21  44.75
0.537346   15.21  44.75
0.537634   15.21  44.75
0.537634   15.21  44.75
0.537924   15.22  44.75
0.538213   15.23  44.75
0.538793   15.25  44.75
0.538793   15.25  44.75
0.539084   15.25  44.75
0.539665   15.27  44.75
0.540249   15.29  44.75
0.540541   15.3  44.74
0.540833   15.3  44.74
0.541419   15.31  44.75
0.541712   15.34  44.74
0.542299   15.34  44.74
0.542594   15.35  44.74
0.542888   15.36  44.74
0.542888   15.37  44.74
0.543183   15.38  44.74
0.543774   15.39  44.74
0.54407   15.4  44.74
0.54407   15.4  44.74
0.54407   15.4  44.74
0.544366   15.42  44.74
0.544662   15.42  44.74
0.544959   15.42  44.74
0.544959   15.42  44.74
0.544959   15.43  44.74
0.544959   15.43  44.74
0.544959   15.44  44.74
0.545256   15.44  44.74
0.545554   15.45  44.74
0.545852   15.46  44.74
0.545852   15.47  44.74
0.54615   15.47  44.74
0.54615   15.48  44.74
0.546448   15.48  44.74
0.547345   15.5  44.74
0.548246   15.52  44.74
0.548546   15.52  44.74
0.548847   15.53  44.74
0.548847   15.54  44.74
0.549451   15.55  44.74
0.549451   15.57  44.74
0.549753   15.57  44.74
0.549753   15.57  44.74
0.549753   15.58  44.74
0.550358   15.59  44.74
0.550964   15.6  44.74
0.551268   15.61  44.74
0.551268   15.61  44.74
0.551876   15.63  44.74
0.552181   15.63  44.74
0.552181   15.63  44.74
0.552181   15.63  44.74
0.552486   15.65  44.74
0.552792   15.65  44.74
0.552792   15.65  44.74
0.552792   15.66  44.73
0.553097   15.67  44.74
0.553403   15.68  44.74
0.55371   15.69  44.73
0.554017   15.69  44.73
0.554324   15.7  44.73
0.554324   15.71  44.73
0.554324   15.71  44.73
0.554631   15.71  44.73
0.554631   15.72  44.73
0.555247   15.73  44.73
0.555247   15.74  44.73
0.555864   15.75  44.73
0.555864   15.76  44.73
0.556174   15.77  44.73
0.556793   15.78  44.73
0.556793   15.8  44.73
0.557414   15.8  44.73
0.557724   15.81  44.73
0.558036   15.82  44.73
0.558347   15.82  44.73
0.558659   15.83  44.73
0.558971   15.84  44.73
0.558971   15.84  44.73
0.559284   15.84  44.73
0.559284   15.85  44.73
0.55991   15.86  44.73
0.560224   15.88  44.73
0.560224   15.88  44.73
0.560224   15.89  44.73
0.560538   15.89  44.73
0.560538   15.9  44.73
0.560538   15.9  44.73
0.561167   15.91  44.73
0.561482   15.92  44.73
0.561798   15.92  44.73
0.562114   15.94  44.73
0.56243   15.95  44.73
0.562746   15.96  44.73
0.562746   15.96  44.73
0.562746   15.96  44.73
0.562746   15.96  44.73
0.56338   15.97  44.73
0.564016   15.99  44.73
0.564653   16  44.73
0.564653   16.02  44.73
0.565291   16.02  44.73
0.565611   16.03  44.73
0.565931   16.04  44.73
0.565931   16.05  44.73
0.566251   16.06  44.73
0.566572   16.06  44.73
0.566893   16.07  44.73
0.567215   16.08  44.73
0.567859   16.1  44.73
0.568828   16.12  44.73
0.569152   16.13  44.73
0.569476   16.14  44.73
0.569801   16.14  44.73
0.569801   16.15  44.73
0.569801   16.16  44.73
0.569801   16.16  44.73
0.570451   16.18  44.73
0.570776   16.2  44.73
0.571102   16.2  44.73
0.571429   16.2  44.73
0.571429   16.2  44.73
0.571429   16.21  44.73
0.571429   16.21  44.73
0.571755   16.22  44.73
0.572082   16.23  44.73
0.57241   16.24  44.73
0.572738   16.25  44.72
0.573066   16.25  44.72
0.573066   16.27  44.72
0.573394   16.27  44.72
0.573723   16.28  44.72
0.574053   16.29  44.72
0.574053   16.29  44.72
0.574383   16.29  44.72
0.574383   16.29  44.72
0.574383   16.3  44.72
0.574713   16.3  44.72
0.574713   16.31  44.72
0.575043   16.32  44.72
0.575705   16.34  44.72
0.576037   16.35  44.72
0.576369   16.36  44.72
0.576369   16.36  44.72
0.576369   16.36  44.72
0.576701   16.36  44.72
0.577034   16.37  44.72
0.577367   16.38  44.72
0.577701   16.38  44.72
0.578035   16.4  44.72
0.578369   16.4  44.72
0.579039   16.43  44.72
0.57971   16.45  44.72
0.57971   16.46  44.72
0.580046   16.46  44.72
0.580383   16.46  44.72
0.580383   16.46  44.72
0.581058   16.48  44.72
0.581734   16.5  44.72
0.582411   16.52  44.72
0.58309   16.54  44.72
0.583431   16.55  44.72
0.583771   16.56  44.72
0.583771   16.56  44.72
0.584112   16.57  44.72
0.584112   16.58  44.72
0.584795   16.6  44.72
0.585823   16.62  44.72
0.58651   16.64  44.72
0.587199   16.66  44.72
0.587544   16.67  44.72
0.587544   16.68  44.72
0.587544   16.68  44.72
0.587889   16.69  44.72
0.588235   16.7  44.72
0.588235   16.7  44.72
0.588235   16.7  44.72
0.588235   16.71  44.72
0.588582   16.72  44.72
0.588928   16.73  44.72
0.589275   16.74  44.72
0.589275   16.74  44.72
0.589275   16.74  44.72
0.589275   16.74  44.72
0.589275   16.74  44.72
0.588928   16.74  44.72
0.588928   16.74  44.72
0.589275   16.74  44.72
0.589623   16.75  44.72
0.590319   16.77  44.72
0.590667   16.77  44.72
0.590667   16.78  44.72
0.591017   16.78  44.71
0.591366   16.79  44.72
0.591366   16.81  44.72
0.592066   16.82  44.71
0.592417   16.83  44.71
0.592768   16.84  44.71
0.59312   16.85  44.71
0.593472   16.86  44.71
0.593824   16.87  44.71
0.594177   16.88  44.71
0.594177   16.88  44.71
0.59453   16.89  44.71
0.59453   16.9  44.71
0.594884   16.9  44.71
0.594884   16.9  44.71
0.594884   16.91  44.71
0.595238   16.91  44.71
0.595593   16.92  44.71
0.595593   16.93  44.71
0.595948   16.93  44.71
0.595948   16.93  44.71
0.595948   16.93  44.71
0.596303   16.93  44.71
0.596303   16.95  44.71
0.596659   16.95  44.71
0.596659   16.95  44.71
0.596659   16.95  44.71
0.597015   16.96  44.71
0.597372   16.97  44.71
0.597729   16.98  44.71
0.598086   16.99  44.71
0.598444   17  44.71
0.598802   17.02  44.71
0.598802   17.03  44.71
0.599161   17.03  44.71
0.599161   17.04  44.71
0.59952   17.05  44.71
0.59988   17.06  44.71
0.59988   17.07  44.71
0.60024   17.08  44.71
0.600601   17.09  44.71
0.600962   17.09  44.71
0.601323   17.11  44.71
0.601685   17.11  44.71
0.602047   17.11  44.71
0.60241   17.13  44.7
0.602773   17.14  44.71
0.603136   17.14  44.7
0.6035   17.15  44.7
0.603865   17.16  44.7
0.603865   17.18  44.7
0.60423   17.19  44.7
0.604595   17.2  44.7
0.604595   17.2  44.7
0.604961   17.21  44.7
0.604961   17.21  44.7
0.605327   17.23  44.7
0.605327   17.23  44.7
0.605694   17.24  44.7
0.605694   17.24  44.7
0.606061   17.24  44.7
0.606061   17.24  44.7
0.606061   17.25  44.7
0.606428   17.26  44.7
0.606796   17.26  44.7
0.606796   17.27  44.7
0.607165   17.27  44.7
0.607533   17.28  44.7
0.607533   17.29  44.7
0.607903   17.3  44.7
0.608273   17.31  44.7
0.608643   17.32  44.7
0.609013   17.33  44.7
0.609385   17.33  44.7
0.609756   17.34  44.7
0.609756   17.35  44.7
0.610128   17.36  44.7
0.610128   17.36  44.7
0.610501   17.37  44.7
0.610874   17.37  44.7
0.610874   17.38  44.7
0.611247   17.39  44.7
0.611247   17.39  44.7
0.611621   17.4  44.7
0.611995   17.4  44.7
0.611995   17.42  44.7
0.61237   17.43  44.7
0.612745   17.43  44.7
0.612745   17.44  44.7
0.613121   17.45  44.7
0.613121   17.46  44.7
0.613497   17.47  44.7
0.613497   17.48  44.7
0.613874   17.48  44.7
0.613874   17.48  44.7
0.613874   17.49  44.7
0.614251   17.49  44.7
0.614251   17.49  44.7
0.614628   17.49  44.7
0.614628   17.5  44.7
0.615006   17.5  44.7
0.615006   17.51  44.7
0.615385   17.52  44.7
0.615764   17.53  44.7
0.616143   17.54  44.7
0.616143   17.55  44.7
0.616523   17.56  44.7
0.616903   17.57  44.7
0.617284   17.58  44.7
0.617665   17.59  44.7
0.618047   17.59  44.7
0.618429   17.6  44.7
0.618812   17.63  44.7
0.619195   17.64  44.7
0.619579   17.65  44.7
0.619963   17.65  44.7
0.620347   17.66  44.7
0.620347   17.67  44.7
0.620732   17.68  44.7
0.621118   17.69  44.7
0.621118   17.69  44.7
0.621504   17.7  44.7
0.621891   17.71  44.7
0.621891   17.71  44.7
0.622278   17.72  44.7
0.622665   17.73  44.7
0.623053   17.74  44.69
0.623441   17.75  44.7
0.623441   17.76  44.69
0.62383   17.77  44.69
0.62422   17.78  44.69
0.62461   17.79  44.69
0.625   17.8  44.69
0.625   17.8  44.69
0.625391   17.81  44.69
0.625391   17.82  44.69
0.625782   17.82  44.69
0.626174   17.83  44.69
0.626566   17.84  44.69
0.626959   17.85  44.69
0.627353   17.86  44.69
0.627353   17.86  44.69
0.627746   17.87  44.69
0.628141   17.89  44.69
0.628536   17.9  44.69
0.628536   17.91  44.69
0.628931   17.93  44.69
0.629327   17.93  44.69
0.629327   17.93  44.69
0.629723   17.94  44.69
0.629723   17.94  44.69
0.63012   17.95  44.69
0.63012   17.96  44.69
0.630517   17.97  44.69
0.630517   17.97  44.69
0.630915   17.98  44.69
0.630915   17.98  44.69
0.631313   17.99  44.69
0.631712   17.99  44.69
0.632111   18  44.69
0.632111   18.01  44.69
0.632511   18.03  44.69
0.632911   18.01  44.69
0.633312   18.01  44.69
0.633312   18.05  44.69
0.633714   18.07  44.69
0.634115   18.08  44.69
0.634115   18.09  44.69
0.634518   18.09  44.69
0.634518   18.1  44.69
0.634921   18.1  44.69
0.634921   18.11  44.69
0.635324   18.12  44.69
0.635324   18.12  44.69
0.635728   18.13  44.69
0.636132   18.15  44.69
0.636537   18.16  44.69
0.636943   18.17  44.69
0.637349   18.17  44.69
0.637755   18.18  44.69
0.638162   18.19  44.69
0.63857   18.21  44.69
0.638978   18.21  44.69
0.639386   18.22  44.69
0.639386   18.23  44.69
0.639795   18.24  44.69
0.640205   18.25  44.69
0.640205   18.25  44.69
0.640615   18.26  44.69
0.641026   18.27  44.69
0.641026   18.28  44.69
0.641437   18.28  44.69
0.641437   18.29  44.69
0.641849   18.3  44.69
0.641849   18.3  44.69
0.642261   18.3  44.69
0.642261   18.3  44.69
0.642674   18.31  44.69
0.642674   18.31  44.69
0.642674   18.32  44.69
0.643087   18.32  44.69
0.643087   18.32  44.69
0.643087   18.33  44.69
0.643501   18.34  44.69
0.643501   18.34  44.69
0.643501   18.35  44.69
0.643501   18.35  44.69
0.643915   18.36  44.69
0.643915   18.36  44.69
0.643915   18.38  44.68
0.64433   18.38  44.68
0.64433   18.39  44.68
0.644745   18.39  44.68
0.645161   18.4  44.68
0.645161   18.4  44.68
0.645578   18.41  44.68
0.645578   18.41  44.68
0.645995   18.42  44.68
0.645995   18.42  44.68
0.645995   18.43  44.68
0.646412   18.43  44.68
0.646831   18.44  44.68
0.646831   18.45  44.68
0.647249   18.46  44.68
0.647668   18.47  44.68
0.647668   18.49  44.68
0.648088   18.49  44.68
0.648508   18.5  44.68
0.648508   18.5  44.68
0.648508   18.51  44.68
0.648929   18.52  44.68
0.648929   18.52  44.68
0.649351   18.53  44.68
0.649351   18.54  44.68
0.649773   18.54  44.68
0.649773   18.55  44.68
0.650195   18.56  44.68
0.650195   18.57  44.68
0.650618   18.58  44.68
0.650618   18.58  44.68
0.650618   18.58  44.68
0.650618   18.58  44.68
0.650618   18.58  44.68
0.650618   18.58  44.68
0.650618   18.58  44.68
0.650618   18.58  44.68
0.651042   18.59  44.68
0.651042   18.6  44.68
0.651042   18.6  44.68
0.651466   18.61  44.68
0.651466   18.61  44.68
0.651466   18.61  44.68
0.651466   18.61  44.68
0.651466   18.61  44.68
0.65189   18.62  44.68
0.65189   18.62  44.68
0.652316   18.63  44.68
0.652316   18.64  44.68
0.652742   18.64  44.68
0.652742   18.65  44.68
0.653168   18.65  44.68
0.653168   18.65  44.68
0.653168   18.65  44.68
0.653168   18.65  44.68
0.653595   18.66  44.68
0.653595   18.66  44.68
0.653595   18.66  44.68
0.654022   18.66  44.68
0.65445   18.67  44.68
0.65445   18.67  44.68
0.654879   18.68  44.68
0.654879   18.69  44.68
0.655308   18.69  44.68
0.655308   18.7  44.68
0.655308   18.7  44.68
0.655738   18.7  44.68
0.655738   18.71  44.68
0.656168   18.71  44.68
0.656168   18.72  44.68
0.656599   18.72  44.68
0.656599   18.73  44.68
0.65703   18.73  44.68
0.65703   18.74  44.68
0.657462   18.74  44.68
0.657462   18.75  44.68
0.657462   18.75  44.68
0.657462   18.75  44.68
0.657895   18.75  44.68
0.657895   18.76  44.68
0.657895   18.76  44.68
0.657895   18.76  44.68
0.658328   18.76  44.68
0.658328   18.77  44.68
0.658328   18.77  44.68
0.658762   18.78  44.68
0.658762   18.78  44.68
0.658762   18.79  44.68
0.659196   18.8  44.68
0.659196   18.81  44.68
0.659196   18.82  44.68
0.659631   18.82  44.68
0.660066   18.83  44.68
0.660066   18.83  44.68
0.660502   18.83  44.68
0.660502   18.84  44.68
0.660502   18.84  44.68
0.660939   18.85  44.68
0.660939   18.86  44.68
0.660939   18.86  44.67
0.660939   18.86  44.67
0.661376   18.86  44.67
0.661376   18.87  44.67
0.661376   18.88  44.67
0.661813   18.89  44.67
0.662252   18.94  44.67
0.662252   18.98  44.67
0.662691   18.99  44.67
0.662691   19  44.67
0.66313   19  44.67
0.66313   19  44.67
0.66313   19  44.67
0.66313   19  44.67
0.66313   19  44.67
0.66357   19.01  44.67
0.66357   19.03  44.67
0.664011   19.03  44.67
0.664011   19.02  44.67
0.664452   19.03  44.67
0.664452   19.03  44.67
0.664894   19.03  44.67
0.665336   19.04  44.67
0.665336   19.05  44.67
0.665779   19.05  44.67
0.666223   19.06  44.67
0.666223   19.06  44.67
0.666223   19.06  44.67
0.666667   19.07  44.67
0.667111   19.08  44.67
0.667111   19.06  44.67
0.667111   19.06  44.67
0.667557   19.07  44.67
0.667557   19.09  44.67
0.667557   19.09  44.67
0.667557   19.1  44.67
0.668003   19.12  44.67
0.668003   19.13  44.67
0.668449   19.16  44.67
0.668449   19.19  44.66
0.668896   19.19  44.67
0.669344   19.17  44.66
0.669344   19.21  44.66
0.669792   19.21  44.66
0.670241   19.22  44.66
0.670691   19.21  44.66
0.671141   19.22  44.66
0.671141   19.24  44.66
0.671592   19.25  44.66
0.672043   19.27  44.66
0.672043   19.28  44.66
0.672495   19.3  44.66
0.672495   19.29  44.66
0.672948   19.3  44.66
0.672948   19.32  44.66
0.673401   19.32  44.66
0.673401   19.35  44.66
0.673854   19.35  44.66
0.673854   19.35  44.66
0.674309   19.37  44.66
0.674309   19.37  44.66
0.674309   19.37  44.66
0.674309   19.37  44.66
0.674309   19.37  44.66
0.674309   19.37  44.66
0.674764   19.37  44.66
0.674764   19.39  44.66
0.674764   19.4  44.66
0.675219   19.4  44.66
0.675219   19.4  44.66
0.675676   19.4  44.66
0.675676   19.4  44.66
0.676133   19.42  44.66
0.67659   19.43  44.66
0.67659   19.43  44.66
0.67659   19.43  44.66
0.677048   19.43  44.66
0.677048   19.43  44.66
0.677507   19.44  44.66
0.677507   19.45  44.66
0.677507   19.45  44.66
0.677507   19.45  44.66
0.677507   19.45  44.66
0.677507   19.44  44.66
0.677966   19.45  44.66
0.677966   19.43  44.66
0.678426   19.44  44.66
0.679348   19.44  44.66
0.679348   19.45  44.66
0.67981   19.46  44.66
0.680272   19.48  44.66
0.680735   19.48  44.66
0.681199   19.5  44.66
0.681199   19.51  44.66
0.681663   19.53  44.66
0.681663   19.53  44.66
0.682128   19.53  44.66
0.682128   19.53  44.66
0.682128   19.53  44.66
0.682128   19.53  44.66
0.682128   19.55  44.66
0.682594   19.55  44.66
0.682594   19.56  44.66
0.682594   19.55  44.66
0.68306   19.58  44.66
0.68306   19.58  44.66
0.683995   19.6  44.66
0.683995   19.63  44.66
0.684463   19.63  44.66
0.684932   19.64  44.66
0.685401   19.66  44.66
0.685401   19.68  44.66
0.685401   19.68  44.66
0.685401   19.69  44.66
0.685871   19.68  44.66
0.685871   19.69  44.66
0.686342   19.69  44.66
0.686813   19.69  44.66
0.687285   19.69  44.66
0.687285   19.7  44.66
0.687758   19.69  44.66
0.687758   19.73  44.66
0.687758   19.74  44.66
0.687758   19.74  44.66
0.687758   19.74  44.66
0.688231   19.74  44.66
0.688231   19.74  44.66
0.688231   19.74  44.66
0.688231   19.74  44.66
0.688705   19.74  44.66
0.68918   19.79  44.66
0.689655   19.79  44.66
0.690131   19.79  44.65
0.691085   19.79  44.66
0.691563   19.84  44.66
0.692042   19.84  44.66
0.692521   19.84  44.65
0.692521   19.84  44.66
0.693001   19.84  44.65
0.693481   19.84  44.65
0.693481   19.85  44.65
0.693963   19.87  44.65
0.693963   19.88  44.65
0.694444   19.87  44.65
0.694444   19.89  44.65
0.694444   19.89  44.65
0.694927   19.84  44.65
0.69541   19.89  44.65
0.69541   19.89  44.65
0.69541   19.9  44.65
0.69541   19.9  44.65
0.69541   19.9  44.65
0.69541   19.9  44.65
0.69541   19.92  44.65
0.69541   19.91  44.65
0.69541   19.92  44.65
0.695894   19.94  44.65
0.696379   19.95  44.65
0.696864   19.95  44.65
0.696864   19.95  44.65
0.69735   19.95  44.65
0.697837   19.95  44.65
0.697837   19.95  44.65
0.698324   19.95  44.65
0.698324   19.96  44.65
0.698812   20  44.65
0.698812   20  44.65
0.699301   20  44.65
0.699301   20.01  44.65
0.69979   20.05  44.65
0.69979   20.07  44.65
0.70028   20.07  44.65
0.70028   20.07  44.65
0.70028   20.07  44.65
0.70028   20.07  44.65
0.700771   20.07  44.65
0.700771   20.07  44.65
0.700771   20.07  44.65
0.701262   20.07  44.65
0.701754   20.07  44.65
0.701754   20.07  44.65
0.701754   20.07  44.65
0.702247   20.07  44.65
0.702247   20.08  44.65
0.702247   20.09  44.65
0.702741   20.13  44.65
0.702741   20.11  44.65
0.702741   20.14  44.65
0.703235   20.14  44.65
0.703235   20.13  44.65
0.70373   20.14  44.65
0.70373   20.14  44.65
0.704225   20.14  44.65
0.704225   20.14  44.65
0.704722   20.21  44.65
0.704722   20.21  44.65
0.705219   20.21  44.65
0.705219   20.21  44.65
0.705219   20.21  44.65
0.705219   20.21  44.65
0.705716   20.21  44.65
0.705716   20.21  44.65
0.705716   20.21  44.65
0.706215   20.21  44.65
0.706215   20.21  44.65
0.706215   20.21  44.65
0.706215   20.21  44.65
0.706714   20.21  44.65
0.706714   20.21  44.65
0.707214   20.21  44.65
0.707214   20.21  44.65
0.707214   20.24  44.65
0.707714   20.22  44.65
0.707714   20.28  44.65
0.707714   20.28  44.65
0.708215   20.28  44.65
0.708215   20.28  44.65
0.708717   20.28  44.65
0.708717   20.28  44.65
0.70922   20.3  44.65
0.709723   20.34  44.65
0.709723   20.35  44.65
0.709723   20.35  44.64
0.710227   20.32  44.64
0.710227   20.29  44.64
0.710227   20.35  44.64
0.710227   20.35  44.64
0.710732   20.32  44.64
0.710732   20.32  44.64
0.711238   20.35  44.64
0.711238   20.35  44.64
0.711238   20.35  44.64
0.711744   20.35  44.64
0.711744   20.39  44.64
0.712251   20.42  44.64
0.712251   20.42  44.64
0.712758   20.42  44.64
0.712758   20.42  44.64
0.712758   20.42  44.64
0.712758   20.42  44.64
0.713267   20.42  44.64
0.713267   20.42  44.64
0.713267   20.42  44.64
0.713267   20.42  44.64
0.713776   20.44  44.64
0.713776   20.48  44.64
0.713776   20.49  44.64
0.713776   20.49  44.64
0.714286   20.49  44.64
0.714286   20.49  44.64
0.714286   20.49  44.64
0.714286   20.49  44.64
0.714286   20.49  44.64
0.714286   20.49  44.64
0.714796   20.49  44.64
0.714796   20.49  44.64
0.714796   20.5  44.64
0.714796   20.5  44.64
0.715308   20.51  44.64
0.715308   20.5  44.64
0.715308   20.53  44.64
0.715308   20.53  44.64
0.71582   20.55  44.64
0.71582   20.55  44.64
0.71582   20.55  44.63
0.716332   20.55  44.63
0.716332   20.55  44.63
0.716332   20.55  44.63
0.716846   20.55  44.63
0.716846   20.55  44.63
0.716846   20.55  44.63
0.71736   20.55  44.63
0.71736   20.57  44.63
0.71736   20.59  44.63
0.717875   20.61  44.63
0.717875   20.61  44.63
0.718391   20.61  44.63
0.718391   20.61  44.63
0.718391   20.61  44.63
0.718391   20.61  44.63
0.718907   20.61  44.63
0.718907   20.61  44.63
0.718907   20.61  44.63
0.719424   20.62  44.63
0.719424   20.64  44.63
0.719424   20.68  44.63
0.719424   20.68  44.63
0.719424   20.68  44.63
0.719942   20.68  44.63
0.719942   20.68  44.63
0.719942   20.68  44.63
0.720461   20.68  44.63
0.720461   20.68  44.63
0.720461   20.68  44.63
0.720981   20.68  44.63
0.720981   20.68  44.63
0.720981   20.68  44.63
0.720981   20.68  44.63
0.721501   20.68  44.63
0.721501   20.68  44.63
0.721501   20.68  44.63
0.722022   20.68  44.63
0.722022   20.68  44.63
0.722022   20.68  44.63
0.722543   20.73  44.63
0.722543   20.73  44.63
0.723066   20.74  44.63
0.723066   20.74  44.63
0.723589   20.74  44.63
0.723589   20.74  44.63
0.724113   20.76  44.63
0.724113   20.76  44.63
0.724638   20.76  44.63
0.724638   20.79  44.63
0.725163   20.8  44.63
0.725163   20.8  44.63
0.725689   20.8  44.63
0.725689   20.8  44.63
0.726216   20.8  44.63
0.726216   20.8  44.63
0.726216   20.81  44.63
0.726216   20.83  44.63
0.726744   20.82  44.63
0.726744   20.86  44.63
0.726744   20.87  44.63
0.726744   20.87  44.63
0.726744   20.87  44.63
0.727273   20.87  44.63
0.727273   20.87  44.63
0.727273   20.87  44.63
0.727802   20.87  44.63
0.727802   20.87  44.63
0.727802   20.87  44.63
0.728332   20.87  44.63
0.728332   20.87  44.63
0.728332   20.91  44.63
0.728863   20.93  44.63
0.728863   20.93  44.63
0.729395   20.93  44.63
0.729395   20.93  44.63
0.729927   20.95  44.63
0.729927   20.98  44.63
0.729927   20.99  44.63
0.73046   20.99  44.63
0.73046   20.99  44.63
0.73046   20.99  44.63
0.73046   20.99  44.63
0.73046   20.99  44.63
0.73046   20.99  44.63
0.73046   20.99  44.63
0.73046   21  44.63
0.730994   20.99  44.63
0.730994   21.01  44.63
0.731529   21.02  44.63
0.731529   21.03  44.63
0.732064   21.03  44.63
0.732064   21.04  44.63
0.732601   21.05  44.63
0.732601   21.05  44.63
0.733138   21.05  44.63
0.733138   21.05  44.63
0.733138   21.05  44.63
0.733676   21.06  44.63
0.733676   21.1  44.63
0.734214   21.11  44.63
0.734214   21.11  44.63
0.734214   21.11  44.63
0.734754   21.11  44.63
0.735294   21.11  44.63
0.735294   21.15  44.63
0.735294   21.17  44.63
0.735294   21.17  44.63
0.735294   21.17  44.63
0.735294   21.17  44.63
0.735835   21.17  44.63
0.735835   21.17  44.63
0.735835   21.17  44.63
0.736377   21.17  44.63
0.736377   21.17  44.63
0.736377   21.17  44.63
0.736377   21.17  44.63
0.73692   21.17  44.63
0.73692   21.17  44.63
0.73692   21.17  44.63
0.737463   21.17  44.63
0.737463   21.17  44.63
0.738007   21.17  44.63
0.738007   21.17  44.63
0.738007   21.17  44.63
0.738552   21.23  44.63
0.738552   21.23  44.63
0.739098   21.23  44.63
0.739098   21.23  44.63
0.739645   21.23  44.63
0.740192   21.23  44.63
0.740192   21.25  44.63
0.740741   21.25  44.63
0.740741   21.25  44.63
0.740741   21.28  44.63
0.740741   21.28  44.63
0.740741   21.27  44.63
0.74129   21.25  44.63
0.74129   21.23  44.63
0.74184   21.23  44.63
0.74184   21.24  44.63
0.74184   21.28  44.63
0.74239   21.29  44.63
0.74239   21.3  44.63
0.742942   21.35  44.63
0.743494   21.35  44.63
0.743494   21.33  44.63
0.744048   21.29  44.63
0.744048   21.35  44.63
0.744602   21.35  44.63
0.745156   21.36  44.63
0.745156   21.4  44.63
0.745156   21.41  44.63
0.745156   21.41  44.63
0.745712   21.41  44.63
0.745712   21.41  44.62
0.745712   21.41  44.63
0.746269   21.41  44.63
0.746826   21.41  44.62
0.746826   21.41  44.62
0.746826   21.45  44.62
0.747384   21.46  44.62
0.747384   21.42  44.62
0.747384   21.46  44.62
0.747384   21.47  44.62
0.747384   21.47  44.62
0.747384   21.47  44.62
0.747943   21.46  44.62
0.747943   21.47  44.62
0.747943   21.47  44.62
0.747943   21.47  44.62
0.748503   21.48  44.62
0.748503   21.49  44.62
0.749064   21.53  44.62
0.749064   21.54  44.62
0.749625   21.54  44.62
0.749625   21.54  44.62
0.750188   21.54  44.62
0.750188   21.55  44.62
0.750188   21.58  44.62
0.750751   21.6  44.62
0.750751   21.6  44.62
0.750751   21.6  44.62
0.751315   21.6  44.62
0.751315   21.6  44.62
0.75188   21.6  44.62
0.75188   21.6  44.62
0.752445   21.61  44.62
0.752445   21.61  44.62
0.752445   21.6  44.62
0.752445   21.6  44.62
0.752445   21.61  44.62
0.753012   21.6  44.62
0.753012   21.6  44.62
0.753012   21.61  44.62
0.753012   21.65  44.62
0.75358   21.67  44.62
0.75358   21.67  44.62
0.75358   21.67  44.62
0.754148   21.67  44.62
0.754148   21.68  44.62
0.754148   21.67  44.62
0.754717   21.67  44.62
0.754717   21.67  44.62
0.755287   21.67  44.62
0.755287   21.67  44.62
0.755858   21.71  44.62
0.755858   21.73  44.62
0.755858   21.73  44.62
0.75643   21.73  44.62
0.75643   21.73  44.62
0.757002   21.73  44.62
0.757002   21.73  44.62
0.757576   21.73  44.62
0.757576   21.73  44.62
0.75815   21.73  44.62
0.75815   21.74  44.62
0.75815   21.75  44.62
0.758725   21.8  44.62
0.758725   21.8  44.62
0.758725   21.8  44.62
0.759301   21.81  44.62
0.759301   21.81  44.62
0.759878   21.85  44.62
0.759878   21.86  44.62
0.760456   21.86  44.62
0.761035   21.87  44.62
0.761615   21.9  44.62
0.761615   21.93  44.62
0.761615   21.93  44.62
0.762195   21.93  44.62
0.762777   21.93  44.62
0.762777   21.94  44.62
0.763359   21.96  44.62
0.763942   22  44.61
0.764526   22  44.61
0.764526   22  44.61
0.765111   22  44.61
0.765111   22.04  44.61
0.765697   22.06  44.61
0.766284   22.06  44.61
0.766284   22.06  44.61
0.766871   22.06  44.61
0.766871   22.1  44.61
0.76746   22.11  44.61
0.768049   22.13  44.61
0.76864   22.13  44.61
0.76864   22.13  44.61
0.769231   22.13  44.61
0.769231   22.13  44.61
0.769231   22.13  44.61
0.769823   22.18  44.61
0.769823   22.16  44.61
0.770416   22.16  44.61
0.770416   22.19  44.61
0.770416   22.19  44.61
0.77101   22.19  44.61
0.77101   22.19  44.61
0.77101   22.19  44.61
0.771605   22.19  44.61
0.771605   22.19  44.61
0.771605   22.19  44.61
0.772201   22.18  44.61
0.772201   22.15  44.61
0.772798   22.25  44.61
0.772798   22.26  44.61
0.773395   22.26  44.61
0.773994   22.27  44.61
0.773994   22.3  44.61
0.774593   22.32  44.61
0.774593   22.32  44.61
0.775194   22.32  44.61
0.775194   22.32  44.61
0.775795   22.32  44.61
0.775795   22.33  44.61
0.775795   22.33  44.61
0.776398   22.35  44.61
0.777001   22.38  44.61
0.777001   22.39  44.61
0.777605   22.44  44.61
0.777605   22.39  44.61
0.77821   22.42  44.61
0.778816   22.44  44.61
0.778816   22.44  44.61
0.779423   22.46  44.61
0.779423   22.48  44.61
0.780031   22.5  44.61
0.780031   22.5  44.61
0.78064   22.5  44.61
0.78064   22.5  44.61
0.78125   22.51  44.61
0.78125   22.55  44.61
0.781861   22.56  44.61
0.781861   22.56  44.61
0.781861   22.56  44.61
0.782473   22.56  44.61
0.782473   22.56  44.61
0.783085   22.57  44.61
0.783699   22.56  44.61
0.783699   22.57  44.61
0.784314   22.6  44.61
0.784929   22.62  44.61
0.784929   22.62  44.61
0.784929   22.6  44.61
0.785546   22.62  44.61
0.785546   22.62  44.61
0.785546   22.63  44.61
0.786164   22.64  44.61
0.786164   22.67  44.61
0.786164   22.67  44.61
0.786164   22.66  44.61
0.786782   22.68  44.61
0.786782   22.68  44.61
0.786782   22.68  44.61
0.786782   22.68  44.61
0.787402   22.68  44.61
0.787402   22.68  44.61
0.788022   22.68  44.61
0.788022   22.69  44.61
0.788644   22.74  44.61
0.788644   22.74  44.61
0.789266   22.74  44.61
0.789266   22.74  44.61
0.789889   22.74  44.61
0.789889   22.77  44.61
0.790514   22.8  44.61
0.790514   22.8  44.61
0.791139   22.8  44.61
0.791139   22.81  44.61
0.791766   22.85  44.61
0.791766   22.86  44.61
0.792393   22.86  44.61
0.792393   22.86  44.61
0.792393   22.86  44.61
0.793021   22.86  44.61
0.793021   22.86  44.61
0.793651   22.86  44.61
0.793651   22.89  44.61
0.793651   22.91  44.61
0.794281   22.89  44.61
0.794281   22.91  44.61
0.794281   22.91  44.61
0.794913   22.91  44.61
0.794913   22.91  44.61
0.794913   22.91  44.61
0.794913   22.92  44.61
0.795545   22.97  44.61
0.796178   22.97  44.61
0.796178   22.97  44.61
0.796178   22.98  44.61
0.796813   23.02  44.61
0.796813   23.03  44.6
0.796813   23.03  44.61
0.796813   23.03  44.61
0.797448   23.03  44.61
0.797448   23.03  44.61
0.798085   23.03  44.6
0.798722   23.03  44.6
0.798722   23.06  44.6
0.799361   23.09  44.6
0.8   23.09  44.6
0.8   23.09  44.6
0.800641   23.1  44.6
0.800641   23.09  44.6
0.801282   23.09  44.6
0.801925   23.09  44.6
0.802568   23.14  44.6
0.803213   23.14  44.6
0.803859   23.17  44.6
0.804505   23.2  44.6
0.804505   23.2  44.6
0.805153   23.2  44.6
0.805153   23.24  44.6
0.805802   23.26  44.6
0.805802   23.26  44.6
0.806452   23.26  44.6
0.806452   23.26  44.6
0.807103   23.33  44.6
0.807103   23.35  44.6
0.807754   23.35  44.6
0.807754   23.35  44.6
0.808407   23.35  44.6
0.809061   23.35  44.6
0.809061   23.42  44.6
0.809717   23.44  44.6
0.810373   23.44  44.6
0.810373   23.44  44.6
0.810373   23.44  44.6
0.81103   23.47  44.6
0.811688   23.47  44.6
0.811688   23.52  44.6
0.812348   23.54  44.6
0.812348   23.54  44.6
0.812348   23.54  44.6
0.812348   23.54  44.6
0.813008   23.54  44.6
0.813008   23.54  44.6
0.81367   23.6  44.6
0.814332   23.54  44.6
0.814332   23.57  44.6
0.814996   23.57  44.6
0.815661   23.57  44.6
0.815661   23.55  44.6
0.815661   23.55  44.6
0.815661   23.61  44.6
0.816327   23.56  44.6
0.816327   23.55  44.6
0.816993   23.54  44.6
0.816993   23.57  44.6
0.816993   23.56  44.6
0.817661   23.52  44.6
0.818331   23.54  44.6
0.818331   23.54  44.6
0.819001   23.52  44.59
0.819672   23.59  44.59
0.819672   23.64  44.59
0.820345   23.64  44.59
0.820345   23.64  44.59
0.820345   23.64  44.59
0.821018   23.64  44.59
0.821018   23.64  44.59
0.821018   23.64  44.59
0.821693   23.64  44.59
0.821693   23.64  44.59
0.822368   23.64  44.59
0.822368   23.64  44.59
0.822368   23.68  44.59
0.823045   23.71  44.59
0.823045   23.73  44.59
0.823045   23.73  44.59
0.823723   23.73  44.59
0.823723   23.73  44.59
0.823723   23.73  44.59
0.824402   23.73  44.59
0.824402   23.73  44.59
0.825083   23.73  44.59
0.825083   23.73  44.59
0.825764   23.73  44.59
0.825764   23.73  44.59
0.826446   23.73  44.59
0.826446   23.73  44.59
0.82713   23.73  44.59
0.82713   23.73  44.59
0.827815   23.73  44.59
0.827815   23.73  44.59
0.827815   23.73  44.59
0.8285   23.73  44.59
0.8285   23.73  44.59
0.829187   23.73  44.59
0.829187   23.73  44.59
0.829876   23.73  44.59
0.829876   23.73  44.59
0.829876   23.73  44.59
0.830565   23.73  44.59
0.830565   23.73  44.59
0.831255   23.73  44.59
0.831255   23.73  44.59
0.831255   23.73  44.59
0.831947   23.73  44.59
0.831947   23.73  44.59
0.832639   23.73  44.59
0.832639   23.73  44.59
0.833333   23.73  44.59
0.833333   23.73  44.59
0.834028   23.73  44.59
0.834028   23.72  44.59
0.834725   23.73  44.59
0.834725   23.73  44.59
0.834725   23.73  44.59
0.834725   23.73  44.59
0.834725   23.73  44.59
0.834725   23.73  44.59
0.834725   23.73  44.59
0.834725   23.73  44.59
0.834725   23.73  44.59
0.834725   23.73  44.59
0.834725   23.73  44.59
0.834725   23.73  44.59
0.834725   23.73  44.59
0.834725   23.73  44.59
0.834725   23.73  44.59
0.834725   23.73  44.59
0.834725   23.73  44.59
0.834725   23.73  44.59
0.834725   23.73  44.59
0.834725   23.73  44.59
0.834725   23.73  44.59
0.834725   23.73  44.59
0.834725   23.73  44.59
0.834725   23.73  44.59
0.834725   23.73  44.59
0.834725   23.73  44.59
0.834725   23.73  44.59
0.834725   23.73  44.59
0.834725   23.73  44.59
0.834725   23.73  44.59
0.834725   23.73  44.59
0.834725   23.73  44.59
0.834725   23.73  44.59
0.834725   23.73  44.59
0.834725   23.73  44.59
0.834725   23.73  44.59
0.834725   23.73  44.59
0.834725   23.73  44.59
0.834725   23.73  44.59
0.834725   23.73  44.58
0.834725   23.73  44.58
0.834725   23.73  44.58
0.834725   23.73  44.58
0.834725   23.73  44.58
0.834725   23.73  44.58
0.834725   23.73  44.58
0.834725   23.73  44.58
0.834725   23.73  44.58
0.834725   23.73  44.58
0.834725   23.73  44.58
0.834725   23.73  44.58
0.834725   23.73  44.58
0.834725   23.73  44.58
0.834725   23.73  44.58
0.834725   23.73  44.58
0.834725   23.73  44.58
0.834725   23.73  44.58
0.834725   23.73  44.58
0.834725   23.73  44.58
0.834725   23.73  44.58
0.834725   23.73  44.58
0.834725   23.73  44.58
0.834725   23.73  44.58
0.834725   23.73  44.58
0.834725   23.73  44.58
0.834725   23.73  44.58
0.834725   23.73  44.58
0.834725   23.73  44.58
0.834725   23.73  44.58
0.834725   23.73  44.58
0.834725   23.73  44.58
0.834725   23.73  44.58
0.834725   23.73  44.58
0.834725   23.73  44.58
0.834725   23.73  44.58
0.834725   23.73  44.58
0.834725   23.73  44.58
0.834725   23.73  44.58
0.834725   23.73  44.58
0.834725   23.73  44.58
0.834725   23.73  44.58
0.834725   23.73  44.58
0.834725   23.73  44.58
0.834725   23.73  44.58
0.834725   23.73  44.58
0.834725   23.73  44.58
0.834725   23.73  44.58
0.834725   23.73  44.58
0.834725   23.73  44.58
0.834725   23.73  44.58
0.834725   23.73  44.58
0.834725   23.73  44.58
0.834725   23.73  44.58
0.834725   23.73  44.58
0.834725   23.73  44.58
0.834725   23.73  44.58
0.834725   23.73  44.58
0.834725   23.73  44.58
0.834725   23.73  44.58
0.834725   23.73  44.58
0.834725   23.73  44.58
0.834725   23.73  44.58
0.834725   23.73  44.58
0.834725   23.73  44.58
0.834725   23.73  44.58
0.834725   23.73  44.58
0.834725   23.73  44.58
0.834725   23.73  44.58
0.834725   23.73  44.58
0.834725   23.73  44.58
0.834725   23.73  44.58
0.834725   23.73  44.58
0.834725   23.73  44.58
0.834725   23.73  44.58
0.834725   23.73  44.58
0.834725   23.73  44.58
0.834725   23.73  44.58
0.834725   23.73  44.58
0.834725   23.73  44.58
0.834725   23.73  44.58
0.834725   23.73  44.58
0.834725   23.73  44.58
0.834725   23.73  44.58
0.834725   23.73  44.58
0.834725   23.73  44.58
0.834725   23.73  44.58
0.834725   23.73  44.58
0.834725   23.73  44.58
0.834725   23.73  44.58
0.834725   23.73  44.58
0.834725   23.73  44.58
0.834725   23.73  44.58
0.834725   23.73  44.58
0.834725   23.73  44.58
0.834725   23.73  44.58
0.834028   23.73  44.58
0.834725   23.73  44.58
0.834725   23.73  44.58
0.834725   23.73  44.58
0.834725   23.73  44.58
0.834725   23.73  44.58
0.834725   23.73  44.58
0.834028   23.73  44.58
0.834028   23.73  44.58