.833333   23.73  45.01
0.833333   23.73  45.01
0.833333   23.73  45.02
0.833333   23.73  45.02
0.833333   23.73  45.02
0.833333   23.73  45.03
0.833333   23.73  45.03
0.833333   23.73  45.03
0.833333   23.73  45.03
0.833333   23.73  45.04
0.833333   23.73  45.04
0.833333   23.73  45.05
0.833333   23.73  45.05
0.833333   23.73  45.05
0.833333   23.73  45.05
0.833333   23.73  45.06
0.833333   23.73  45.06
0.833333   23.73  45.06
0.833333   23.73  45.07
0.833333   23.73  45.07
0.833333   23.73  45.07
0.833333   23.73  45.07
0.833333   23.73  45.08
0.833333   23.73  45.08
0.833333   23.73  45.09
0.833333   23.73  45.09
0.832639   23.73  45.09
0.832639   23.73  45.1
0.832639   23.73  45.1
0.832639   23.73  45.1
0.832639   23.73  45.1
0.832639   23.73  45.11
0.832639   23.73  45.11
0.831947   23.73  45.12
0.831947   23.73  45.12
0.831947   23.73  45.12
0.831947   23.73  45.13
0.831255   23.73  45.13
0.831255   23.73  45.13
0.831255   23.73  45.13
0.831255   23.73  45.14
0.830565   23.73  45.14
0.830565   23.73  45.14
0.830565   23.73  45.14
0.830565   23.73  45.15
0.829876   23.73  45.15
0.829876   23.73  45.15
0.829876   23.73  45.15
0.829876   23.73  45.16
0.829876   23.73  45.16
0.829187   23.73  45.16
0.829187   23.73  45.16
0.829187   23.73  45.17
0.8285   23.73  45.17
0.8285   23.73  45.17
0.8285   23.73  45.18
0.827815   23.73  45.18
0.827815   23.73  45.18
0.827815   23.73  45.18
0.827815   23.73  45.18
0.82713   23.73  45.18
0.82713   23.73  45.19
0.82713   23.73  45.19
0.826446   23.73  45.19
0.826446   23.73  45.19
0.826446   23.73  45.2
0.825764   23.73  45.2
0.825764   23.73  45.2
0.825083   23.73  45.2
0.825083   23.73  45.2
0.825083   23.73  45.2
0.824402   23.73  45.2
0.824402   23.73  45.21
0.824402   23.73  45.21
0.823723   23.73  45.21
0.823723   23.73  45.21
0.823045   23.73  45.22
0.823045   23.73  45.22
0.823045   23.73  45.22
0.822368   23.73  45.22
0.822368   23.73  45.22
0.822368   23.73  45.22
0.821693   23.73  45.22
0.821693   23.73  45.23
0.821693   23.73  45.23
0.821018   23.73  45.23
0.821018   23.73  45.23
0.820345   23.73  45.23
0.820345   23.73  45.23
0.820345   23.73  45.23
0.819672   23.73  45.23
0.819672   23.73  45.23
0.819672   23.73  45.23
0.819001   23.73  45.24
0.819001   23.73  45.24
0.818331   23.73  45.24
0.818331   23.73  45.24
0.818331   23.73  45.24
0.818331   23.73  45.24
0.817661   23.7  45.24
0.817661   23.72  45.25
0.816993   23.67  45.25
0.816993   23.71  45.25
0.816993   23.69  45.25
0.816327   23.64  45.25
0.816327   23.64  45.25
0.816327   23.64  45.25
0.815661   23.64  45.25
0.815661   23.64  45.25
0.814996   23.64  45.25
0.814996   23.64  45.25
0.814332   23.64  45.25
0.814332   23.64  45.25
0.81367   23.63  45.26
0.81367   23.64  45.26
0.813008   23.64  45.26
0.813008   23.64  45.26
0.813008   23.64  45.26
0.813008   23.64  45.26
0.812348   23.64  45.26
0.812348   23.64  45.26
0.811688   23.64  45.26
0.811688   23.63  45.26
0.81103   23.56  45.26
0.81103   23.6  45.26
0.81103   23.56  45.26
0.81103   23.54  45.26
0.810373   23.54  45.26
0.810373   23.54  45.26
0.809717   23.54  45.27
0.809717   23.54  45.27
0.809717   23.54  45.27
0.809061   23.54  45.27
0.809061   23.54  45.27
0.809061   23.54  45.27
0.809061   23.54  45.27
0.808407   23.48  45.27
0.808407   23.49  45.27
0.807754   23.48  45.27
0.807754   23.45  45.27
0.807754   23.48  45.27
0.807754   23.53  45.28
0.807103   23.48  45.28
0.807103   23.44  45.28
0.807103   23.45  45.28
0.806452   23.44  45.28
0.806452   23.44  45.28
0.806452   23.37  45.28
0.805802   23.35  45.28
0.805802   23.35  45.28
0.805802   23.35  45.28
0.805802   23.35  45.28
0.805153   23.35  45.28
0.805153   23.35  45.28
0.805153   23.35  45.28
0.804505   23.35  45.28
0.804505   23.35  45.28
0.804505   23.39  45.28
0.804505   23.44  45.28
0.804505   23.41  45.28
0.803859   23.4  45.28
0.803859   23.36  45.28
0.803859   23.35  45.28
0.803213   23.35  45.28
0.803213   23.35  45.28
0.803213   23.31  45.28
0.802568   23.31  45.28
0.802568   23.27  45.28
0.802568   23.26  45.29
0.802568   23.26  45.29
0.802568   23.26  45.29
0.801925   23.26  45.29
0.801925   23.26  45.29
0.801282   23.21  45.29
0.800641   23.2  45.29
0.800641   23.2  45.29
0.8   23.2  45.29
0.8   23.2  45.29
0.8   23.2  45.29
0.799361   23.19  45.29
0.799361   23.2  45.29
0.798722   23.18  45.29
0.798722   23.14  45.29
0.798085   23.14  45.29
0.798085   23.14  45.29
0.797448   23.14  45.29
0.797448   23.14  45.29
0.796813   23.1  45.29
0.796813   23.09  45.29
0.796178   23.09  45.29
0.795545   23.09  45.29
0.795545   23.09  45.29
0.794913   23.08  45.29
0.794913   23.04  45.29
0.794281   23.03  45.29
0.793651   23.03  45.29
0.793021   23.03  45.29
0.793021   22.98  45.29
0.792393   22.97  45.29
0.791766   22.96  45.29
0.791139   22.91  45.29
0.791139   22.91  45.29
0.790514   22.91  45.29
0.789889   22.9  45.29
0.789889   22.9  45.29
0.789266   22.86  45.29
0.789266   22.86  45.29
0.788644   22.86  45.29
0.788644   22.86  45.29
0.788022   22.85  45.29
0.787402   22.8  45.29
0.786782   22.8  45.29
0.786782   22.8  45.29
0.786164   22.8  45.29
0.785546   22.74  45.29
0.784314   22.73  45.29
0.784314   22.7  45.29
0.783699   22.69  45.29
0.783699   22.68  45.29
0.783085   22.68  45.29
0.782473   22.68  45.29
0.781861   22.68  45.29
0.781861   22.65  45.29
0.781861   22.65  45.29
0.78125   22.65  45.29
0.78125   22.63  45.29
0.78064   22.62  45.29
0.780031   22.62  45.29
0.780031   22.61  45.29
0.779423   22.57  45.29
0.779423   22.56  45.29
0.778816   22.56  45.29
0.77821   22.56  45.29
0.77821   22.56  45.29
0.777605   22.56  45.29
0.777605   22.52  45.29
0.777001   22.52  45.29
0.777001   22.51  45.29
0.777001   22.5  45.29
0.776398   22.5  45.29
0.776398   22.49  45.29
0.775795   22.46  45.29
0.775795   22.45  45.29
0.775795   22.44  45.29
0.775194   22.44  45.29
0.775194   22.45  45.29
0.775194   22.44  45.3
0.774593   22.44  45.3
0.774593   22.44  45.29
0.774593   22.44  45.29
0.773994   22.44  45.29
0.773994   22.44  45.29
0.773994   22.42  45.3
0.773395   22.38  45.29
0.773395   22.38  45.29
0.772798   22.38  45.29
0.772798   22.38  45.3
0.772798   22.38  45.29
0.772798   22.38  45.3
0.772201   22.38  45.29
0.772201   22.36  45.29
0.771605   22.33  45.3
0.771605   22.32  45.29
0.771605   22.33  45.3
0.77101   22.32  45.3
0.770416   22.32  45.3
0.770416   22.32  45.3
0.770416   22.32  45.29
0.770416   22.31  45.29
0.769823   22.3  45.3
0.769823   22.28  45.29
0.769823   22.26  45.29
0.769231   22.26  45.29
0.769231   22.26  45.3
0.76864   22.26  45.29
0.76864   22.26  45.29
0.768049   22.24  45.3
0.768049   22.19  45.29
0.76746   22.19  45.29
0.76746   22.19  45.3
0.76746   22.19  45.29
0.766871   22.19  45.3
0.766871   22.19  45.3
0.766284   22.19  45.3
0.766284   22.19  45.3
0.765697   22.17  45.29
0.765697   22.15  45.3
0.765111   22.15  45.29
0.765111   22.14  45.3
0.765111   22.13  45.29
0.765111   22.13  45.29
0.764526   22.13  45.29
0.764526   22.13  45.29
0.763942   22.13  45.29
0.763942   22.12  45.29
0.763359   22.07  45.29
0.763359   22.06  45.29
0.763359   22.06  45.29
0.763359   22.06  45.29
0.762777   22.06  45.29
0.762195   22.06  45.29
0.762195   22.06  45.29
0.762195   22.06  45.29
0.761615   22.06  45.29
0.762195   22.06  45.29
0.761615   22.06  45.29
0.761615   22.06  45.29
0.761615   22.02  45.29
0.761615   22  45.29
0.761035   22  45.29
0.761035   22  45.29
0.761035   22  45.29
0.760456   22  45.29
0.760456   22  45.29
0.759878   22  45.29
0.759878   21.94  45.29
0.759301   21.93  45.29
0.759301   21.93  45.29
0.759301   21.93  45.29
0.758725   21.93  45.29
0.758725   21.93  45.29
0.75815   21.93  45.29
0.75815   21.93  45.29
0.75815   21.93  45.29
0.75815   21.93  45.29
0.75815   21.93  45.29
0.757576   21.9  45.29
0.757576   21.87  45.29
0.757576   21.86  45.29
0.757576   21.86  45.29
0.757002   21.86  45.29
0.75643   21.86  45.29
0.75643   21.86  45.29
0.75643   21.86  45.29
0.755858   21.86  45.29
0.755858   21.86  45.29
0.755858   21.84  45.29
0.755287   21.8  45.29
0.754717   21.8  45.29
0.754717   21.8  45.29
0.754717   21.8  45.29
0.754148   21.8  45.29
0.754148   21.8  45.29
0.75358   21.8  45.29
0.75358   21.78  45.29
0.753012   21.74  45.29
0.753012   21.73  45.29
0.752445   21.73  45.29
0.752445   21.73  45.29
0.75188   21.73  45.29
0.75188   21.73  45.29
0.75188   21.73  45.29
0.751315   21.73  45.29
0.751315   21.71  45.29
0.750751   21.72  45.29
0.750751   21.67  45.29
0.750188   21.67  45.29
0.750188   21.67  45.29
0.749625   21.67  45.29
0.749064   21.64  45.29
0.749064   21.61  45.29
0.748503   21.6  45.29
0.747943   21.6  45.29
0.747384   21.6  45.29
0.747384   21.6  45.29
0.746826   21.56  45.29
0.746269   21.54  45.29
0.745712   21.54  45.29
0.745712   21.54  45.29
0.745156   21.54  45.29
0.745156   21.5  45.29
0.745156   21.47  45.29
0.744602   21.47  45.29
0.744048   21.47  45.29
0.744048   21.47  45.29
0.744048   21.47  45.29
0.744048   21.47  45.29
0.744048   21.47  45.29
0.743494   21.45  45.29
0.743494   21.42  45.29
0.743494   21.41  45.29
0.742942   21.41  45.29
0.742942   21.41  45.29
0.74239   21.41  45.29
0.74239   21.41  45.29
0.74184   21.41  45.29
0.74129   21.39  45.29
0.74129   21.38  45.29
0.740741   21.37  45.29
0.740741   21.35  45.29
0.740192   21.35  45.29
0.740192   21.35  45.29
0.739645   21.35  45.29
0.739098   21.35  45.29
0.739098   21.35  45.29
0.738552   21.3  45.29
0.738552   21.29  45.29
0.738552   21.29  45.29
0.738007   21.29  45.29
0.738007   21.29  45.29
0.737463   21.29  45.29
0.73692   21.29  45.29
0.736377   21.28  45.29
0.736377   21.23  45.29
0.735835   21.23  45.28
0.735294   21.23  45.28
0.735294   21.23  45.28
0.735294   21.23  45.28
0.734754   21.22  45.28
0.734214   21.17  45.28
0.734214   21.17  45.28
0.733676   21.17  45.28
0.733676   21.17  45.28
0.733138   21.17  45.28
0.733138   21.17  45.28
0.732601   21.17  45.28
0.732601   21.17  45.28
0.732064   21.17  45.28
0.732064   21.17  45.28
0.731529   21.13  45.28
0.730994   21.11  45.28
0.730994   21.11  45.28
0.73046   21.11  45.28
0.73046   21.09  45.28
0.729927   21.05  45.28
0.729395   21.05  45.28
0.729395   21.05  45.28
0.728863   21.05  45.28
0.728332   21.04  45.28
0.727802   21  45.28
0.727273   20.99  45.28
0.726744   20.99  45.28
0.726744   20.99  45.28
0.726216   20.97  45.28
0.726216   20.95  45.28
0.726216   20.95  45.28
0.725689   20.94  45.28
0.725689   20.93  45.28
0.725163   20.93  45.28
0.725163   20.93  45.28
0.724638   20.92  45.28
0.724113   20.88  45.28
0.724113   20.87  45.28
0.724113   20.89  45.28
0.724113   20.88  45.28
0.724113   20.88  45.28
0.723589   20.87  45.28
0.723589   20.87  45.28
0.723066   20.87  45.28
0.723066   20.87  45.28
0.723066   20.87  45.28
0.723066   20.87  45.28
0.722543   20.86  45.28
0.722543   20.86  45.28
0.722543   20.84  45.28
0.722022   20.82  45.28
0.721501   20.8  45.28
0.720981   20.8  45.28
0.720461   20.78  45.28
0.720461   20.75  45.28
0.719942   20.75  45.28
0.719424   20.74  45.28
0.718907   20.74  45.28
0.718907   20.73  45.28
0.718391   20.69  45.28
0.718391   20.68  45.28
0.717875   20.68  45.28
0.717875   20.68  45.28
0.717875   20.68  45.28
0.71736   20.68  45.28
0.71736   20.68  45.28
0.71736   20.68  45.28
0.716846   20.68  45.28
0.716332   20.67  45.28
0.71582   20.67  45.28
0.71582   20.63  45.28
0.715308   20.61  45.28
0.714796   20.61  45.28
0.714286   20.61  45.28
0.713776   20.61  45.28
0.713776   20.58  45.28
0.713776   20.55  45.28
0.713267   20.55  45.28
0.713267   20.55  45.28
0.712758   20.55  45.28
0.712251   20.54  45.28
0.711744   20.49  45.28
0.711744   20.49  45.28
0.711238   20.49  45.28
0.710732   20.49  45.28
0.710732   20.49  45.28
0.710732   20.49  45.28
0.710732   20.49  45.28
0.710227   20.49  45.27
0.710227   20.47  45.27
0.710227   20.42  45.27
0.709723   20.42  45.27
0.70922   20.42  45.27
0.70922   20.42  45.27
0.708717   20.42  45.27
0.708717   20.42  45.27
0.708215   20.42  45.27
0.707714   20.42  45.27
0.707714   20.42  45.27
0.707714   20.36  45.27
0.707214   20.35  45.27
0.707214   20.35  45.27
0.706714   20.35  45.27
0.706215   20.35  45.27
0.705716   20.35  45.27
0.705716   20.34  45.27
0.705219   20.29  45.27
0.704722   20.28  45.27
0.704722   20.28  45.27
0.704225   20.28  45.27
0.70373   20.28  45.27
0.70373   20.28  45.27
0.703235   20.27  45.27
0.703235   20.22  45.27
0.702741   20.21  45.27
0.702741   20.21  45.27
0.702741   20.21  45.27
0.702247   20.21  45.27
0.702247   20.21  45.27
0.701754   20.21  45.27
0.701262   20.2  45.27
0.701262   20.15  45.27
0.700771   20.14  45.27
0.70028   20.14  45.27
0.70028   20.14  45.27
0.69979   20.14  45.27
0.69979   20.14  45.27
0.699301   20.08  45.27
0.698812   20.1  45.27
0.698812   20.11  45.27
0.698324   20.09  45.27
0.697837   20.07  45.27
0.697837   20.07  45.27
0.697837   20.07  45.27
0.69735   20.07  45.27
0.69735   20.07  45.27
0.69735   20.07  45.27
0.69735   20.07  45.27
0.696864   20.07  45.27
0.696864   20.07  45.27
0.696379   20.07  45.27
0.696379   20  45.27
0.695894   20  45.27
0.695894   20  45.27
0.695894   20  45.27
0.69541   20  45.27
0.694927   20  45.26
0.694927   20  45.26
0.694927   20  45.26
0.694444   19.99  45.26
0.693963   19.96  45.26
0.693963   19.96  45.26
0.693481   19.95  45.26
0.693481   19.95  45.26
0.693001   19.95  45.26
0.693001   19.95  45.26
0.693001   19.95  45.26
0.693001   19.95  45.26
0.692521   19.95  45.26
0.692521   19.95  45.26
0.692042   19.95  45.26
0.692042   19.94  45.26
0.691563   19.92  45.26
0.691563   19.9  45.26
0.691085   19.89  45.26
0.690608   19.89  45.26
0.690131   19.89  45.26
0.690131   19.89  45.26
0.689655   19.86  45.26
0.689655   19.86  45.26
0.68918   19.85  45.26
0.688705   19.84  45.26
0.688705   19.84  45.26
0.688705   19.84  45.26
0.688231   19.84  45.26
0.688231   19.84  45.26
0.688231   19.84  45.26
0.688231   19.84  45.26
0.687758   19.84  45.26
0.687758   19.81  45.26
0.687285   19.79  45.26
0.687285   19.79  45.26
0.687285   19.8  45.26
0.686813   19.79  45.26
0.686813   19.79  45.26
0.686813   19.79  45.26
0.686342   19.79  45.26
0.686342   19.79  45.26
0.685871   19.79  45.26
0.685871   19.79  45.26
0.685871   19.79  45.26
0.685871   19.78  45.26
0.685401   19.75  45.26
0.685401   19.74  45.26
0.684932   19.74  45.26
0.684463   19.74  45.26
0.684463   19.74  45.26
0.684463   19.72  45.26
0.683995   19.71  45.26
0.683995   19.69  45.26
0.683527   19.69  45.26
0.683527   19.7  45.26
0.683527   19.72  45.26
0.68306   19.69  45.26
0.68306   19.69  45.26
0.682594   19.69  45.26
0.682594   19.69  45.26
0.682594   19.69  45.26
0.682128   19.69  45.26
0.682128   19.68  45.26
0.681663   19.64  45.26
0.681663   19.63  45.26
0.681199   19.63  45.26
0.680735   19.63  45.26
0.680735   19.63  45.26
0.680272   19.63  45.26
0.67981   19.61  45.26
0.679348   19.56  45.26
0.679348   19.58  45.26
0.679348   19.58  45.26
0.678887   19.54  45.26
0.678426   19.53  45.26
0.678426   19.53  45.26
0.677966   19.53  45.26
0.677966   19.51  45.26
0.677507   19.5  45.26
0.677048   19.49  45.26
0.67659   19.48  45.26
0.676133   19.48  45.26
0.675676   19.47  45.25
0.675676   19.45  45.26
0.675219   19.46  45.25
0.675219   19.47  45.26
0.674764   19.45  45.26
0.674764   19.45  45.25
0.674309   19.45  45.25
0.674309   19.45  45.25
0.674309   19.45  45.25
0.673854   19.45  45.25
0.673854   19.45  45.25
0.673854   19.43  45.25
0.673401   19.43  45.25
0.673401   19.43  45.25
0.672948   19.43  45.25
0.672948   19.43  45.25
0.672948   19.43  45.25
0.672495   19.41  45.25
0.672495   19.4  45.25
0.672043   19.4  45.25
0.672043   19.4  45.25
0.672043   19.4  45.25
0.671592   19.38  45.25
0.671141   19.38  45.25
0.671141   19.37  45.25
0.671141   19.37  45.25
0.670691   19.37  45.25
0.670691   19.36  45.25
0.670691   19.34  45.25
0.670241   19.33  45.25
0.670241   19.33  45.25
0.669792   19.32  45.25
0.669792   19.32  45.25
0.669344   19.31  45.25
0.669344   19.3  45.25
0.668896   19.27  45.25
0.668449   19.27  45.25
0.668449   19.27  45.25
0.668003   19.25  45.25
0.668003   19.25  45.25
0.667557   19.25  45.25
0.667557   19.25  45.25
0.667557   19.25  45.25
0.667111   19.25  45.25
0.667111   19.24  45.25
0.667111   19.23  45.25
0.666667   19.23  45.25
0.666667   19.17  45.25
0.666223   19.17  45.25
0.665779   19.17  45.25
0.665779   19.09  45.25
0.665336   19.16  45.25
0.664894   19.17  45.25
0.664894   19.14  45.25
0.664452   19.11  45.25
0.664452   19.09  45.25
0.664011   19.09  45.25
0.664011   19.08  45.25
0.66357   19.08  45.25
0.66357   19.08  45.25
0.66357   19.09  45.25
0.66313   19.09  45.25
0.66313   19.06  45.25
0.66313   19.06  45.25
0.662691   19.06  45.25
0.662691   19.05  45.25
0.662691   19.05  45.25
0.662252   19.05  45.25
0.662252   19.05  45.25
0.661813   19.04  45.25
0.661813   19.03  45.25
0.661376   19.03  45.25
0.661376   19.03  45.25
0.660939   19.02  45.25
0.660939   19.02  45.25
0.660939   19.01  45.25
0.660502   18.99  45.25
0.660066   18.98  45.25
0.660066   18.97  45.25
0.660066   18.96  45.25
0.659631   18.94  45.25
0.659631   18.93  45.25
0.659196   18.92  45.25
0.658762   18.9  45.25
0.658762   18.89  45.25
0.658328   18.88  45.25
0.658328   18.88  45.25
0.657895   18.87  45.25
0.657895   18.86  45.25
0.657462   18.84  45.25
0.657462   18.84  45.25
0.65703   18.83  45.25
0.65703   18.83  45.25
0.65703   18.83  45.25
0.656599   18.82  45.25
0.656599   18.82  45.25
0.656168   18.81  45.25
0.656168   18.8  45.25
0.655738   18.79  45.25
0.655738   18.78  45.25
0.655308   18.78  45.25
0.655308   18.78  45.25
0.655308   18.77  45.25
0.654879   18.77  45.25
0.65445   18.77  45.24
0.65445   18.76  45.24
0.65445   18.75  45.24
0.654022   18.75  45.24
0.654022   18.74  45.24
0.653595   18.74  45.24
0.653595   18.73  45.24
0.653595   18.73  45.24
0.653168   18.72  45.24
0.652742   18.72  45.24
0.652742   18.71  45.24
0.652316   18.71  45.24
0.652316   18.7  45.24
0.65189   18.7  45.24
0.65189   18.69  45.24
0.65189   18.69  45.24
0.65189   18.68  45.24
0.651466   18.68  45.24
0.651466   18.67  45.24
0.651466   18.67  45.24
0.651042   18.66  45.24
0.650618   18.66  45.24
0.650195   18.65  45.24
0.650195   18.65  45.24
0.649773   18.65  45.24
0.649773   18.65  45.24
0.649351   18.64  45.24
0.649351   18.63  45.24
0.648929   18.62  45.24
0.648508   18.62  45.24
0.648508   18.61  45.24
0.648508   18.61  45.24
0.648088   18.6  45.24
0.648088   18.6  45.24
0.647668   18.59  45.23
0.647249   18.58  45.23
0.647249   18.57  45.23
0.646831   18.57  45.23
0.646831   18.56  45.23
0.646412   18.55  45.23
0.645995   18.54  45.23
0.645578   18.54  45.23
0.645578   18.53  45.23
0.645161   18.52  45.23
0.645161   18.51  45.23
0.645161   18.51  45.23
0.644745   18.49  45.23
0.64433   18.48  45.23
0.643915   18.47  45.23
0.643501   18.46  45.23
0.643087   18.45  45.23
0.642674   18.44  45.23
0.642674   18.43  45.23
0.642261   18.42  45.23
0.641849   18.41  45.23
0.641437   18.4  45.23
0.641026   18.39  45.23
0.640615   18.37  45.23
0.640615   18.37  45.23
0.640205   18.37  45.23
0.640205   18.36  45.23
0.639795   18.35  45.23
0.639386   18.34  45.23
0.639386   18.33  45.23
0.638978   18.32  45.23
0.638978   18.32  45.23
0.63857   18.31  45.23
0.63857   18.31  45.23
0.63857   18.3  45.23
0.638162   18.3  45.23
0.638162   18.29  45.23
0.638162   18.29  45.23
0.637755   18.28  45.23
0.637755   18.28  45.23
0.637349   18.27  45.23
0.637349   18.26  45.23
0.636943   18.25  45.23
0.636943   18.25  45.23
0.636943   18.25  45.23
0.636537   18.24  45.23
0.636537   18.24  45.23
0.636132   18.24  45.23
0.636132   18.23  45.23
0.636132   18.23  45.23
0.635728   18.22  45.23
0.635728   18.22  45.23
0.635728   18.22  45.23
0.635324   18.21  45.23
0.635324   18.21  45.23
0.634921   18.2  45.23
0.634518   18.2  45.23
0.634518   18.19  45.23
0.634115   18.18  45.23
0.634115   18.17  45.23
0.633714   18.17  45.23
0.633714   18.17  45.23
0.633312   18.16  45.23
0.633312   18.15  45.23
0.632911   18.15  45.23
0.632911   18.15  45.22
0.632911   18.14  45.22
0.632511   18.14  45.22
0.632511   18.13  45.22
0.632111   18.13  45.22
0.632111   18.12  45.22
0.632111   18.12  45.22
0.631712   18.11  45.22
0.631313   18.11  45.22
0.631313   18.11  45.22
0.631313   18.11  45.22
0.630915   18.11  45.22
0.630915   18.09  45.22
0.630517   18.08  45.22
0.630517   18.07  45.22
0.63012   18.06  45.22
0.629723   18.05  45.22
0.629327   18.05  45.22
0.629327   18.04  45.22
0.628931   18.03  45.22
0.628931   18.03  45.22
0.628536   18.02  45.22
0.628536   18.01  45.22
0.628141   18  45.22
0.628141   18  45.22
0.627746   17.99  45.22
0.627746   17.98  45.22
0.627746   17.98  45.22
0.627353   17.98  45.22
0.626959   17.97  45.22
0.626959   17.97  45.22
0.626959   17.96  45.22
0.626566   17.96  45.22
0.626566   17.95  45.22
0.626174   17.93  45.22
0.626174   17.93  45.22
0.625782   17.92  45.22
0.625391   17.92  45.22
0.625391   17.92  45.22
0.625391   17.91  45.22
0.625   17.91  45.22
0.62461   17.91  45.22
0.62461   17.9  45.22
0.62422   17.89  45.22
0.62422   17.89  45.22
0.62383   17.88  45.22
0.62383   17.87  45.22
0.623441   17.86  45.22
0.623441   17.86  45.22
0.623441   17.85  45.22
0.623053   17.84  45.22
0.623053   17.83  45.22
0.622665   17.82  45.22
0.622278   17.82  45.22
0.622278   17.81  45.22
0.622278   17.81  45.22
0.621891   17.81  45.22
0.621504   17.8  45.22
0.621118   17.79  45.22
0.621118   17.79  45.22
0.621118   17.79  45.22
0.620732   17.78  45.22
0.620732   17.78  45.22
0.620347   17.77  45.22
0.620347   17.76  45.22
0.619963   17.76  45.22
0.619963   17.75  45.22
0.619579   17.75  45.22
0.619579   17.75  45.22
0.619579   17.75  45.22
0.619195   17.74  45.22
0.619195   17.73  45.22
0.618812   17.72  45.22
0.618812   17.71  45.22
0.618429   17.71  45.22
0.618047   17.7  45.22
0.618047   17.69  45.22
0.617665   17.69  45.22
0.617284   17.69  45.22
0.617284   17.68  45.22
0.616903   17.68  45.22
0.616903   17.68  45.22
0.616903   17.67  45.22
0.616903   17.67  45.22
0.616523   17.66  45.22
0.616523   17.65  45.22
0.616523   17.65  45.22
0.616143   17.64  45.22
0.616143   17.64  45.22
0.616143   17.64  45.21
0.615764   17.64  45.21
0.615385   17.62  45.22
0.615385   17.62  45.21
0.615006   17.61  45.21
0.615006   17.6  45.21
0.614628   17.6  45.21
0.614628   17.59  45.21
0.614251   17.59  45.21
0.614251   17.59  45.21
0.613874   17.58  45.21
0.613874   17.58  45.21
0.613497   17.58  45.21
0.613497   17.56  45.21
0.613121   17.56  45.21
0.613121   17.55  45.21
0.612745   17.54  45.21
0.612745   17.53  45.21
0.61237   17.52  45.21
0.611995   17.52  45.21
0.611995   17.52  45.21
0.611621   17.52  45.21
0.611621   17.51  45.21
0.611247   17.5  45.21
0.611247   17.5  45.21
0.610874   17.49  45.21
0.610874   17.48  45.21
0.610501   17.48  45.21
0.610128   17.47  45.21
0.610128   17.46  45.21
0.610128   17.46  45.21
0.609756   17.45  45.21
0.609756   17.45  45.21
0.609385   17.44  45.21
0.609013   17.43  45.21
0.609013   17.43  45.21
0.608643   17.42  45.21
0.608273   17.42  45.21
0.608273   17.4  45.21
0.607903   17.39  45.21
0.607903   17.39  45.21
0.607533   17.38  45.21
0.607165   17.37  45.21
0.607165   17.37  45.2
0.606796   17.36  45.2
0.606428   17.35  45.2
0.606428   17.34  45.2
0.606061   17.33  45.2
0.605694   17.33  45.2
0.605694   17.33  45.2
0.605327   17.32  45.2
0.604961   17.31  45.2
0.604961   17.3  45.2
0.604595   17.3  45.2
0.604595   17.3  45.2
0.604595   17.3  45.2
0.604595   17.29  45.2
0.604595   17.29  45.2
0.60423   17.28  45.2
0.603865   17.27  45.2
0.6035   17.26  45.2
0.6035   17.26  45.2
0.603136   17.25  45.2
0.603136   17.25  45.2
0.602773   17.24  45.2
0.60241   17.24  45.2
0.60241   17.23  45.2
0.602047   17.23  45.2
0.601685   17.23  45.2
0.601685   17.21  45.2
0.601323   17.2  45.2
0.601323   17.2  45.2
0.600962   17.2  45.2
0.600601   17.19  45.2
0.600601   17.18  45.2
0.600601   17.18  45.2
0.600601   17.17  45.2
0.60024   17.16  45.2
0.60024   17.16  45.2
0.59988   17.15  45.2
0.59952   17.14  45.2
0.59952   17.14  45.2
0.599161   17.14  45.2
0.599161   17.13  45.2
0.598802   17.13  45.2
0.598802   17.13  45.2
0.598444   17.12  45.2
0.598086   17.11  45.2
0.598086   17.11  45.2
0.597729   17.1  45.2
0.597729   17.09  45.2
0.597372   17.08  45.2
0.597015   17.07  45.2
0.596659   17.07  45.2
0.596303   17.06  45.2
0.595948   17.05  45.2
0.595948   17.04  45.2
0.595948   17.04  45.2
0.595593   17.02  45.2
0.595238   17.02  45.2
0.594884   17  45.2
0.594884   17  45.2
0.59453   16.99  45.2
0.59453   16.99  45.2
0.59453   16.99  45.2
0.594177   16.98  45.2
0.593824   16.97  45.2
0.593472   16.97  45.2
0.593472   16.95  45.2
0.59312   16.95  45.2
0.59312   16.94  45.2
0.59312   16.93  45.2
0.592768   16.93  45.2
0.592768   16.93  45.2
0.592417   16.92  45.2
0.592417   16.91  45.2
0.592066   16.91  45.2
0.592066   16.91  45.2
0.591716   16.9  45.2
0.591366   16.9  45.2
0.591366   16.9  45.2
0.591017   16.88  45.19
0.591017   16.88  45.19
0.590667   16.87  45.19
0.590319   16.86  45.19
0.590319   16.86  45.19
0.589971   16.86  45.19
0.589971   16.84  45.19
0.589623   16.84  45.19
0.589275   16.83  45.19
0.588928   16.83  45.19
0.588582   16.82  45.19
0.588582   16.81  45.19
0.588235   16.81  45.19
0.588235   16.79  45.19
0.587889   16.79  45.19
0.587544   16.79  45.19
0.587544   16.78  45.19
0.587199   16.77  45.19
0.586854   16.77  45.19
0.58651   16.76  45.19
0.586166   16.75  45.19
0.585823   16.74  45.19
0.585823   16.74  45.19
0.585823   16.74  45.19
0.58548   16.73  45.19
0.58548   16.73  45.19
0.585138   16.72  45.19
0.585138   16.72  45.19
0.584795   16.7  45.19
0.584795   16.7  45.19
0.584454   16.7  45.19
0.584454   16.68  45.19
0.584112   16.68  45.19
0.584112   16.68  45.19
0.583771   16.68  45.19
0.583771   16.66  45.19
0.583431   16.66  45.19
0.583431   16.66  45.19
0.58309   16.65  45.19
0.58309   16.64  45.19
0.582751   16.64  45.19
0.582411   16.64  45.19
0.582411   16.63  45.19
0.582072   16.62  45.19
0.581734   16.62  45.19
0.581395   16.6  45.19
0.581058   16.6  45.19
0.581058   16.59  45.19
0.58072   16.58  45.19
0.580383   16.58  45.19
0.580383   16.56  45.19
0.580046   16.56  45.19
0.580046   16.56  45.19
0.57971   16.54  45.19
0.579374   16.54  45.19
0.579039   16.53  45.19
0.579039   16.52  45.19
0.578704   16.52  45.19
0.578369   16.51  45.19
0.578369   16.5  45.19
0.578369   16.5  45.19
0.578035   16.5  45.19
0.577701   16.49  45.19
0.577701   16.48  45.19
0.577367   16.48  45.19
0.577034   16.46  45.19
0.576701   16.46  45.19
0.576701   16.45  45.19
0.576369   16.44  45.19
0.576037   16.44  45.19
0.576037   16.44  45.19
0.575705   16.43  45.19
0.575374   16.42  45.19
0.575043   16.41  45.19
0.574713   16.4  45.19
0.574383   16.38  45.19
0.574053   16.38  45.18
0.574053   16.38  45.18
0.573723   16.37  45.18
0.573723   16.37  45.18
0.573394   16.36  45.18
0.573394   16.36  45.18
0.573066   16.36  45.18
0.572738   16.34  45.18
0.57241   16.33  45.18
0.572082   16.32  45.18
0.572082   16.32  45.18
0.572082   16.32  45.18
0.571755   16.32  45.18
0.571755   16.31  45.18
0.571429   16.3  45.18
0.571102   16.29  45.18
0.570451   16.29  45.18
0.570451   16.28  45.18
0.570125   16.28  45.18
0.570125   16.27  45.18
0.569801   16.27  45.18
0.569801   16.25  45.18
0.569476   16.25  45.18
0.569476   16.25  45.18
0.569476   16.24  45.18
0.569152   16.23  45.18
0.568828   16.23  45.18
0.568828   16.22  45.18
0.568505   16.22  45.18
0.568505   16.21  45.18
0.568182   16.21  45.18
0.567859   16.2  45.18
0.567859   16.2  45.18
0.567537   16.19  45.18
0.567215   16.18  45.18
0.566893   16.17  45.18
0.566893   16.16  45.18
0.566572   16.16  45.18
0.566251   16.15  45.18
0.566251   16.14  45.18
0.565931   16.14  45.18
0.565931   16.14  45.18
0.565611   16.12  45.18
0.565611   16.12  45.18
0.565291   16.12  45.18
0.564972   16.1  45.18
0.564653   16.1  45.18
0.564653   16.1  45.18
0.564334   16.1  45.18
0.564334   16.08  45.18
0.564016   16.08  45.18
0.564016   16.08  45.18
0.563698   16.07  45.18
0.56338   16.06  45.18
0.563063   16.06  45.18
0.563063   16.06  45.18
0.562746   16.04  45.18
0.56243   16.04  45.18
0.56243   16.03  45.18
0.562114   16.02  45.18
0.561798   16.02  45.18
0.561482   16.01  45.18
0.561167   16  45.18
0.561167   16  45.18
0.560852   15.98  45.18
0.560224   15.98  45.18
0.560224   15.97  45.18
0.55991   15.96  45.18
0.55991   15.96  45.18
0.559597   15.95  45.18
0.558971   15.94  45.18
0.558659   15.92  45.18
0.558347   15.92  45.18
0.558347   15.92  45.18
0.558036   15.9  45.18
0.557724   15.9  45.18
0.557414   15.9  45.18
0.557414   15.89  45.18
0.557103   15.88  45.18
0.556793   15.88  45.18
0.556793   15.88  45.17
0.556483   15.87  45.17
0.556483   15.86  45.17
0.555864   15.84  45.17
0.555556   15.84  45.17
0.555247   15.83  45.17
0.554939   15.82  45.17
0.554631   15.81  45.17
0.554324   15.8  45.17
0.554017   15.8  45.17
0.554017   15.8  45.17
0.55371   15.79  45.17
0.553403   15.78  45.17
0.553403   15.78  45.17
0.553097   15.77  45.17
0.553097   15.77  45.17
0.553097   15.76  45.17
0.552792   15.75  45.17
0.552792   15.75  45.17
0.552792   15.75  45.17
0.552486   15.75  45.17
0.552486   15.74  45.17
0.552181   15.73  45.17
0.551876   15.73  45.17
0.551572   15.71  45.17
0.551268   15.71  45.17
0.550964   15.69  45.17
0.550661   15.69  45.17
0.550055   15.67  45.17
0.549753   15.65  45.17
0.549451   15.65  45.17
0.549451   15.65  45.17
0.549149   15.65  45.17
0.548847   15.63  45.17
0.548546   15.62  45.17
0.548246   15.61  45.17
0.547645   15.6  45.17
0.547345   15.59  45.17
0.547345   15.59  45.17
0.547345   15.58  45.17
0.547046   15.57  45.17
0.546747   15.57  45.17
0.546747   15.56  45.17
0.54615   15.55  45.17
0.545852   15.55  45.17
0.545554   15.54  45.17
0.545256   15.53  45.17
0.544959   15.52  45.17
0.544662   15.51  45.17
0.54407   15.5  45.16
0.543774   15.49  45.16
0.543478   15.48  45.16
0.542888   15.47  45.16
0.542594   15.46  45.16
0.542299   15.44  45.16
0.542005   15.44  45.16
0.541712   15.43  45.16
0.541419   15.42  45.16
0.541126   15.41  45.16
0.540541   15.4  45.16
0.540249   15.39  45.16
0.539957   15.38  45.16
0.539665   15.36  45.16
0.539374   15.36  45.16
0.538793   15.35  45.16
0.538503   15.34  45.16
0.538213   15.32  45.16
0.537924   15.32  45.16
0.537924   15.31  45.16
0.537634   15.3  45.16
0.537346   15.29  45.16
0.536769   15.28  45.16
0.536481   15.27  45.16
0.536193   15.25  45.16
0.535906   15.25  45.16
0.535619   15.25  45.16
0.535045   15.23  45.16
0.534474   15.21  45.16
0.534188   15.21  45.16
0.533903   15.21  45.16
0.533618   15.2  45.16
0.533333   15.19  45.16
0.533049   15.17  45.16
0.532481   15.16  45.16
0.532198   15.15  45.16
0.531915   15.15  45.16
0.531632   15.13  45.16
0.531067   15.12  45.16
0.530786   15.11  45.16
0.530504   15.1  45.16
0.530223   15.1  45.16
0.529661   15.09  45.16
0.529661   15.08  45.16
0.529381   15.08  45.16
0.529101   15.06  45.16
0.529101   15.06  45.16
0.528541   15.04  45.16
0.528262   15.04  45.16
0.527983   15.02  45.16
0.527704   15.02  45.16
0.527704   15.01  45.16
0.527426   15  45.16
0.52687   15  45.16
0.526316   14.98  45.16
0.526316   14.97  45.16
0.526039   14.96  45.16
0.525762   14.96  45.16
0.525486   14.95  45.16
0.52521   14.95  45.16
0.524384   14.93  45.16
0.52356   14.9  45.16
0.523013   14.88  45.16
0.522466   14.86  45.16
0.521921   14.85  45.16
0.521921   14.84  45.16
0.521376   14.83  45.16
0.520562   14.81  45.16
0.519751   14.79  45.16
0.519481   14.78  45.16
0.518941   14.77  45.16
0.518135   14.75  45.16
0.518135   14.74  45.16
0.518135   14.74  45.16
0.518135   14.73  45.16
0.518135   14.73  45.15
0.518135   14.73  45.16
0.518135   14.73  45.15
0.518403   14.73  45.15
0.518403   14.73  45.16
0.518403   14.73  45.15
0.518135   14.73  45.15
0.517866   14.72  45.15
0.517598   14.7  45.15
0.516796   14.69  45.15
0.515996   14.68  45.15
0.515464   14.66  45.15
0.515198   14.64  45.15
0.514668   14.64  45.15
0.514403   14.62  45.15
0.513875   14.62  45.15
0.513347   14.6  45.15
0.512821   14.58  45.15
0.512033   14.56  45.15
0.511247   14.54  45.15
0.510725   14.53  45.15
0.509944   14.5  45.15
0.509424   14.49  45.15
0.508906   14.47  45.15
0.508388   14.46  45.15
0.507614   14.44  45.15
0.507099   14.42  45.15
0.506842   14.42  45.15
0.506586   14.41  45.15
0.506586   14.4  45.15
0.506329   14.4  45.15
0.506073   14.39  45.15
0.505817   14.38  45.15
0.505306   14.36  45.15
0.504796   14.35  45.15
0.504796   14.34  45.15
0.504541   14.34  45.15
0.504286   14.34  45.15
0.503525   14.31  45.15
0.503018   14.3  45.15
0.502765   14.29  45.15
0.502513   14.28  45.15
0.50226   14.28  45.15
0.502008   14.28  45.15
0.501756   14.27  45.15
0.501756   14.26  45.15
0.501505   14.25  45.15
0.501253   14.24  45.15
0.501002   14.24  45.15
0.500751   14.23  45.15
0.500501   14.22  45.15
0.50025   14.21  45.15
0.49975   14.2  45.15
0.49975   14.18  45.15
0.4995   14.18  45.15
0.499251   14.18  45.15
0.499002   14.18  45.15
0.498753   14.18  45.15
0.498504   14.17  45.15
0.498256   14.16  45.15
0.498256   14.15  45.15
0.498008   14.14  45.15
0.49776   14.13  45.15
0.497512   14.13  45.15
0.497265   14.12  45.15
0.497265   14.12  45.15
0.497018   14.11  45.15
0.496771   14.11  45.15
0.496278   14.09  45.15
0.496278   14.09  45.15
0.496032   14.08  45.15
0.495786   14.07  45.15
0.495295   14.06  45.15
0.49505   14.05  45.15
0.49456   14.04  45.15
0.494315   14.03  45.15
0.494315   14.03  45.15
0.494071   14.02  45.15
0.493827   14.01  45.15
0.493583   14.01  45.15
0.49334   13.99  45.15
0.493097   13.99  45.15
0.492854   13.98  45.15
0.492368   13.97  45.15
0.492126   13.96  45.15
0.491884   13.95  45.15
0.491642   13.95  45.15
0.491159   13.93  45.15
0.490918   13.92  45.14
0.490677   13.92  45.14
0.490196   13.9  45.14
0.490196   13.9  45.14
0.489956   13.9  45.14
0.489716   13.89  45.14
0.489476   13.88  45.14
0.489237   13.87  45.14
0.488998   13.86  45.14
0.48852   13.85  45.14
0.488281   13.84  45.14
0.487805   13.83  45.14
0.487567   13.82  45.14
0.487092   13.82  45.14
0.486855   13.81  45.14
0.486618   13.8  45.14
0.486381   13.8  45.14
0.486145   13.78  45.14
0.485909   13.78  45.14
0.485673   13.77  45.14
0.485437   13.77  45.14
0.485201   13.75  45.14
0.484966   13.75  45.14
0.484731   13.74  45.14
0.484496   13.74  45.14
0.484262   13.73  45.14
0.484027   13.72  45.14
0.483793   13.72  45.14
0.483559   13.71  45.14
0.483325   13.71  45.14
0.483092   13.7  45.14
0.483092   13.7  45.14
0.482859   13.69  45.14
0.482625   13.68  45.14
0.482393   13.67  45.14
0.48216   13.67  45.14
0.48216   13.67  45.14
0.481928   13.66  45.14
0.481464   13.65  45.14
0.481   13.63  45.14
0.480769   13.62  45.14
0.480538   13.62  45.14
0.480307   13.61  45.14
0.479846   13.6  45.14
0.479616   13.58  45.14
0.479157   13.58  45.14
0.478927   13.57  45.14
0.478469   13.57  45.13
0.47824   13.55  45.13
0.478011   13.55  45.13
0.477783   13.54  45.13
0.477327   13.53  45.13
0.477099   13.52  45.13
0.476644   13.51  45.13
0.47619   13.5  45.13
0.475964   13.49  45.13
0.475737   13.48  45.13
0.475511   13.47  45.13
0.475285   13.47  45.13
0.475059   13.46  45.13
0.474834   13.45  45.13
0.474608   13.44  45.13
0.474158   13.43  45.13
0.473709   13.42  45.13
0.473261   13.41  45.13
0.472813   13.39  45.13
0.472813   13.39  45.13
0.47259   13.38  45.13
0.472367   13.38  45.13
0.472367   13.37  45.13
0.471921   13.37  45.13
0.471698   13.36  45.13
0.471698   13.36  45.13
0.471254   13.35  45.13
0.471032   13.34  45.13
0.47081   13.33  45.13
0.470588   13.33  45.13
0.470367   13.32  45.13
0.470146   13.32  45.13
0.469925   13.32  45.13
0.469704   13.31  45.13
0.469484   13.31  45.13
0.469263   13.29  45.13
0.469043   13.29  45.13
0.469043   13.28  45.13
0.468823   13.27  45.13
0.468604   13.26  45.13
0.468604   13.26  45.13
0.468384   13.26  45.13
0.468384   13.26  45.13
0.468165   13.25  45.13
0.467946   13.25  45.13
0.467727   13.24  45.13
0.467508   13.23  45.13
0.46729   13.23  45.13
0.467071   13.22  45.13
0.466853   13.22  45.13
0.466636   13.21  45.13
0.466418   13.2  45.13
0.4662   13.19  45.13
0.465766   13.18  45.13
0.465549   13.16  45.13
0.465116   13.16  45.13
0.4649   13.14  45.13
0.464684   13.14  45.13
0.464468   13.14  45.13
0.464253   13.13  45.13
0.464037   13.13  45.13
0.463822   13.13  45.13
0.463607   13.12  45.13
0.463392   13.11  45.13
0.462963   13.09  45.13
0.462749   13.08  45.13
0.462321   13.08  45.13
0.461894   13.07  45.13
0.461681   13.06  45.13
0.461255   13.05  45.13
0.460829   13.04  45.13
0.460405   13.03  45.13
0.459982   13.01  45.13
0.459348   13  45.13
0.458926   12.98  45.13
0.458505   12.97  45.13
0.458085   12.96  45.12
0.457666   12.94  45.12
0.457247   12.94  45.12
0.45683   12.92  45.12
0.456204   12.9  45.12
0.455996   12.89  45.12
0.455789   12.89  45.12
0.455581   12.88  45.12
0.455581   12.88  45.12
0.455373   12.87  45.12
0.455373   12.87  45.12
0.455166   12.87  45.12
0.454959   12.86  45.12
0.454752   12.86  45.12
0.454545   12.86  45.12
0.454339   12.85  45.12
0.453926   12.84  45.12
0.453515   12.82  45.12
0.453309   12.82  45.12
0.452899   12.81  45.12
0.452694   12.81  45.12
0.452489   12.8  45.12
0.452489   12.8  45.12
0.45208   12.78  45.12
0.451875   12.78  45.12
0.451671   12.77  45.12
0.451264   12.76  45.12
0.450857   12.75  45.12
0.450653   12.74  45.12
0.45045   12.74  45.12
0.450045   12.73  45.12
0.449843   12.73  45.12
0.44964   12.71  45.12
0.449438   12.71  45.12
0.449236   12.69  45.12
0.449035   12.69  45.12
0.448833   12.68  45.12
0.44843   12.68  45.12
0.448229   12.67  45.12
0.447828   12.65  45.12
0.447628   12.65  45.12
0.447227   12.64  45.12
0.446828   12.64  45.12
0.446628   12.62  45.12
0.446229   12.61  45.11
0.44603   12.61  45.11
0.445831   12.59  45.11
0.445633   12.58  45.11
0.445236   12.57  45.11
0.445038   12.57  45.11
0.44484   12.56  45.11
0.444642   12.55  45.11
0.444247   12.54  45.11
0.44405   12.54  45.11
0.443656   12.53  45.11
0.443459   12.52  45.11
0.443262   12.52  45.11
0.443066   12.52  45.11
0.443066   12.51  45.11
0.44287   12.51  45.11
0.44287   12.51  45.11
0.442674   12.5  45.11
0.442478   12.49  45.11
0.442282   12.48  45.11
0.441696   12.46  45.11
0.441112   12.45  45.11
0.440529   12.44  45.11
0.440141   12.44  45.11
0.439947   12.43  45.11
0.439754   12.43  45.11
0.439367   12.41  45.11
0.439174   12.4  45.11
0.438789   12.4  45.11
0.438596   12.39  45.11
0.438212   12.38  45.11
0.43802   12.37  45.11
0.437637   12.36  45.11
0.437445   12.35  45.11
0.437063   12.34  45.11
0.436681   12.33  45.1
0.43611   12.32  45.1
0.43573   12.31  45.1
0.43535   12.3  45.1
0.434972   12.29  45.1
0.434783   12.28  45.1
0.434594   12.27  45.1
0.434216   12.26  45.1
0.434028   12.26  45.1
0.433839   12.25  45.1
0.433839   12.25  45.1
0.433651   12.25  45.1
0.433463   12.24  45.1
0.433276   12.23  45.1
0.4329   12.22  45.1
0.4329   12.21  45.1
0.432526   12.21  45.1
0.432152   12.2  45.1
0.431965   12.19  45.1
0.431593   12.19  45.1
0.43122   12.18  45.1
0.431034   12.17  45.1
0.430849   12.16  45.1
0.430663   12.15  45.1
0.430478   12.15  45.1
0.430293   12.15  45.1
0.430108   12.14  45.1
0.429923   12.14  45.1
0.429738   12.13  45.1
0.429553   12.13  45.1
0.429185   12.11  45.1
0.429   12.1  45.1
0.428633   12.09  45.1
0.428449   12.08  45.1
0.428266   12.07  45.1
0.427899   12.06  45.1
0.427716   12.06  45.1
0.427533   12.05  45.1
0.427168   12.04  45.1
0.426803   12.04  45.1
0.426621   12.03  45.1
0.426257   12.02  45.1
0.426076   12.01  45.1
0.425894   12.01  45.1
0.425713   12  45.1
0.425532   12  45.1
0.425351   11.99  45.1
0.42517   11.99  45.1
0.424989   11.99  45.1
0.424809   11.98  45.1
0.424628   11.98  45.1
0.424268   11.97  45.1
0.423908   11.96  45.1
0.423549   11.95  45.1
0.423012   11.94  45.1
0.422654   11.92  45.1
0.422119   11.91  45.1
0.421585   11.9  45.1
0.42123   11.88  45.1
0.420698   11.87  45.1
0.420345   11.86  45.1
0.419992   11.85  45.1
0.419815   11.85  45.1
0.419463   11.84  45.1
0.419111   11.83  45.1
0.41876   11.82  45.1
0.418585   11.81  45.1
0.41806   11.8  45.1
0.417711   11.78  45.1
0.417537   11.78  45.1
0.417362   11.77  45.1
0.417188   11.77  45.1
0.41684   11.76  45.1
0.416667   11.76  45.1
0.416146   11.75  45.1
0.415628   11.73  45.1
0.41511   11.72  45.1
0.414766   11.71  45.1
0.414594   11.7  45.1
0.41425   11.69  45.1
0.413907   11.67  45.1
0.413736   11.67  45.1
0.413565   11.66  45.1
0.413394   11.65  45.1
0.413223   11.65  45.1
0.413052   11.64  45.1
0.412882   11.63  45.1
0.412541   11.62  45.1
0.412201   11.61  45.1
0.411692   11.6  45.1
0.411353   11.58  45.1
0.411015   11.57  45.1
0.410509   11.56  45.1
0.410172   11.56  45.1
0.409836   11.55  45.1
0.409836   11.54  45.09
0.4095   11.53  45.09
0.409333   11.53  45.09
0.408831   11.52  45.09
0.408497   11.51  45.09
0.407997   11.5  45.09
0.407498   11.49  45.09
0.407166   11.48  45.09
0.406835   11.47  45.09
0.406504   11.46  45.09
0.406339   11.45  45.09
0.406174   11.44  45.09
0.406009   11.43  45.09
0.405844   11.42  45.09
0.405515   11.41  45.09
0.405351   11.41  45.09
0.405186   11.4  45.09
0.404858   11.39  45.09
0.404694   11.39  45.09
0.404367   11.38  45.09
0.404204   11.38  45.09
0.403877   11.38  45.09
0.403714   11.37  45.09
0.403388   11.37  45.09
0.403226   11.36  45.09
0.403063   11.35  45.09
0.402739   11.35  45.09
0.402576   11.32  45.09
0.402253   11.31  45.09
0.402091   11.31  45.09
0.401929   11.31  45.09
0.401768   11.29  45.09
0.401606   11.29  45.09
0.401445   11.29  45.09
0.401284   11.28  45.09
0.401123   11.28  45.09
0.400962   11.27  45.09
0.400641   11.27  45.09
0.40032   11.25  45.09
0.39984   11.24  45.09
0.399361   11.23  45.09
0.398883   11.22  45.09
0.398565   11.2  45.09
0.398089   11.18  45.09
0.397456   11.17  45.09
0.396825   11.15  45.09
0.396197   11.14  45.09
0.395413   11.12  45.09
0.394789   11.1  45.09
0.394011   11.08  45.09
0.393701   11.07  45.09
0.393701   11.06  45.09
0.393391   11.05  45.09
0.392927   11.03  45.09
0.392619   11.02  45.09
0.392465   11.02  45.09
0.392157   11.01  45.09
0.392003   11  45.09
0.391696   10.99  45.09
0.391389   10.98  45.09
0.391236   10.97  45.09
0.39093   10.96  45.09
0.390778   10.95  45.09
0.390625   10.95  45.09
0.390472   10.93  45.09
0.39032   10.93  45.09
0.390168   10.92  45.09
0.389864   10.91  45.09
0.38956   10.9  45.08
0.389105   10.89  45.08
0.388802   10.86  45.08
0.3885   10.85  45.08
0.388199   10.82  45.08
0.387898   10.8  45.08
0.387747   10.79  45.08
0.387447   10.79  45.08
0.387297   10.79  45.08
0.386997   10.79  45.08
0.386847   10.78  45.08
0.386548   10.76  45.08
0.386399   10.73  45.08
0.38625   10.73  45.08
0.3861   10.73  45.08
0.385802   10.73  45.08
0.385654   10.72  45.08
0.385356   10.72  45.08
0.385208   10.71  45.08
0.38506   10.7  45.08
0.384763   10.7  45.08
0.384468   10.7  45.08
0.38432   10.7  45.08
0.384025   10.7  45.08
0.38373   10.7  45.08
0.383583   10.7  45.08
0.383289   10.69  45.08
0.382995   10.69  45.08
0.382848   10.68  45.08
0.382555   10.68  45.08
0.382409   10.68  45.08
0.382117   10.68  45.08
0.381971   10.68  45.08
0.381825   10.68  45.08
0.381679   10.68  45.08
0.381534   10.68  45.08
0.381388   10.68  45.08
0.381243   10.67  45.08
0.381243   10.67  45.08
0.381098   10.67  45.08
0.380807   10.67  45.08
0.380518   10.66  45.08
0.380084   10.65  45.08
0.379363   10.6  45.08
0.378931   10.56  45.08
0.378501   10.55  45.07
0.378215   10.53  45.07
0.378072   10.52  45.07
0.377929   10.5  45.07
0.377644   10.49  45.07
0.377358   10.49  45.07
0.376932   10.48  45.07
0.376648   10.48  45.07
0.376364   10.48  45.07
0.376223   10.48  45.07
0.376081   10.47  45.07
0.375799   10.47  45.07
0.375375   10.46  45.07
0.375235   10.46  45.07
0.374953   10.46  45.07
0.374672   10.45  45.07
0.374672   10.43  45.07
0.374532   10.43  45.07
0.374392   10.43  45.07
0.374392   10.43  45.07
0.374251   10.42  45.07
0.373972   10.42  45.07
0.373832   10.4  45.07
0.373552   10.39  45.07
0.373274   10.39  45.07
0.373134   10.38  45.07
0.372995   10.37  45.07
0.372717   10.37  45.07
0.372439   10.37  45.07
0.372301   10.37  45.07
0.372301   10.37  45.07
0.372024   10.37  45.07
0.371747   10.37  45.07
0.371471   10.37  45.07
0.371058   10.35  45.07
0.370782   10.34  45.07
0.370508   10.32  45.07
0.37037   10.31  45.07
0.370233   10.3  45.07
0.370233   10.3  45.07
0.370233   10.3  45.07
0.370096   10.29  45.07
0.369822   10.29  45.07
0.369686   10.29  45.07
0.369413   10.29  45.07
0.36914   10.28  45.07
0.368732   10.28  45.07
0.368596   10.28  45.07
0.36846   10.27  45.07
0.368324   10.27  45.07
0.368189   10.26  45.07
0.367918   10.25  45.07
0.367647   10.25  45.07
0.367512   10.24  45.07
0.367242   10.25  45.07
0.366838   10.24  45.07
0.366569   10.24  45.07
0.3663   10.23  45.07
0.366166   10.23  45.07
0.365898   10.23  45.07
0.365898   10.23  45.07
0.365898   10.22  45.07
0.365898   10.23  45.07
0.365764   10.23  45.07
0.365497   10.23  45.07
0.365364   10.23  45.07
0.365097   10.22  45.07
0.364964   10.22  45.07
0.36483   10.21  45.07
0.364697   10.21  45.07
0.364697   10.21  45.07
0.364697   10.21  45.07
0.364564   10.21  45.07
0.364033   10.2  45.07
0.363372   10.19  45.07
0.362976   10.16  45.07
0.362845   10.14  45.07
0.362582   10.12  45.07
0.362188   10.12  45.07
0.361795   10.12  45.07
0.361402   10.12  45.07
0.360881   10.1  45.06
0.36062   10.08  45.06
0.360101   10.05  45.06
0.359712   10.03  45.06
0.359583   10.04  45.06
0.359454   10.04  45.06
0.359195   10.03  45.06
0.358938   10.02  45.06
0.358809   10.02  45.06
0.358551   10.01  45.06
0.358295   10  45.06
0.358038   10  45.06
0.35791   10  45.06
0.35791   10  45.06
0.357782   10  45.06
0.357654   9.99  45.06
0.357398   9.97  45.06
0.357143   9.97  45.06
0.356888   9.96  45.06
0.356633   9.95  45.06
0.356506   9.96  45.06
0.356252   9.95  45.06
0.355999   9.95  45.06
0.355745   9.93  45.06
0.355619   9.92  45.06
0.355619   9.92  45.06
0.355492   9.93  45.06
0.35524   9.92  45.06
0.355114   9.91  45.06
0.354988   9.91  45.06
0.354862   9.92  45.06
0.35461   9.92  45.06
0.354359   9.9  45.06
0.354108   9.89  45.06
0.353982   9.89  45.06
0.353607   9.87  45.06
0.353357   9.86  45.06
0.353232   9.86  45.06
0.352983   9.85  45.06
0.352734   9.85  45.06
0.352361   9.83  45.06
0.351989   9.81  45.06
0.351617   9.81  45.06
0.351617   9.81  45.06
0.351617   9.8  45.06
0.351617   9.8  45.06
0.35137   9.8  45.06
0.35137   9.79  45.06
0.35137   9.79  45.06
0.35137   9.79  45.06
0.35137   9.79  45.06
0.35137   9.79  45.06
0.35137   9.79  45.06
0.351124   9.81  45.06
0.350877   9.81  45.06
0.350754   9.81  45.06
0.350631   9.81  45.06
0.350631   9.81  45.06
0.350385   9.8  45.06
0.350263   9.8  45.06
0.350263   9.78  45.06
0.350263   9.78  45.06
0.350263   9.78  45.06
0.350263   9.78  45.06
0.350263   9.78  45.06
0.350263   9.77  45.06
0.350263   9.77  45.06
0.350385   9.77  45.06
0.350385   9.77  45.06
0.350385   9.76  45.06
0.350385   9.77  45.06
0.350385   9.77  45.06
0.350385   9.76  45.06
0.350385   9.77  45.06
0.350385   9.77  45.05
0.350385   9.76  45.06
0.350385   9.76  45.05
0.350385   9.78  45.05
0.349895   9.79  45.05
0.348918   9.76  45.05
0.348311   9.71  45.05
0.347947   9.7  45.05
0.347464   9.69  45.05
0.346981   9.69  45.05
0.34662   9.68  45.05
0.34626   9.65  45.05
0.346021   9.64  45.05
0.345662   9.63  45.05
0.345304   9.62  45.05
0.345066   9.62  45.05
0.344947   9.62  45.05
0.344828   9.62  45.05
0.344709   9.62  45.05
0.344471   9.61  45.05
0.344353   9.6  45.05
0.344116   9.59  45.05
0.343997   9.61  45.05
0.343879   9.61  45.05
0.343643   9.6  45.05
0.343525   9.58  45.05
0.343289   9.57  45.05
0.343171   9.57  45.05
0.342818   9.58  45.05
0.342349   9.58  45.05
0.342114   9.56  45.05
0.341763   9.57  45.05
0.34153   9.56  45.05
0.341297   9.54  45.05
0.341064   9.53  45.05
0.340832   9.53  45.05
0.340599   9.51  45.05
0.340368   9.5  45.05
0.340252   9.49  45.05
0.339905   9.49  45.05
0.339674   9.49  45.05
0.339443   9.49  45.05
0.339213   9.48  45.05
0.338983   9.46  45.05
0.338753   9.47  45.05
0.338524   9.44  45.05
0.338066   9.44  45.05
0.337724   9.42  45.05
0.337382   9.41  45.05
0.337268   9.41  45.05
0.337041   9.42  45.05
0.336927   9.4  45.05
0.3367   9.4  45.05
0.336587   9.4  45.05
0.336134   9.39  45.05
0.335683   9.38  45.05
0.335345   9.38  45.05
0.335008   9.37  45.05
0.334672   9.35  45.05
0.334336   9.33  45.05
0.334001   9.31  45.05
0.333667   9.3  45.05
0.333556   9.31  45.05
0.333333   9.3  45.05
0.333111   9.3  45.05
0.332889   9.29  45.05
0.332779   9.28  45.05
0.332779   9.27  45.05
0.332668   9.26  45.05
0.332557   9.27  45.05
0.332447   9.27  45.05
0.332005   9.26  45.05
0.331785   9.25  45.05
0.331565   9.24  45.05
0.331565   9.24  45.05
0.331455   9.22  45.04
0.331236   9.22  45.04
0.331126   9.21  45.04
0.330907   9.21  45.04
0.330688   9.2  45.04
0.330469   9.2  45.04
0.330251   9.2  45.04
0.330033   9.2  45.04
0.329815   9.19  45.04
0.329707   9.18  45.04
0.329598   9.19  45.04
0.329272   9.18  45.04
0.328947   9.19  45.04
0.328731   9.17  45.04
0.328623   9.15  45.04
0.328515   9.15  45.04
0.328299   9.15  45.04
0.328084   9.15  45.04
0.327761   9.16  45.04
0.327547   9.16  45.04
0.327225   9.17  45.04
0.327011   9.14  45.04
0.326691   9.13  45.04
0.326584   9.1  45.04
0.326264   9.08  45.04
0.326158   9.07  45.04
0.325945   9.06  45.04
0.325733   9.06  45.04
0.325415   9.06  45.04
0.325203   9.07  45.04
0.324886   9.06  45.04
0.324675   9.04  45.04
0.324465   9.02  45.04
0.324254   9.01  45.04
0.324044   9.01  45.04
0.323834   9  45.03
0.323625   8.98  45.03
0.32352   8.98  45.03
0.323311   8.98  45.03
0.323102   8.97  45.03
0.322893   8.98  45.03
0.322685   8.98  45.03
0.322477   8.97  45.03
0.322269   8.96  45.03
0.322061   8.95  45.03
0.321958   8.95  45.03
0.32175   8.94  45.03
0.321543   8.93  45.03
0.321543   8.93  45.03
0.32144   8.92  45.03
0.321234   8.91  45.03
0.320924   8.92  45.03
0.320616   8.9  45.03
0.32041   8.89  45.03
0.320205   8.89  45.03
0.319898   8.89  45.03
0.319591   8.86  45.03
0.319285   8.85  45.03
0.319183   8.85  45.03
0.318776   8.84  45.03
0.318471   8.83  45.03
0.318066   8.82  45.03
0.317864   8.82  45.03
0.317763   8.81  45.03
0.317662   8.81  45.03
0.31736   8.81  45.03
0.317158   8.81  45.03
0.317058   8.82  45.03
0.316756   8.81  45.03
0.316756   8.8  45.03
0.316656   8.79  45.03
0.316456   8.77  45.03
0.316156   8.76  45.03
0.315756   8.76  45.03
0.315259   8.76  45.03
0.314861   8.73  45.03
0.314465   8.71  45.03
0.313972   8.69  45.03
0.313775   8.68  45.03
0.313381   8.67  45.03
0.312891   8.66  45.03
0.312402   8.66  45.03
0.31211   8.67  45.03
0.311915   8.66  45.03
0.311818   8.66  45.03
0.311721   8.65  45.03
0.311526   8.64  45.03
0.311236   8.63  45.03
0.311139   8.62  45.03
0.311042   8.62  45.03
0.310849   8.61  45.03
0.310655   8.61  45.03
0.310366   8.62  45.03
0.31027   8.62  45.03
0.310078   8.61  45.03
0.309885   8.6  45.03
0.309693   8.6  45.03
0.309502   8.61  45.03
0.30931   8.6  45.03
0.308928   8.62  45.03
0.308642   8.61  45.03
0.308356   8.6  45.03
0.307977   8.61  45.03
0.307692   8.6  45.03
0.307598   8.6  45.03
0.307409   8.61  45.03
0.30722   8.59  45.03
0.307031   8.56  45.03
0.306748   8.54  45.03
0.30656   8.52  45.03
0.306373   8.51  45.03
0.306185   8.48  45.03
0.305998   8.47  45.03
0.30581   8.47  45.03
0.305717   8.47  45.02
0.305437   8.47  45.02
0.305157   8.47  45.02
0.304971   8.45  45.02
0.304878   8.43  45.02
0.304785   8.43  45.02
0.304692   8.43  45.02
0.304507   8.45  45.02
0.304229   8.43  45.02
0.304044   8.43  45.02
0.303859   8.42  45.02
0.303767   8.4  45.02
0.303582   8.42  45.02
0.303214   8.4  45.02
0.30303   8.4  45.02
0.302755   8.41  45.02
0.302572   8.39  45.02
0.302297   8.38  45.02
0.302206   8.38  45.02
0.302024   8.38  45.02
0.30175   8.37  45.02
0.301568   8.35  45.02
0.301386   8.35  45.02
0.301296   8.34  45.02
0.301114   8.34  45.02
0.300752   8.35  45.02
0.300391   8.32  45.02
0.30003   8.3  45.02
0.29976   8.28  45.02
0.299401   8.27  45.02
0.299043   8.27  45.02
0.298597   8.27  45.02
0.29824   8.26  45.02
0.297974   8.25  45.02
0.297796   8.26  45.02
0.297619   8.23  45.02
0.297442   8.22  45.02
0.297177   8.22  45.02
0.296824   8.22  45.02
0.296472   8.21  45.02
0.296209   8.19  45.02
0.295858   8.18  45.02
0.295683   8.17  45.02
0.295508   8.15  45.02
0.295421   8.14  45.02
0.295247   8.14  45.02
0.295159   8.13  45.02
0.294985   8.12  45.02
0.294811   8.13  45.02
0.294638   8.12  45.02
0.294551   8.12  45.02
0.294377   8.13  45.02
0.294204   8.14  45.02
0.294118   8.13  45.02
0.294031   8.13  45.02
0.293772   8.12  45.02
0.2936   8.12  45.02
0.293255   8.12  45.02
0.293083   8.11  45.02
0.292912   8.1  45.02
0.29274   8.08  45.02
0.292569   8.06  45.02
0.292398   8.05  45.02
0.292141   8.04  45.02
0.2918   8.02  45.02
0.291545   8.03  45.02
0.291375   8.02  45.02
0.291121   8.02  45.02
0.290951   8  45.02
0.290613   8  45.02
0.29036   7.99  45.02
0.290107   7.99  45.02
0.289855   7.98  45.02
0.289603   7.98  45.02
0.289436   7.98  45.02
0.289184   7.98  45.02
0.28885   7.95  45.02
0.288684   7.94  45.01
0.288517   7.94  45.01
0.288434   7.94  45.01
0.288351   7.94  45.01
0.288184   7.94  45.01
0.287687   7.94  45.01
0.287191   7.91  45.01
0.286862   7.91  45.01
0.286533   7.9  45.01
0.286123   7.89  45.01
0.285796   7.88  45.01
0.285551   7.86  45.01
0.285307   7.86  45.01
0.285144   7.86  45.01
0.284738   7.83  45.01
0.284414   7.82  45.01
0.284252   7.82  45.01
0.28393   7.82  45.01
0.283527   7.81  45.01
0.283286   7.79  45.01
0.283046   7.79  45.01
0.282965   7.78  45.01
0.282885   7.78  45.01
0.282566   7.77  45.01
0.282087   7.74  45.01
0.28177   7.72  45.01
0.281611   7.73  45.01
0.281373   7.71  45.01
0.281215   7.71  45.01
0.280978   7.72  45.01
0.280741   7.71  45.01
0.280584   7.71  45.01
0.280426   7.71  45.01
0.280348   7.71  45.01
0.280191   7.7  45.01
0.280034   7.68  45.01
0.279955   7.67  45.01
0.27972   7.67  45.01
0.279564   7.67  45.01
0.279408   7.68  45.01
0.279252   7.68  45
0.279174   7.67  45
0.279018   7.66  45
0.27894   7.65  45
0.278862   7.65  45
0.278629   7.64  45
0.278396   7.63  45
0.278242   7.63  45
0.278009   7.63  45
0.277778   7.61  45
0.277546   7.6  45
0.277239   7.6  45
0.276932   7.59  45
0.276702   7.57  45
0.276549   7.57  45
0.276167   7.57  45
0.275862   7.56  45
0.275634   7.56  45
0.27533   7.55  45
0.275103   7.55  45
0.274801   7.55  45
0.274574   7.52  45
0.274348   7.55  45
0.274123   7.55  45
0.273823   7.5  45
0.273523   7.47  45
0.273224   7.48  45
0.272851   7.47  45
0.272331   7.48  45
0.271887   7.47  45
0.271518   7.46  45
0.271223   7.44  45
0.271076   7.43  45
0.270856   7.4  45
0.270709   7.39  45
0.270563   7.4  45
0.27027   7.42  45
0.269833   7.41  45
0.269614   7.41  45
0.269397   7.37  45
0.269324   7.37  45
0.269324   7.36  45
0.269251   7.36  45
0.268962   7.37  45
0.268745   7.36  45
0.268601   7.35  45
0.268312   7.35  45
0.268025   7.35  45
0.267666   7.34  45
0.267308   7.32  45
0.266951   7.32  45
0.266738   7.28  45
0.266525   7.27  45
0.266383   7.25  45
0.26617   7.24  45
0.265957   7.25  45
0.265604   7.25  45
0.265252   7.25  45
0.264901   7.22  45
0.26448   7.2  45
0.264271   7.19  45
0.264131   7.18  45
0.263992   7.18  45
0.263852   7.18  45
0.263783   7.2  45
0.263644   7.19  45
0.263505   7.18  45
0.263296   7.16  45
0.263089   7.16  45
0.26295   7.15  45
0.262881   7.15  45
0.262812   7.14  45
0.262743   7.14  45
0.262536   7.13  44.99
0.262398   7.13  44.99
0.262261   7.13  44.99
0.262123   7.13  44.99
0.261986   7.11  44.99
0.26178   7.13  44.99
0.261575   7.13  44.99
0.26137   7.13  44.99
0.261097   7.12  44.99
0.260892   7.13  44.99
0.260688   7.13  44.99
0.260485   7.11  44.99
0.260213   7.11  44.99
0.259943   7.1  44.99
0.259605   7.08  44.99
0.259202   7.06  44.99
0.258933   7.03  44.99
0.258665   7.03  44.99
0.258398   7.02  44.99
0.258264   7  44.99
0.258198   7  44.99
0.258198   7  44.99
0.258065   7.03  44.99
0.257798   7.02  44.99
0.257533   7.02  44.99
0.257334   7.02  44.99
0.257136   6.99  44.99
0.256937   6.99  44.99
0.256739   6.96  44.99
0.256542   6.96  44.99
0.256279   6.96  44.99
0.256082   6.95  44.99
0.255754   6.93  44.99
0.255297   6.93  44.99
0.254777   6.94  44.99
0.254453   6.92  44.99
0.25413   6.91  44.99
0.253872   6.93  44.99
0.253678   6.95  44.99
0.253357   6.92  44.99
0.253036   6.9  44.99
0.252908   6.86  44.99
0.252781   6.85  44.99
0.252589   6.85  44.99
0.252334   6.84  44.99
0.25208   6.83  44.99
0.251762   6.82  44.99
0.251572   6.82  44.99
0.251256   6.81  44.99
0.251004   6.79  44.99
0.250815   6.78  44.99
0.250752   6.78  44.99
0.250564   6.77  44.99
0.250313   6.78  44.99
0.250125   6.77  44.99
0.249875   6.79  44.99
0.249688   6.79  44.99
0.249501   6.78  44.99
0.249252   6.78  44.99
0.248942   6.75  44.99
0.248633   6.75  44.99
0.248509   6.73  44.99
0.248385   6.72  44.99
0.248201   6.74  44.99
0.248016   6.73  44.99
0.247831   6.73  44.99
0.247647   6.72  44.99
0.247525   6.71  44.98
0.247341   6.7  44.98
0.247341   6.68  44.98
0.247341   6.68  44.98
0.247341   6.67  44.98
0.247341   6.66  44.98
0.247341   6.65  44.98
0.247341   6.64  44.98
0.247341   6.63  44.98
0.247341   6.62  44.98
0.247341   6.61  44.98
0.247341   6.61  44.98
0.247341   6.6  44.98
0.247341   6.59  44.98
0.247341   6.59  44.98
0.247341   6.58  44.98
0.247341   6.59  44.98
0.247341   6.58  44.98
0.247341   6.57  44.98
0.247341   6.57  44.98
0.247341   6.57  44.98
0.247341   6.58  44.98
0.247341   6.57  44.98
0.247341   6.57  44.98
0.247341   6.56  44.98
0.247341   6.55  44.98
0.247341   6.55  44.98
0.247341   6.55  44.98
0.247341   6.55  44.98
0.247341   6.54  44.98
0.247341   6.54  44.98
0.247341   6.55  44.98
0.247341   6.55  44.98
0.247341   6.54  44.98
0.247341   6.52  44.98
0.247341   6.52  44.98
0.247341   6.52  44.98
0.247341   6.52  44.97
0.247341   6.51  44.97
0.247341   6.5  44.97
0.247341   6.49  44.97
0.247341   6.5  44.97
0.247341   6.48  44.97
0.247341   6.47  44.97
0.247341   6.46  44.97
0.247341   6.46  44.97
0.247341   6.46  44.97
0.247341   6.45  44.97
0.247341   6.44  44.97
0.247341   6.42  44.97
0.247341   6.42  44.97
0.247341   6.41  44.97
0.247341   6.38  44.97
0.247341   6.38  44.97
0.247341   6.38  44.97
0.247341   6.37  44.97
0.247341   6.36  44.97
0.247341   6.36  44.97
0.247341   6.35  44.97
0.247341   6.36  44.97
0.247341   6.36  44.97