0.24728   6.49  54.78
0.24728   6.49  54.78
0.24728   6.49  54.78
0.24728   6.47  54.78
0.24728   6.47  54.78
0.24728   6.46  54.78
0.24728   6.44  54.78
0.24728   6.43  54.78
0.24728   6.39  54.78
0.24728   6.39  54.78
0.24728   6.37  54.78
0.24728   6.36  54.78
0.24728   6.36  54.78
0.24728   6.36  54.78
0.24728   6.36  54.78
0.24728   6.36  54.78
0.24728   6.36  54.78
0.24728   6.37  54.78
0.24728   6.37  54.78
0.24728   6.36  54.78
0.24728   6.37  54.78
0.24728   6.29  54.78
0.24728   6.27  54.78
0.24728   6.28  54.78
0.24728   6.28  54.78
0.24728   6.28  54.78
0.24728   6.27  54.78
0.24728   6.28  54.78
0.24728   6.28  54.78
0.24728   6.28  54.78
0.24728   6.27  54.78
0.24728   6.27  54.78
0.24728   6.27  54.78
0.24728   6.28  54.78
0.24728   6.27  54.78
0.24728   6.28  54.78
0.24728   6.28  54.78
0.24728   6.28  54.78
0.24728   6.27  54.78
0.24728   6.28  54.78
0.24728   6.28  54.78
0.24728   6.28  54.78
0.24728   6.28  54.78
0.24728   6.28  54.78
0.24728   6.28  54.78
0.24728   6.28  54.78
0.24728   6.28  54.78
0.24728   6.28  54.78
0.24728   6.28  54.78
0.24728   6.28  54.78
0.24728   6.28  54.78
0.24728   6.28  54.78
0.24728   6.28  54.78
0.24728   6.28  54.78
0.24728   6.28  54.78
0.24728   6.28  54.78
0.24728   6.28  54.78
0.24728   6.28  54.78
0.24728   6.28  54.77
0.24728   6.28  54.78
0.24728   6.28  54.78
0.24728   6.28  54.78
0.24728   6.28  54.78
0.24728   6.28  54.77
0.24728   6.28  54.77
0.24728   6.28  54.77
0.24728   6.28  54.77
0.24728   6.28  54.77
0.24728   6.28  54.77
0.24728   6.28  54.77
0.24728   6.27  54.77
0.24728   6.28  54.77
0.24728   6.28  54.77
0.24728   6.28  54.77
0.24728   6.28  54.77
0.24728   6.28  54.77
0.24728   6.27  54.77
0.24728   6.27  54.77
0.24728   6.28  54.77
0.24728   6.27  54.77
0.24728   6.28  54.77
0.24728   6.27  54.77
0.24728   6.27  54.77
0.24728   6.28  54.77
0.24728   6.27  54.77
0.24728   6.28  54.77
0.24728   6.28  54.77
0.24728   6.27  54.77
0.24728   6.28  54.77
0.24728   6.28  54.77
0.24728   6.28  54.77
0.24728   6.28  54.77
0.24728   6.28  54.77
0.24728   6.27  54.77
0.24728   6.27  54.77
0.24728   6.27  54.77
0.24728   6.28  54.77
0.24728   6.28  54.77
0.24728   6.28  54.77
0.24728   6.27  54.77
0.24728   6.28  54.77
0.24728   6.28  54.76
0.24728   6.28  54.76
0.24728   6.28  54.76
0.24728   6.28  54.76
0.24728   6.28  54.76
0.24728   6.27  54.76
0.24728   6.28  54.76
0.24728   6.27  54.76
0.24728   6.28  54.76
0.24728   6.28  54.76
0.24728   6.28  54.76
0.24728   6.27  54.76
0.24728   6.28  54.76
0.24728   6.29  54.76
0.24728   6.28  54.76
0.24728   6.28  54.76
0.24728   6.28  54.76
0.24728   6.28  54.76
0.24728   6.28  54.76
0.24728   6.28  54.76
0.24728   6.28  54.76
0.24728   6.29  54.76
0.24728   6.3  54.76
0.24728   6.31  54.76
0.24728   6.3  54.76
0.24728   6.29  54.76
0.24728   6.3  54.76
0.24728   6.31  54.76
0.24728   6.31  54.76
0.24728   6.3  54.76
0.24728   6.3  54.76
0.24728   6.3  54.76
0.24728   6.3  54.76
0.24728   6.3  54.75
0.24728   6.3  54.75
0.24728   6.3  54.76
0.24728   6.3  54.75
0.24728   6.31  54.75
0.24728   6.31  54.75
0.24728   6.31  54.75
0.24728   6.3  54.75
0.24728   6.3  54.75
0.24728   6.29  54.75
0.24728   6.28  54.75
0.24728   6.29  54.75
0.24728   6.31  54.75
0.24728   6.31  54.75
0.24728   6.29  54.75
0.24728   6.29  54.75
0.24728   6.28  54.75
0.24728   6.28  54.75
0.24728   6.28  54.75
0.24728   6.29  54.75
0.24728   6.28  54.75
0.24728   6.28  54.75
0.24728   6.28  54.75
0.24728   6.28  54.75
0.24728   6.28  54.75
0.24728   6.28  54.75
0.24728   6.29  54.75
0.24728   6.29  54.75
0.24728   6.29  54.75
0.24728   6.29  54.75
0.24728   6.29  54.75
0.24728   6.29  54.75
0.24728   6.29  54.75
0.24728   6.29  54.75
0.24728   6.29  54.75
0.24728   6.29  54.75
0.24728   6.29  54.75
0.24728   6.29  54.75
0.24728   6.29  54.75
0.24728   6.29  54.75
0.24728   6.29  54.75
0.24728   6.29  54.75
0.24728   6.29  54.75
0.24728   6.29  54.75
0.247341   6.29  54.75
0.247341   6.28  54.75
0.247341   6.29  54.75
0.247341   6.29  54.75
0.247341   6.29  54.75
0.247341   6.29  54.75
0.247341   6.29  54.75
0.247341   6.29  54.75
0.247341   6.29  54.75
0.247341   6.29  54.75
0.247341   6.29  54.75
0.247341   6.29  54.75
0.247341   6.29  54.75
0.247341   6.29  54.75
0.247341   6.29  54.75
0.247341   6.29  54.75
0.247341   6.29  54.75
0.247341   6.29  54.75
0.247341   6.29  54.75
0.247341   6.29  54.75
0.247341   6.29  54.75
0.247341   6.3  54.75
0.247341   6.29  54.75
0.247341   6.29  54.74
0.247341   6.3  54.74
0.247341   6.3  54.74
0.247341   6.33  54.74
0.247341   6.34  54.74
0.247341   6.3  54.74
0.247341   6.28  54.74
0.247341   6.28  54.74
0.247341   6.28  54.74
0.247341   6.28  54.74
0.247341   6.28  54.74
0.247341   6.29  54.74
0.247341   6.29  54.74
0.247341   6.28  54.74
0.247341   6.29  54.74
0.247341   6.28  54.74
0.247341   6.29  54.74
0.247341   6.28  54.74
0.247341   6.28  54.74
0.247341   6.28  54.74
0.247341   6.28  54.74
0.247341   6.28  54.74
0.247341   6.28  54.74
0.247341   6.28  54.74
0.247341   6.28  54.74
0.247341   6.29  54.74
0.247341   6.28  54.74
0.247341   6.29  54.74
0.247341   6.28  54.74
0.247341   6.28  54.74
0.247341   6.28  54.74
0.247341   6.28  54.74
0.247341   6.28  54.74
0.247341   6.28  54.74
0.247341   6.31  54.74
0.247341   6.29  54.74
0.247341   6.28  54.74
0.247341   6.28  54.74
0.247341   6.28  54.74
0.247341   6.28  54.74
0.247341   6.28  54.74
0.247341   6.28  54.74
0.247341   6.28  54.74
0.247341   6.28  54.74
0.247341   6.27  54.74
0.247341   6.28  54.73
0.247341   6.28  54.73
0.247341   6.28  54.73
0.247341   6.28  54.73
0.247341   6.28  54.73
0.247341   6.28  54.73
0.247341   6.29  54.73
0.247341   6.28  54.73
0.247341   6.29  54.73
0.247341   6.28  54.73
0.247341   6.28  54.73
0.247341   6.28  54.73
0.247341   6.28  54.73
0.247341   6.28  54.73
0.247341   6.28  54.73
0.247341   6.27  54.73
0.247341   6.28  54.73
0.247341   6.28  54.73
0.247341   6.28  54.73
0.247341   6.28  54.73
0.247341   6.28  54.73
0.247341   6.28  54.73
0.247341   6.28  54.73
0.247341   6.28  54.73
0.247341   6.28  54.73
0.247341   6.28  54.73
0.247341   6.28  54.73
0.247341   6.28  54.73
0.247341   6.28  54.73
0.247341   6.27  54.73
0.247341   6.28  54.73
0.247341   6.27  54.73
0.247341   6.28  54.73
0.247341   6.28  54.73
0.247341   6.28  54.73
0.247341   6.28  54.73
0.247341   6.38  54.73
0.247341   6.37  54.73
0.247341   6.37  54.73
0.247341   6.37  54.73
0.247341   6.36  54.73
0.247341   6.35  54.73
0.247341   6.36  54.73
0.247341   6.36  54.73
0.247341   6.35  54.73
0.247341   6.35  54.73
0.247341   6.35  54.73
0.247341   6.35  54.72
0.247341   6.36  54.72
0.247341   6.38  54.72
0.247341   6.41  54.72
0.247341   6.42  54.72
0.247341   6.41  54.72
0.247341   6.42  54.72
0.247341   6.45  54.72
0.247341   6.46  54.72
0.247341   6.49  54.72
0.247341   6.51  54.72
0.247341   6.5  54.72
0.247341   6.51  54.72
0.247341   6.53  54.72
0.247341   6.55  54.72
0.247341   6.54  54.72
0.247341   6.55  54.72
0.247341   6.56  54.72
0.247341   6.56  54.72
0.247341   6.58  54.72
0.247341   6.59  54.72
0.247341   6.58  54.72
0.247341   6.57  54.72
0.247341   6.57  54.72
0.247341   6.58  54.72
0.247341   6.6  54.72
0.247341   6.61  54.72
0.247341   6.63  54.72
0.247341   6.63  54.72
0.247341   6.65  54.72
0.247341   6.68  54.72
0.247341   6.71  54.72
0.247341   6.71  54.72
0.247341   6.74  54.72
0.247341   6.73  54.72
0.247341   6.73  54.72
0.247341   6.75  54.72
0.247341   6.75  54.72
0.247341   6.79  54.72
0.247341   6.78  54.72
0.247341   6.79  54.72
0.247341   6.8  54.72
0.247647   6.79  54.72
0.247893   6.82  54.72
0.248447   6.84  54.72
0.249128   6.85  54.72
0.249439   6.88  54.72
0.249563   6.89  54.72
0.249875   6.93  54.72
0.250313   6.94  54.72
0.250878   6.93  54.72
0.251699   6.94  54.72
0.252589   6.96  54.72
0.253357   6.96  54.72
0.253936   7.02  54.72
0.254388   7.02  54.72
0.254907   7.02  54.72
0.255232   7.02  54.72
0.255297   7.02  54.72
0.255624   7.04  54.72
0.255754   7.06  54.72
0.25582   7.06  54.72
0.255754   7.05  54.72
0.255689   7.05  54.72
0.255624   7.05  54.72
0.255558   7.05  54.72
0.255558   7.04  54.72
0.255493   7.04  54.72
0.255493   7.05  54.72
0.255558   7.1  54.72
0.256016   7.14  54.72
0.256148   7.12  54.72
0.256148   7.11  54.72
0.256082   7.06  54.72
0.256082   7.02  54.72
0.256082   7.11  54.72
0.256016   7.11  54.72
0.256016   7.11  54.72
0.256213   7.14  54.72
0.256608   7.12  54.72
0.256805   7.11  54.72
0.256937   7.12  54.72
0.257069   7.12  54.72
0.257202   7.12  54.72
0.257666   7.14  54.72
0.258398   7.16  54.72
0.259269   7.22  54.72
0.25974   7.22  54.72
0.260146   7.22  54.72
0.260417   7.22  54.72
0.260688   7.22  54.72
0.26096   7.25  54.72
0.26137   7.27  54.72
0.261849   7.27  54.72
0.262192   7.27  54.72
0.262536   7.3  54.72
0.263089   7.32  54.72
0.263574   7.33  54.72
0.264201   7.39  54.72
0.26476   7.38  54.72
0.265182   7.38  54.72
0.265393   7.39  54.72
0.265393   7.38  54.72
0.265604   7.39  54.72
0.265887   7.41  54.72
0.266099   7.42  54.72
0.26617   7.43  54.72
0.266312   7.43  54.72
0.266525   7.42  54.72
0.266809   7.42  54.72
0.267165   7.43  54.72
0.267666   7.47  54.72
0.268384   7.48  54.72
0.268889   7.48  54.72
0.269107   7.48  54.71
0.269251   7.48  54.71
0.269614   7.51  54.71
0.270051   7.57  54.71
0.270197   7.56  54.71
0.270343   7.55  54.71
0.270856   7.55  54.71
0.271223   7.56  54.71
0.271592   7.56  54.71
0.271739   7.55  54.71
0.271813   7.56  54.71
0.272035   7.58  54.71
0.272257   7.56  54.71
0.272257   7.55  54.71
0.272183   7.54  54.71
0.272257   7.58  54.71
0.272702   7.62  54.71
0.273299   7.61  54.71
0.273673   7.64  54.71
0.274198   7.67  54.71
0.274574   7.66  54.71
0.274801   7.7  54.71
0.275255   7.7  54.71
0.275862   7.72  54.71
0.276167   7.74  54.71
0.276472   7.73  54.71
0.276778   7.72  54.71
0.277008   7.73  54.71
0.277239   7.73  54.71
0.277469   7.74  54.71
0.277701   7.75  54.71
0.278319   7.78  54.71
0.278629   7.78  54.71
0.278629   7.78  54.71
0.279018   7.81  54.71
0.27972   7.84  54.71
0.280112   7.82  54.71
0.280348   7.83  54.71
0.280662   7.86  54.71
0.280978   7.86  54.71
0.281373   7.86  54.71
0.281849   7.87  54.71
0.282167   7.88  54.71
0.282566   7.9  54.71
0.283046   7.93  54.71
0.283768   7.94  54.71
0.284252   7.94  54.71
0.284738   7.98  54.71
0.285225   7.99  54.71
0.285633   7.98  54.71
0.285714   7.98  54.71
0.285959   7.99  54.71
0.286369   7.99  54.71
0.286451   7.99  54.71
0.286451   8  54.71
0.286944   8.03  54.71
0.287274   8.02  54.71
0.287604   8.04  54.71
0.288018   8.07  54.71
0.288101   8.07  54.71
0.288184   8.08  54.71
0.288517   8.11  54.7
0.289017   8.11  54.71
0.289184   8.13  54.7
0.289436   8.16  54.7
0.290023   8.15  54.7
0.29036   8.14  54.7
0.29036   8.14  54.7
0.29036   8.14  54.7
0.290529   8.15  54.7
0.290698   8.15  54.7
0.290698   8.15  54.7
0.290782   8.18  54.7
0.291206   8.2  54.7
0.291886   8.22  54.7
0.292312   8.21  54.7
0.292398   8.21  54.7
0.292826   8.25  54.7
0.293255   8.26  54.7
0.293513   8.27  54.7
0.293858   8.27  54.7
0.293858   8.27  54.7
0.294031   8.27  54.7
0.294118   8.27  54.7
0.294118   8.27  54.7
0.294291   8.28  54.7
0.294638   8.29  54.7
0.294811   8.27  54.7
0.294898   8.28  54.7
0.295159   8.31  54.7
0.295596   8.34  54.7
0.296121   8.35  54.7
0.296648   8.36  54.7
0.297177   8.38  54.7
0.297442   8.38  54.7
0.297619   8.39  54.7
0.297708   8.39  54.7
0.297974   8.38  54.7
0.29824   8.38  54.7
0.298329   8.39  54.7
0.298686   8.42  54.7
0.299222   8.43  54.7
0.29976   8.44  54.7
0.300571   8.46  54.7
0.300933   8.46  54.7
0.301114   8.46  54.7
0.301114   8.46  54.7
0.301114   8.46  54.7
0.301023   8.46  54.69
0.301023   8.46  54.69
0.301205   8.5  54.69
0.302115   8.59  54.69
0.302847   8.61  54.69
0.303122   8.61  54.69
0.303306   8.6  54.69
0.303398   8.61  54.69
0.30349   8.61  54.69
0.303398   8.62  54.69
0.303398   8.61  54.69
0.303398   8.61  54.69
0.303398   8.63  54.69
0.303859   8.61  54.69
0.304229   8.61  54.69
0.304507   8.59  54.69
0.304878   8.6  54.69
0.305437   8.65  54.69
0.30581   8.63  54.69
0.306185   8.64  54.69
0.30656   8.64  54.69
0.306843   8.66  54.69
0.306843   8.65  54.69
0.306748   8.65  54.69
0.306748   8.64  54.69
0.306654   8.64  54.69
0.306654   8.64  54.69
0.306654   8.65  54.69
0.30656   8.64  54.69
0.30656   8.65  54.69
0.306466   8.64  54.69
0.306466   8.64  54.69
0.306466   8.64  54.69
0.306466   8.64  54.69
0.306466   8.64  54.69
0.306373   8.64  54.69
0.306373   8.65  54.69
0.306373   8.64  54.69
0.306373   8.64  54.69
0.306373   8.64  54.69
0.306279   8.64  54.69
0.306279   8.64  54.69
0.306279   8.64  54.69
0.306279   8.63  54.69
0.306279   8.64  54.69
0.306279   8.63  54.69
0.306279   8.64  54.69
0.306279   8.63  54.69
0.306279   8.63  54.69
0.306279   8.63  54.69
0.306279   8.64  54.69
0.306279   8.64  54.69
0.306279   8.63  54.69
0.306466   8.68  54.69
0.30722   8.68  54.69
0.307598   8.67  54.69
0.308166   8.69  54.69
0.308928   8.72  54.69
0.309789   8.76  54.69
0.310655   8.77  54.69
0.311042   8.77  54.69
0.311139   8.79  54.69
0.311333   8.79  54.69
0.311333   8.79  54.69
0.311429   8.8  54.69
0.311624   8.81  54.69
0.311818   8.8  54.69
0.312012   8.8  54.69
0.312207   8.81  54.69
0.312402   8.81  54.69
0.312598   8.82  54.68
0.312891   8.83  54.69
0.313087   8.84  54.68
0.313283   8.84  54.68
0.31348   8.84  54.68
0.313676   8.85  54.68
0.313873   8.85  54.68
0.31407   8.87  54.68
0.314169   8.88  54.68
0.314367   8.88  54.68
0.314564   8.88  54.68
0.314762   8.89  54.68
0.314861   8.89  54.68
0.314861   8.89  54.68
0.314961   8.89  54.68
0.314961   8.91  54.68
0.31506   8.91  54.68
0.314961   8.9  54.68
0.31506   8.92  54.68
0.315159   8.93  54.68
0.315457   8.92  54.68
0.315756   8.91  54.68
0.315756   8.91  54.68
0.315856   8.91  54.68
0.315856   8.91  54.68
0.315956   8.92  54.68
0.316656   8.97  54.68
0.317158   8.97  54.68
0.31746   8.99  54.68
0.317763   8.98  54.68
0.318066   9.01  54.68
0.318573   9.02  54.68
0.318878   9.03  54.68
0.319081   9.05  54.68
0.319489   9.1  54.68
0.319898   9.09  54.68
0.320513   9.09  54.68
0.321027   9.12  54.68
0.321337   9.13  54.68
0.321543   9.14  54.68
0.32175   9.16  54.68
0.321854   9.16  54.68
0.322061   9.17  54.68
0.322269   9.17  54.68
0.322685   9.17  54.68
0.323206   9.18  54.67
0.323625   9.19  54.67
0.324149   9.22  54.67
0.32457   9.23  54.67
0.325098   9.22  54.67
0.325839   9.27  54.67
0.326371   9.25  54.67
0.326477   9.25  54.67
0.326691   9.27  54.67
0.327011   9.28  54.67
0.327547   9.29  54.67
0.327869   9.3  54.67
0.328192   9.3  54.67
0.328299   9.3  54.67
0.328407   9.3  54.67
0.328623   9.34  54.67
0.329272   9.37  54.67
0.329707   9.37  54.67
0.329815   9.37  54.67
0.330142   9.39  54.67
0.330579   9.4  54.67
0.331126   9.43  54.67
0.331785   9.41  54.67
0.331895   9.41  54.67
0.332116   9.42  54.67
0.332447   9.44  54.67
0.332889   9.47  54.67
0.333222   9.46  54.67
0.333333   9.47  54.67
0.333444   9.49  54.67
0.333556   9.49  54.67
0.33389   9.49  54.67
0.334225   9.49  54.67
0.334225   9.49  54.67
0.334336   9.5  54.67
0.334225   9.5  54.67
0.334336   9.51  54.67
0.33456   9.52  54.67
0.33456   9.52  54.67
0.334672   9.52  54.67
0.334896   9.53  54.67
0.335233   9.56  54.67
0.33557   9.58  54.67
0.335796   9.56  54.67
0.335909   9.56  54.67
0.336022   9.57  54.67
0.336247   9.59  54.67
0.336587   9.58  54.67
0.3367   9.58  54.67
0.336927   9.58  54.67
0.337268   9.62  54.67
0.337496   9.62  54.67
0.337496   9.61  54.66
0.337496   9.61  54.67
0.33761   9.61  54.66
0.337838   9.6  54.66
0.337838   9.61  54.66
0.337952   9.61  54.66
0.338295   9.64  54.66
0.338983   9.64  54.66
0.339443   9.63  54.66
0.339905   9.65  54.66
0.340483   9.69  54.66
0.340948   9.68  54.66
0.341297   9.69  54.66
0.34188   9.71  54.66
0.342583   9.77  54.66
0.343407   9.79  54.66
0.343997   9.79  54.66
0.344353   9.81  54.66
0.34459   9.82  54.66
0.344947   9.81  54.66
0.345543   9.81  54.66
0.345781   9.81  54.66
0.345901   9.81  54.66
0.34638   9.84  54.66
0.347222   9.87  54.66
0.347826   9.89  54.66
0.348432   9.9  54.66
0.348918   9.92  54.66
0.349284   9.92  54.66
0.34965   9.92  54.66
0.349895   9.93  54.66
0.350018   9.93  54.66
0.350631   9.98  54.66
0.351124   9.97  54.66
0.351494   10  54.66
0.351865   10.01  54.66
0.352237   10.01  54.66
0.352609   10.02  54.66
0.352734   10.02  54.66
0.352983   10.03  54.66
0.353607   10.05  54.66
0.353982   10.05  54.66
0.354108   10.05  54.66
0.354233   10.08  54.66
0.354359   10.09  54.66
0.35461   10.11  54.66
0.354862   10.12  54.66
0.35524   10.12  54.66
0.355492   10.13  54.66
0.355745   10.13  54.66
0.355999   10.14  54.66
0.356379   10.17  54.66
0.357015   10.19  54.66
0.357398   10.19  54.66
0.357782   10.2  54.66
0.358038   10.22  54.66
0.358423   10.22  54.66
0.358809   10.23  54.66
0.359324   10.23  54.66
0.359454   10.23  54.66
0.359583   10.23  54.66
0.359712   10.23  54.66
0.360101   10.24  54.66
0.36049   10.25  54.66
0.36075   10.24  54.66
0.361141   10.25  54.66
0.361402   10.27  54.66
0.361795   10.29  54.66
0.36245   10.28  54.66
0.362845   10.29  54.66
0.363108   10.29  54.66
0.363901   10.31  54.66
0.364299   10.34  54.66
0.364431   10.35  54.66
0.36483   10.36  54.66
0.365097   10.37  54.66
0.365631   10.38  54.66
0.3663   10.38  54.66
0.366435   10.38  54.66
0.366569   10.4  54.66
0.366972   10.4  54.66
0.367647   10.42  54.66
0.368324   10.47  54.66
0.369004   10.48  54.66
0.369004   10.47  54.66
0.369004   10.47  54.65
0.368868   10.47  54.65
0.368868   10.47  54.65
0.368868   10.47  54.65
0.369004   10.48  54.65
0.36914   10.48  54.65
0.369413   10.49  54.65
0.369686   10.49  54.65
0.369822   10.48  54.65
0.369822   10.48  54.65
0.370233   10.5  54.65
0.371058   10.52  54.65
0.371609   10.55  54.65
0.372024   10.56  54.65
0.372301   10.59  54.65
0.372717   10.61  54.65
0.373274   10.65  54.65
0.373832   10.67  54.65
0.374251   10.68  54.65
0.374953   10.68  54.65
0.375657   10.68  54.65
0.376648   10.7  54.65
0.377786   10.7  54.65
0.378501   10.7  54.65
0.379075   10.73  54.65
0.379363   10.73  54.65
0.379795   10.73  54.65
0.379795   10.74  54.65
0.380228   10.78  54.65
0.380952   10.79  54.65
0.381534   10.81  54.65
0.382117   10.87  54.65
0.382409   10.9  54.65
0.382263   10.9  54.65
0.382263   10.9  54.65
0.382263   10.9  54.65
0.382117   10.9  54.65
0.382117   10.9  54.65
0.382117   10.9  54.65
0.382117   10.9  54.65
0.382409   10.91  54.65
0.383142   10.93  54.65
0.383583   10.95  54.65
0.383583   10.95  54.65
0.383583   10.95  54.65
0.383583   10.96  54.65
0.384172   10.97  54.64
0.385208   11.01  54.65
0.3861   11.03  54.64
0.386548   11.04  54.65
0.386698   11.06  54.64
0.387147   11.08  54.64
0.387447   11.08  54.64
0.388048   11.1  54.64
0.3885   11.11  54.64
0.388954   11.12  54.64
0.38956   11.14  54.64
0.390016   11.15  54.64
0.390625   11.17  54.64
0.39093   11.18  54.64
0.39093   11.19  54.64
0.391083   11.2  54.64
0.391543   11.21  54.64
0.392003   11.22  54.64
0.392465   11.23  54.64
0.392927   11.26  54.64
0.393546   11.27  54.64
0.394166   11.29  54.64
0.394789   11.31  54.64
0.395257   11.32  54.64
0.395257   11.33  54.64
0.395413   11.34  54.64
0.395413   11.35  54.64
0.395257   11.35  54.64
0.395257   11.35  54.64
0.395257   11.35  54.64
0.395413   11.36  54.64
0.39557   11.36  54.64
0.39557   11.36  54.64
0.395726   11.36  54.64
0.395883   11.37  54.64
0.395883   11.38  54.64
0.39604   11.38  54.64
0.396511   11.39  54.64
0.396983   11.4  54.64
0.397141   11.4  54.64
0.397456   11.41  54.64
0.397931   11.42  54.64
0.398089   11.42  54.64
0.398089   11.43  54.64
0.398248   11.44  54.64
0.398565   11.45  54.64
0.398883   11.46  54.64
0.399042   11.47  54.64
0.399521   11.48  54.64
0.39968   11.49  54.64
0.4   11.5  54.64
0.400481   11.5  54.64
0.400641   11.51  54.64
0.401123   11.52  54.64
0.402253   11.55  54.64
0.403226   11.57  54.64
0.403714   11.58  54.64
0.403877   11.59  54.63
0.404204   11.59  54.64
0.404531   11.6  54.63
0.404858   11.61  54.63
0.405186   11.63  54.63
0.405515   11.64  54.63
0.40568   11.65  54.63
0.405844   11.65  54.63
0.406174   11.66  54.63
0.406504   11.68  54.63
0.406669   11.7  54.63
0.406835   11.7  54.63
0.407332   11.72  54.63
0.407664   11.73  54.63
0.40833   11.74  54.63
0.408664   11.75  54.63
0.409165   11.77  54.63
0.409836   11.78  54.63
0.410509   11.81  54.63
0.410678   11.82  54.63
0.411015   11.83  54.63
0.411353   11.84  54.63
0.411862   11.85  54.63
0.412371   11.86  54.63
0.412882   11.87  54.63
0.413223   11.89  54.63
0.413736   11.9  54.63
0.414422   11.91  54.63
0.415282   11.94  54.63
0.415973   11.97  54.63
0.416493   11.98  54.63
0.417362   12  54.63
0.41806   12.01  54.63
0.418585   12.03  54.63
0.419111   12.04  54.63
0.419639   12.05  54.63
0.419992   12.06  54.63
0.420168   12.06  54.63
0.420521   12.08  54.63
0.421053   12.1  54.63
0.421585   12.12  54.63
0.422119   12.14  54.63
0.422654   12.15  54.63
0.422833   12.15  54.63
0.422833   12.16  54.63
0.423012   12.17  54.63
0.423191   12.18  54.63
0.42337   12.19  54.63
0.424088   12.2  54.63
0.424268   12.21  54.63
0.424628   12.22  54.63
0.42517   12.25  54.63
0.425713   12.26  54.63
0.425894   12.27  54.63
0.426257   12.28  54.63
0.426439   12.28  54.63
0.426803   12.29  54.63
0.426985   12.3  54.63
0.42735   12.31  54.63
0.427533   12.31  54.63
0.427899   12.33  54.63
0.428633   12.35  54.63
0.429369   12.37  54.63
0.429553   12.37  54.63
0.429553   12.38  54.63
0.429923   12.39  54.63
0.430293   12.4  54.63
0.430478   12.4  54.63
0.430478   12.41  54.63
0.430849   12.42  54.63
0.43122   12.43  54.63
0.43122   12.43  54.63
0.431406   12.43  54.63
0.431406   12.44  54.63
0.431406   12.44  54.63
0.431779   12.45  54.63
0.431965   12.45  54.63
0.431965   12.45  54.63
0.431965   12.45  54.63
0.431965   12.45  54.63
0.431965   12.45  54.63
0.431965   12.45  54.63
0.432339   12.46  54.63
0.432713   12.47  54.63
0.4329   12.48  54.63
0.433088   12.48  54.63
0.433463   12.5  54.62
0.433651   12.51  54.63
0.434028   12.52  54.63
0.434216   12.52  54.63
0.434594   12.52  54.63
0.434594   12.52  54.63
0.434972   12.54  54.62
0.43535   12.55  54.62
0.43592   12.56  54.62
0.4363   12.57  54.62
0.436491   12.57  54.62
0.436681   12.57  54.62
0.436872   12.59  54.62
0.437063   12.61  54.62
0.437063   12.61  54.62
0.437254   12.61  54.62
0.437254   12.62  54.62
0.437445   12.62  54.62
0.437637   12.63  54.62
0.437637   12.63  54.62
0.437828   12.64  54.62
0.438212   12.65  54.62
0.438404   12.65  54.62
0.438404   12.65  54.62
0.438596   12.66  54.62
0.438982   12.66  54.62
0.439174   12.68  54.62
0.43956   12.68  54.62
0.43956   12.68  54.62
0.43956   12.69  54.62
0.439947   12.7  54.62
0.440335   12.7  54.62
0.440529   12.72  54.62
0.440723   12.73  54.62
0.441306   12.74  54.62
0.441891   12.76  54.62
0.442282   12.77  54.62
0.442282   12.77  54.62
0.442282   12.77  54.62
0.442282   12.77  54.62
0.442674   12.78  54.62
0.443262   12.8  54.62
0.443656   12.81  54.62
0.444247   12.82  54.62
0.44484   12.84  54.62
0.445038   12.86  54.62
0.445236   12.86  54.62
0.445038   12.86  54.62
0.445038   12.86  54.62
0.445038   12.86  54.62
0.445236   12.86  54.62
0.445831   12.87  54.62
0.445831   12.87  54.61
0.446229   12.88  54.62
0.446628   12.89  54.62
0.446828   12.89  54.62
0.446828   12.89  54.62
0.446828   12.9  54.61
0.447227   12.91  54.61
0.447628   12.92  54.61
0.447828   12.93  54.61
0.448029   12.94  54.61
0.448229   12.94  54.61
0.44843   12.94  54.61
0.448632   12.95  54.61
0.448833   12.96  54.61
0.449035   12.96  54.61
0.449236   12.97  54.61
0.449236   12.97  54.61
0.449236   12.97  54.61
0.449236   12.97  54.61
0.450045   13  54.61
0.450857   13.01  54.61
0.45106   13.02  54.61
0.45106   13.03  54.61
0.451264   13.04  54.61
0.451467   13.04  54.61
0.451467   13.04  54.61
0.451467   13.04  54.61
0.451875   13.06  54.61
0.452284   13.07  54.61
0.452694   13.07  54.61
0.452899   13.08  54.61
0.453309   13.09  54.61
0.453721   13.11  54.61
0.454133   13.12  54.61
0.454545   13.13  54.61
0.454752   13.13  54.61
0.454959   13.14  54.61
0.454959   13.14  54.61
0.455166   13.15  54.61
0.455373   13.16  54.61
0.455373   13.16  54.61
0.455373   13.16  54.61
0.455581   13.16  54.61
0.455789   13.18  54.61
0.456204   13.19  54.61
0.456204   13.19  54.61
0.456621   13.2  54.61
0.45683   13.22  54.61
0.457038   13.22  54.61
0.457247   13.22  54.61
0.457457   13.23  54.61
0.457875   13.25  54.61
0.458295   13.25  54.61
0.458295   13.25  54.61
0.458505   13.26  54.61
0.459137   13.28  54.61
0.459137   13.28  54.61
0.459137   13.28  54.61
0.459559   13.3  54.61
0.459982   13.32  54.61
0.460405   13.33  54.61
0.460829   13.34  54.61
0.461255   13.34  54.61
0.461467   13.34  54.61
0.461467   13.35  54.61
0.461681   13.36  54.61
0.461894   13.37  54.61
0.462107   13.37  54.61
0.462535   13.38  54.6
0.462963   13.39  54.61
0.462963   13.39  54.61
0.463392   13.41  54.6
0.463822   13.43  54.6
0.464253   13.43  54.6
0.464253   13.43  54.6
0.464684   13.44  54.6
0.465333   13.45  54.6
0.465333   13.46  54.6
0.465333   13.47  54.6
0.465766   13.48  54.6
0.465983   13.49  54.6
0.465983   13.49  54.6
0.4662   13.5  54.6
0.466418   13.5  54.6
0.466636   13.51  54.6
0.467071   13.52  54.6
0.467508   13.53  54.6
0.468165   13.55  54.6
0.468823   13.56  54.6
0.469043   13.57  54.6
0.469263   13.58  54.6
0.469484   13.58  54.6
0.469704   13.59  54.6
0.470146   13.6  54.6
0.470367   13.62  54.6
0.470588   13.62  54.6
0.47081   13.63  54.6
0.471254   13.64  54.6
0.471254   13.65  54.6
0.471254   13.65  54.6
0.471476   13.66  54.6
0.471921   13.67  54.6
0.472144   13.67  54.6
0.472367   13.67  54.6
0.472367   13.68  54.6
0.47259   13.69  54.6
0.473037   13.71  54.6
0.473037   13.72  54.6
0.473037   13.72  54.6
0.473261   13.72  54.6
0.473485   13.72  54.6
0.473934   13.73  54.6
0.474158   13.75  54.6
0.474383   13.75  54.6
0.474383   13.75  54.6
0.474383   13.75  54.6
0.474608   13.75  54.6
0.474834   13.76  54.6
0.474834   13.77  54.6
0.475285   13.78  54.6
0.475511   13.78  54.6
0.475737   13.78  54.6
0.475964   13.8  54.6
0.47619   13.81  54.6
0.476417   13.81  54.6
0.476417   13.82  54.6
0.476872   13.82  54.6
0.477099   13.83  54.6
0.477327   13.83  54.6
0.477327   13.84  54.6
0.477555   13.85  54.6
0.478011   13.85  54.6
0.47824   13.85  54.6
0.47824   13.85  54.6
0.478469   13.87  54.6
0.479157   13.89  54.6
0.479386   13.9  54.6
0.479616   13.9  54.6
0.479846   13.9  54.6
0.480077   13.91  54.6
0.480538   13.92  54.6
0.481   13.94  54.6
0.481232   13.95  54.6
0.481696   13.96  54.6
0.48216   13.97  54.6
0.482393   13.97  54.6
0.482393   13.98  54.6
0.482859   13.99  54.6
0.483559   14.02  54.6
0.483793   14.03  54.6
0.484262   14.04  54.6
0.484731   14.05  54.6
0.485201   14.07  54.6
0.485437   14.08  54.6
0.485673   14.09  54.6
0.485909   14.1  54.6
0.486381   14.12  54.6
0.486618   14.13  54.6
0.487092   14.13  54.6
0.487805   14.15  54.6
0.488281   14.17  54.59
0.48852   14.18  54.59
0.488759   14.18  54.59
0.489237   14.19  54.59
0.489716   14.2  54.59
0.490196   14.23  54.59
0.490677   14.24  54.59
0.490677   14.24  54.59
0.490677   14.24  54.59
0.490677   14.24  54.59
0.4914   14.28  54.59
0.492368   14.29  54.59
0.492611   14.3  54.59
0.492611   14.3  54.59
0.492854   14.3  54.59
0.492854   14.3  54.59
0.493097   14.3  54.59
0.493097   14.32  54.59
0.493583   14.34  54.59
0.493827   14.34  54.59
0.494315   14.36  54.59
0.49505   14.38  54.59
0.495295   14.38  54.59
0.49554   14.39  54.59
0.495786   14.4  54.59
0.496032   14.4  54.59
0.496524   14.42  54.59
0.496771   14.43  54.59
0.49776   14.45  54.59
0.498504   14.47  54.59
0.498753   14.48  54.59
0.4995   14.5  54.59
0.50025   14.52  54.59
0.500751   14.54  54.59
0.501002   14.54  54.59
0.501253   14.55  54.59
0.501253   14.56  54.59
0.501505   14.56  54.59
0.501756   14.57  54.59
0.502008   14.58  54.59
0.50226   14.58  54.59
0.50226   14.59  54.59
0.502513   14.6  54.59
0.502765   14.62  54.59
0.503271   14.62  54.59
0.503525   14.62  54.59
0.503778   14.64  54.59
0.504032   14.65  54.59
0.504286   14.66  54.59
0.504796   14.67  54.59
0.505051   14.68  54.59
0.505051   14.68  54.59
0.505051   14.68  54.59
0.505306   14.69  54.59
0.505561   14.69  54.59
0.505561   14.7  54.59
0.505561   14.7  54.59
0.505817   14.7  54.59
0.506073   14.7  54.58
0.506329   14.71  54.59
0.506586   14.72  54.59
0.506586   14.73  54.58
0.506842   14.74  54.59
0.506842   14.74  54.58
0.507099   14.75  54.58
0.507099   14.75  54.58
0.507357   14.75  54.59
0.507614   14.76  54.58
0.507872   14.77  54.58
0.507872   14.77  54.58
0.50813   14.77  54.58
0.50813   14.78  54.58
0.508647   14.79  54.58
0.508906   14.8  54.58
0.509165   14.81  54.58
0.509424   14.81  54.58
0.509424   14.81  54.58
0.509684   14.82  54.58
0.509944   14.83  54.58
0.510204   14.83  54.58
0.510465   14.83  54.58
0.510465   14.84  54.58
0.510725   14.85  54.58
0.510986   14.86  54.58
0.511247   14.87  54.58
0.511247   14.87  54.58
0.511771   14.88  54.58
0.512033   14.89  54.58
0.512295   14.9  54.58
0.512295   14.91  54.58
0.513084   14.93  54.58
0.513347   14.93  54.58
0.513347   14.93  54.58
0.513347   14.94  54.58
0.513611   14.95  54.58
0.513611   14.95  54.58
0.513875   14.95  54.58
0.514139   14.96  54.58
0.514403   14.97  54.58
0.514668   14.98  54.58
0.514933   14.98  54.58
0.515198   15  54.58
0.515996   15  54.58
0.516529   15.02  54.58
0.516529   15.02  54.58
0.516529   15.02  54.58
0.516796   15.03  54.58
0.516796   15.04  54.58
0.517063   15.04  54.58
0.517331   15.05  54.58
0.517598   15.06  54.58
0.517598   15.06  54.58
0.517866   15.08  54.58
0.518135   15.09  54.58
0.518403   15.09  54.58
0.518672   15.09  54.58
0.518672   15.1  54.58
0.518672   15.1  54.58
0.518941   15.1  54.58
0.518941   15.1  54.58
0.518941   15.11  54.58
0.519211   15.12  54.58
0.519751   15.13  54.58
0.520021   15.13  54.58
0.520291   15.14  54.57
0.520291   15.14  54.57
0.520291   15.14  54.57
0.520291   15.14  54.58
0.520291   15.14  54.57
0.520291   15.15  54.57
0.520562   15.15  54.57
0.521376   15.17  54.57
0.521921   15.19  54.57
0.522193   15.21  54.57
0.522739   15.22  54.57
0.523013   15.22  54.57
0.523013   15.22  54.57
0.523013   15.23  54.57
0.523286   15.23  54.57
0.523286   15.23  54.57
0.523286   15.23  54.57
0.52356   15.23  54.57
0.52356   15.23  54.57
0.523286   15.23  54.57
0.523286   15.23  54.57
0.523286   15.23  54.57
0.523286   15.23  54.57
0.523286   15.23  54.57
0.523286   15.23  54.57
0.523286   15.23  54.57
0.523286   15.23  54.57
0.523286   15.23  54.57
0.523286   15.24  54.57
0.523834   15.26  54.57
0.524384   15.27  54.57
0.524659   15.27  54.57
0.524659   15.28  54.57
0.524934   15.29  54.57
0.52521   15.3  54.57
0.525762   15.3  54.57
0.526039   15.31  54.57
0.526039   15.32  54.57
0.526039   15.32  54.57
0.526593   15.34  54.57
0.527426   15.36  54.57
0.527704   15.36  54.57
0.527983   15.38  54.57
0.528541   15.4  54.57
0.528821   15.4  54.57
0.528821   15.4  54.57
0.529101   15.41  54.57
0.529381   15.42  54.57
0.529661   15.42  54.57
0.530223   15.44  54.57
0.530504   15.45  54.57
0.530786   15.46  54.57
0.531067   15.48  54.57
0.531632   15.49  54.57
0.531915   15.5  54.57
0.532198   15.5  54.57
0.532765   15.51  54.57
0.533333   15.53  54.57
0.534188   15.55  54.57
0.534759   15.57  54.57
0.535045   15.58  54.57
0.535045   15.59  54.57
0.535045   15.59  54.57
0.535332   15.59  54.57
0.535619   15.61  54.57
0.535906   15.61  54.57
0.535906   15.61  54.57
0.535906   15.61  54.57
0.536193   15.61  54.57
0.536193   15.62  54.57
0.536481   15.63  54.57
0.536481   15.63  54.57
0.536769   15.63  54.57
0.536769   15.64  54.57
0.537057   15.65  54.57
0.537346   15.65  54.57
0.537634   15.67  54.57
0.537924   15.67  54.57
0.538213   15.69  54.57
0.538793   15.69  54.57
0.538793   15.7  54.57
0.538793   15.71  54.57
0.538793   15.71  54.57
0.538793   15.71  54.57
0.539084   15.72  54.57
0.539374   15.73  54.57
0.539374   15.73  54.57
0.539665   15.73  54.57
0.539957   15.75  54.57
0.540249   15.75  54.57
0.540541   15.76  54.57
0.540541   15.76  54.57
0.540833   15.78  54.57
0.541419   15.79  54.57
0.541419   15.8  54.57
0.541419   15.8  54.57
0.542005   15.81  54.57
0.542299   15.82  54.57
0.542594   15.82  54.57
0.542299   15.82  54.57
0.542594   15.83  54.57
0.543478   15.84  54.57
0.543774   15.84  54.57
0.543478   15.84  54.57
0.543774   15.85  54.57
0.54407   15.87  54.57
0.54407   15.88  54.57
0.544366   15.88  54.57
0.544662   15.89  54.57
0.544959   15.9  54.57
0.545256   15.9  54.57
0.545554   15.9  54.57
0.545852   15.92  54.57
0.54615   15.92  54.57
0.546747   15.94  54.57
0.547046   15.95  54.57
0.547046   15.96  54.57
0.547046   15.96  54.57
0.547345   15.96  54.57
0.547645   15.98  54.57
0.548246   16  54.57
0.548847   16.01  54.57
0.549149   16.02  54.57
0.549451   16.02  54.57
0.549753   16.03  54.57
0.549753   16.03  54.57
0.549753   16.04  54.57
0.550055   16.05  54.57
0.550358   16.06  54.57
0.550661   16.06  54.57
0.550661   16.06  54.57
0.550661   16.07  54.57
0.550964   16.07  54.57
0.551268   16.08  54.56
0.551268   16.08  54.57
0.551572   16.1  54.57
0.551876   16.1  54.56
0.552181   16.1  54.57
0.552181   16.12  54.56
0.552486   16.12  54.56
0.552792   16.13  54.56
0.553097   16.14  54.56
0.553403   16.15  54.56
0.55371   16.16  54.56
0.554017   16.17  54.56
0.554631   16.19  54.56
0.554939   16.2  54.56
0.555247   16.2  54.56
0.555247   16.21  54.56
0.555247   16.21  54.56
0.555247   16.21  54.56
0.555556   16.22  54.56
0.555864   16.22  54.56
0.555864   16.23  54.56
0.556174   16.23  54.56
0.556483   16.25  54.56
0.557103   16.27  54.56
0.557103   16.27  54.56
0.557414   16.27  54.56
0.558036   16.29  54.56
0.558659   16.3  54.56
0.558659   16.31  54.56
0.558971   16.32  54.56
0.559597   16.34  54.56
0.55991   16.34  54.56
0.559597   16.34  54.56
0.559597   16.34  54.56
0.55991   16.35  54.56
0.560852   16.37  54.56
0.561798   16.39  54.56
0.56243   16.42  54.56
0.56243   16.42  54.56
0.56243   16.42  54.56
0.56243   16.42  54.56
0.562114   16.42  54.56
0.56243   16.43  54.56
0.563063   16.44  54.56
0.563698   16.46  54.56
0.563698   16.46  54.56
0.564016   16.47  54.56
0.564334   16.48  54.56
0.564653   16.49  54.56
0.564653   16.5  54.56
0.564972   16.5  54.56
0.565291   16.51  54.56
0.565611   16.52  54.56
0.566251   16.53  54.56
0.566251   16.54  54.56
0.566572   16.54  54.56
0.566893   16.56  54.56
0.567215   16.56  54.56
0.567537   16.58  54.56
0.567859   16.59  54.56
0.568505   16.62  54.56
0.569152   16.63  54.56
0.569801   16.64  54.56
0.570451   16.66  54.56
0.570776   16.67  54.56
0.571429   16.69  54.56
0.572082   16.72  54.56
0.57241   16.73  54.56
0.572738   16.74  54.56
0.573066   16.75  54.56
0.573394   16.75  54.55
0.573394   16.75  54.56
0.573723   16.77  54.55
0.574053   16.78  54.55
0.574383   16.79  54.55
0.574713   16.79  54.56
0.575043   16.81  54.56
0.575043   16.81  54.56
0.575374   16.82  54.55
0.575374   16.83  54.55
0.575374   16.83  54.55
0.575705   16.83  54.55
0.576037   16.84  54.55
0.576037   16.85  54.55
0.576369   16.86  54.55
0.576369   16.86  54.55
0.577034   16.87  54.55
0.577367   16.88  54.55
0.577701   16.88  54.55
0.577701   16.89  54.55
0.577701   16.89  54.55
0.577701   16.9  54.55
0.578369   16.91  54.55
0.578369   16.91  54.55
0.578704   16.92  54.55
0.579374   16.94  54.55
0.580046   16.95  54.55
0.58072   16.97  54.55
0.58072   16.98  54.55
0.581058   16.99  54.55
0.581734   17.01  54.55
0.581734   17.02  54.55
0.582072   17.02  54.55
0.582072   17.02  54.55
0.582072   17.04  54.55
0.582751   17.05  54.55
0.58309   17.06  54.55
0.58309   17.07  54.55
0.583431   17.09  54.55
0.583771   17.09  54.55
0.584454   17.11  54.55
0.584795   17.11  54.55
0.585138   17.13  54.55
0.58548   17.14  54.55
0.586166   17.14  54.55
0.586166   17.15  54.55
0.58651   17.16  54.55
0.586854   17.18  54.55
0.587199   17.2  54.55
0.587199   17.2  54.55
0.587199   17.2  54.55
0.587199   17.2  54.55
0.587544   17.2  54.55
0.587544   17.21  54.55
0.587889   17.22  54.55
0.587889   17.23  54.55
0.587889   17.23  54.55
0.588235   17.23  54.55
0.588235   17.24  54.55
0.588582   17.24  54.55
0.588582   17.24  54.55
0.588582   17.24  54.55
0.588928   17.24  54.55
0.588928   17.25  54.55
0.589275   17.26  54.55
0.589623   17.27  54.55
0.590319   17.28  54.55
0.590667   17.29  54.55
0.591017   17.3  54.55
0.591366   17.32  54.55
0.591716   17.33  54.55
0.592066   17.34  54.55
0.592417   17.34  54.55
0.592417   17.35  54.55
0.592417   17.35  54.55
0.592417   17.35  54.55
0.592417   17.35  54.55
0.592768   17.36  54.55
0.59312   17.37  54.55
0.593472   17.38  54.55
0.593824   17.39  54.55
0.594177   17.4  54.55
0.59453   17.41  54.55
0.594884   17.42  54.55
0.595238   17.43  54.55
0.595238   17.44  54.55
0.595593   17.45  54.55
0.595593   17.46  54.55
0.595948   17.47  54.55
0.596303   17.48  54.55
0.596659   17.49  54.55
0.597015   17.49  54.55
0.597729   17.5  54.55
0.598086   17.53  54.55
0.598444   17.54  54.55
0.598802   17.55  54.55
0.599161   17.56  54.55
0.59952   17.58  54.55
0.59952   17.58  54.55
0.59988   17.58  54.55
0.60024   17.59  54.54
0.600601   17.6  54.54
0.600962   17.61  54.55
0.601323   17.63  54.54
0.601685   17.64  54.54
0.602047   17.65  54.54
0.60241   17.67  54.54
0.603136   17.68  54.54
0.6035   17.69  54.54
0.603865   17.7  54.54
0.60423   17.71  54.54
0.60423   17.71  54.54
0.60423   17.72  54.54
0.604595   17.73  54.54
0.604595   17.73  54.54
0.604961   17.74  54.54
0.604961   17.75  54.54
0.605327   17.75  54.54
0.605327   17.76  54.54
0.605694   17.77  54.54
0.605694   17.77  54.54
0.606061   17.78  54.54
0.606061   17.78  54.54
0.606061   17.78  54.54
0.606428   17.79  54.54
0.606428   17.79  54.54
0.606428   17.79  54.54
0.606428   17.8  54.54
0.606796   17.8  54.54
0.607165   17.81  54.54
0.607165   17.81  54.54
0.607165   17.81  54.54
0.607533   17.82  54.54
0.607903   17.83  54.54
0.607903   17.83  54.54
0.608273   17.84  54.54
0.608273   17.85  54.54
0.608273   17.85  54.54
0.608643   17.86  54.54
0.609013   17.87  54.54
0.609385   17.88  54.54
0.609756   17.89  54.54
0.610128   17.9  54.54
0.610128   17.91  54.54
0.610501   17.91  54.54
0.610501   17.92  54.54
0.610874   17.92  54.54
0.611247   17.93  54.54
0.611247   17.93  54.54
0.611247   17.94  54.54
0.611621   17.95  54.54
0.611621   17.96  54.54
0.611995   17.97  54.54
0.61237   17.98  54.54
0.61237   17.98  54.54
0.61237   17.98  54.54
0.612745   17.98  54.54
0.612745   17.99  54.54
0.613121   18  54.54
0.613121   18  54.54
0.613497   18  54.54
0.613497   18.01  54.54
0.613874   18.02  54.54
0.613874   18.03  54.54
0.614251   18.04  54.54
0.614628   18.05  54.54
0.614628   18.05  54.54
0.615006   18.06  54.54
0.615006   18.07  54.54
0.615385   18.07  54.54
0.615385   18.08  54.54
0.615385   18.08  54.54
0.615764   18.09  54.54
0.615764   18.1  54.54
0.616143   18.1  54.54
0.616143   18.11  54.54
0.616523   18.11  54.54
0.616523   18.12  54.54
0.616903   18.12  54.54
0.616903   18.13  54.54
0.617284   18.13  54.54
0.617284   18.14  54.54
0.617665   18.15  54.54
0.618047   18.15  54.54
0.618047   18.16  54.54
0.618429   18.17  54.54
0.618429   18.17  54.54
0.618812   18.18  54.54
0.618812   18.18  54.54
0.619195   18.19  54.53
0.619195   18.2  54.53
0.619579   18.21  54.53
0.619963   18.21  54.53
0.619963   18.21  54.53
0.620347   18.22  54.53
0.620347   18.23  54.53
0.620732   18.23  54.53
0.621118   18.24  54.53
0.621118   18.25  54.53
0.621504   18.25  54.53
0.621891   18.26  54.53
0.622278   18.27  54.53
0.622278   18.28  54.53
0.622665   18.29  54.53
0.623053   18.3  54.53
0.623441   18.3  54.53
0.62383   18.31  54.53
0.62422   18.32  54.53
0.62422   18.33  54.53
0.62461   18.34  54.52
0.625   18.35  54.53
0.625   18.36  54.52
0.625391   18.37  54.52
0.625391   18.38  54.52
0.625782   18.38  54.52
0.626174   18.39  54.52
0.626174   18.4  54.52
0.626566   18.4  54.52
0.626959   18.41  54.52
0.627353   18.42  54.52
0.627353   18.43  54.52
0.627746   18.43  54.52
0.628141   18.44  54.52
0.628141   18.45  54.52
0.628536   18.47  54.52
0.628931   18.48  54.52
0.629327   18.49  54.52
0.629723   18.5  54.52
0.629723   18.51  54.52
0.63012   18.52  54.52
0.630517   18.53  54.52
0.630517   18.54  54.52
0.630915   18.55  54.52
0.631313   18.56  54.52
0.631712   18.57  54.52
0.631712   18.58  54.52
0.632111   18.6  54.52
0.632511   18.61  54.52
0.633312   18.62  54.52
0.633714   18.63  54.52
0.634115   18.64  54.52
0.634518   18.65  54.52
0.634921   18.65  54.52
0.634921   18.66  54.52
0.635324   18.66  54.52
0.635728   18.67  54.52
0.635728   18.67  54.52
0.636132   18.68  54.52
0.636537   18.69  54.52
0.636537   18.69  54.52
0.636943   18.7  54.52
0.637349   18.71  54.52
0.637755   18.72  54.52
0.638162   18.73  54.52
0.638162   18.74  54.52
0.63857   18.74  54.52
0.638978   18.75  54.52
0.638978   18.76  54.52
0.639386   18.77  54.52
0.639386   18.78  54.52
0.639795   18.79  54.52
0.640205   18.8  54.52
0.640205   18.82  54.52
0.640615   18.83  54.52
0.641026   18.83  54.52
0.641437   18.83  54.52
0.641849   18.84  54.52
0.641849   18.85  54.52
0.642261   18.86  54.51
0.642674   18.89  54.51
0.643087   18.92  54.51
0.643501   18.98  54.51
0.643501   18.99  54.51
0.643915   18.98  54.51
0.64433   18.99  54.51
0.64433   18.99  54.51
0.644745   19.01  54.51
0.645161   19.03  54.51
0.645578   19.04  54.51
0.645995   19.04  54.51
0.646831   19.04  54.51
0.647249   19.05  54.51
0.647668   19.05  54.51
0.648508   19.06  54.51
0.648929   19.12  54.51
0.649351   19.18  54.51
0.649351   19.19  54.51
0.650195   19.18  54.51
0.650195   19.21  54.51
0.650618   19.22  54.51
0.651042   19.23  54.51
0.651466   19.22  54.51
0.65189   19.24  54.51
0.652742   19.27  54.51
0.653168   19.28  54.51
0.653595   19.32  54.51
0.65445   19.34  54.51
0.654879   19.37  54.51
0.655738   19.38  54.51
0.656599   19.4  54.51
0.65703   19.42  54.51
0.657462   19.43  54.51
0.657895   19.43  54.51
0.658328   19.43  54.51
0.658762   19.42  54.51
0.659196   19.43  54.51
0.659196   19.45  54.51
0.659631   19.43  54.51
0.660066   19.46  54.51
0.660502   19.48  54.51
0.660939   19.48  54.51
0.661376   19.5  54.51
0.661813   19.5  54.51
0.662252   19.53  54.51
0.662691   19.53  54.51
0.66313   19.53  54.51
0.66357   19.57  54.51
0.664011   19.6  54.51
0.664452   19.63  54.51
0.664894   19.63  54.51
0.664894   19.64  54.51
0.665336   19.65  54.51
0.665779   19.67  54.51
0.666223   19.68  54.51
0.666667   19.69  54.51
0.667111   19.69  54.51
0.667557   19.73  54.51
0.667557   19.74  54.51
0.668003   19.73  54.51
0.668449   19.74  54.51
0.668896   19.74  54.51
0.669344   19.78  54.51
0.669792   19.79  54.51
0.669792   19.79  54.51
0.670241   19.8  54.51
0.671141   19.83  54.51
0.671592   19.84  54.51
0.672043   19.84  54.51
0.672495   19.82  54.51
0.672948   19.84  54.51
0.673401   19.84  54.51
0.673401   19.87  54.51
0.673854   19.88  54.51
0.674309   19.85  54.51
0.674764   19.85  54.51
0.675219   19.89  54.51
0.675676   19.89  54.51
0.676133   19.92  54.51
0.676133   19.94  54.51
0.677048   19.95  54.51
0.677048   19.95  54.51
0.677507   19.95  54.51
0.677966   19.95  54.51
0.678426   19.98  54.51
0.678887   20  54.51
0.679348   20.01  54.51
0.67981   20.07  54.51
0.680272   20.07  54.51
0.680735   20.07  54.51
0.681199   20.07  54.51
0.681663   20.07  54.51
0.682128   20.08  54.51
0.682594   20.14  54.51
0.68306   20.14  54.51
0.683527   20.14  54.51
0.683995   20.14  54.51
0.683995   20.2  54.51
0.684463   20.21  54.51
0.684932   20.21  54.51
0.685401   20.21  54.51
0.685871   20.21  54.51
0.686342   20.21  54.5
0.686813   20.21  54.51
0.687285   20.26  54.51
0.687758   20.28  54.51
0.688231   20.28  54.51
0.688231   20.28  54.5
0.688231   20.31  54.51
0.688705   20.3  54.5
0.68918   20.31  54.5
0.68918   20.31  54.5
0.689655   20.33  54.5
0.690131   20.31  54.5
0.690608   20.33  54.5
0.691085   20.35  54.5
0.691085   20.36  54.5
0.692042   20.42  54.5
0.692521   20.42  54.5
0.693001   20.42  54.5
0.693481   20.48  54.5
0.693963   20.49  54.5
0.694444   20.49  54.5
0.694444   20.49  54.5
0.694927   20.55  54.5
0.69541   20.54  54.5
0.695894   20.55  54.5
0.696379   20.55  54.5
0.696864   20.6  54.5
0.69735   20.61  54.5
0.698324   20.61  54.5
0.698324   20.67  54.5
0.698812   20.68  54.5
0.699301   20.68  54.5
0.69979   20.68  54.5
0.70028   20.68  54.5
0.700771   20.68  54.5
0.701262   20.71  54.5
0.701754   20.73  54.5
0.702247   20.74  54.5
0.702741   20.74  54.5
0.703235   20.74  54.5
0.70373   20.75  54.5
0.70373   20.76  54.5
0.704225   20.8  54.5
0.704722   20.8  54.5
0.704722   20.8  54.5
0.705219   20.84  54.5
0.705716   20.87  54.5
0.706215   20.87  54.5
0.706714   20.87  54.5
0.707214   20.89  54.5
0.707714   20.93  54.5
0.708215   20.93  54.5
0.708717   20.93  54.5
0.708717   20.98  54.5
0.70922   20.99  54.5
0.709723   20.99  54.5
0.710227   21  54.5
0.710732   21.01  54.5
0.711238   21.05  54.5
0.711744   21.05  54.5
0.711744   21.05  54.5
0.712251   21.05  54.5
0.712758   21.11  54.5
0.713267   21.11  54.5
0.713776   21.11  54.5
0.714286   21.13  54.5
0.715308   21.17  54.5
0.71582   21.17  54.49
0.716332   21.17  54.5
0.716846   21.18  54.49
0.716846   21.23  54.49
0.71736   21.21  54.49
0.717875   21.22  54.49
0.717875   21.23  54.49
0.718391   21.23  54.49
0.718391   21.24  54.49
0.718907   21.24  54.49
0.718907   21.24  54.49
0.719424   21.23  54.49
0.719942   21.24  54.49
0.720461   21.29  54.49
0.720981   21.3  54.49
0.721501   21.29  54.49
0.722543   21.35  54.49
0.723066   21.35  54.49
0.723589   21.38  54.49
0.724113   21.41  54.49
0.724113   21.41  54.49
0.724638   21.42  54.49
0.725163   21.42  54.49
0.725689   21.45  54.49
0.725689   21.47  54.49
0.726216   21.47  54.49
0.726744   21.5  54.49
0.726744   21.54  54.49
0.727273   21.54  54.49
0.727802   21.54  54.49
0.728332   21.54  54.49
0.728863   21.6  54.49
0.729395   21.6  54.49
0.729927   21.6  54.49
0.73046   21.6  54.49
0.73046   21.6  54.49
0.730994   21.61  54.49
0.730994   21.67  54.49
0.731529   21.67  54.49
0.731529   21.67  54.49
0.732064   21.67  54.49
0.732064   21.67  54.49
0.732601   21.67  54.49
0.733138   21.67  54.49
0.733138   21.72  54.49
0.733676   21.73  54.49
0.733676   21.73  54.49
0.733676   21.73  54.49
0.734214   21.73  54.49
0.734214   21.73  54.49
0.734214   21.73  54.49
0.734754   21.73  54.49
0.734754   21.73  54.49
0.734754   21.74  54.49
0.734754   21.77  54.49
0.735294   21.77  54.49
0.735294   21.77  54.49
0.735294   21.8  54.49
0.735294   21.8  54.49
0.735294   21.8  54.49
0.735835   21.8  54.49
0.735835   21.8  54.48
0.735835   21.8  54.48
0.736377   21.81  54.48
0.736377   21.82  54.49
0.736377   21.83  54.48
0.736377   21.86  54.48
0.73692   21.86  54.48
0.73692   21.86  54.48
0.737463   21.86  54.48
0.737463   21.86  54.48
0.738007   21.87  54.48
0.738552   21.92  54.48
0.739098   21.93  54.48
0.739098   21.93  54.48
0.739645   21.93  54.48
0.740192   21.94  54.48
0.740192   21.97  54.48
0.740741   21.98  54.48
0.740741   22  54.48
0.740741   22  54.48
0.74129   22  54.48
0.74184   22  54.48
0.74184   22  54.48
0.74239   22.04  54.48
0.74239   22.03  54.48
0.742942   22.06  54.48
0.743494   22.06  54.48
0.744048   22.11  54.48
0.744048   22.13  54.48
0.744602   22.13  54.48
0.745156   22.13  54.48
0.745156   22.13  54.48
0.745712   22.13  54.48
0.745712   22.13  54.48
0.745712   22.13  54.48
0.746269   22.14  54.48
0.746826   22.17  54.48
0.746826   22.18  54.48
0.747384   22.19  54.48
0.747384   22.19  54.48
0.747384   22.19  54.48
0.747943   22.18  54.48
0.747943   22.19  54.48
0.747943   22.19  54.48
0.747943   22.19  54.48
0.748503   22.19  54.48
0.748503   22.19  54.48
0.748503   22.16  54.48
0.749064   22.21  54.48
0.749064   22.26  54.48
0.749064   22.26  54.48
0.749064   22.26  54.48
0.749625   22.26  54.48
0.749625   22.26  54.48
0.750188   22.28  54.48
0.750188   22.32  54.48
0.750751   22.32  54.48
0.751315   22.32  54.48
0.751315   22.32  54.48
0.75188   22.32  54.48
0.752445   22.34  54.48
0.752445   22.38  54.48
0.753012   22.38  54.48
0.75358   22.41  54.48
0.754148   22.4  54.48
0.754148   22.39  54.48
0.754717   22.44  54.48
0.754717   22.44  54.48
0.755287   22.44  54.48
0.755287   22.44  54.48
0.755858   22.45  54.48
0.75643   22.49  54.48
0.75643   22.5  54.48
0.757002   22.5  54.48
0.757002   22.5  54.48
0.757576   22.52  54.48
0.75815   22.53  54.48
0.758725   22.56  54.48
0.758725   22.57  54.48
0.759301   22.56  54.48
0.759878   22.56  54.48
0.760456   22.56  54.48
0.761035   22.62  54.48
0.761615   22.57  54.48
0.761615   22.61  54.48
0.761615   22.62  54.48
0.761615   22.62  54.48
0.761615   22.62  54.48
0.761615   22.62  54.48
0.761615   22.62  54.48
0.761615   22.62  54.48
0.762195   22.62  54.48
0.762195   22.62  54.48
0.762777   22.68  54.48
0.763359   22.68  54.48
0.763359   22.68  54.48
0.763942   22.68  54.48
0.763942   22.68  54.48
0.764526   22.74  54.48
0.765111   22.74  54.48
0.765697   22.75  54.48
0.766284   22.8  54.48
0.766871   22.8  54.48
0.76746   22.84  54.48
0.768049   22.86  54.48
0.76864   22.86  54.48
0.769231   22.86  54.48
0.769231   22.86  54.48
0.769823   22.91  54.48
0.770416   22.91  54.48
0.770416   22.91  54.48
0.77101   22.91  54.48
0.77101   22.92  54.48
0.771605   22.93  54.48
0.771605   22.97  54.48
0.771605   22.97  54.48
0.772201   22.98  54.48
0.772201   22.98  54.47
0.772798   22.99  54.47
0.772798   23.02  54.47
0.772798   23.03  54.47
0.772798   23.03  54.47
0.773395   23.03  54.47
0.773395   23.03  54.47
0.773395   23.03  54.47
0.773395   23.05  54.47
0.773395   23.06  54.47
0.773395   23.07  54.47
0.773994   23.07  54.47
0.773994   23.05  54.47
0.773994   23.09  54.47
0.774593   23.09  54.47
0.774593   23.09  54.47
0.774593   23.1  54.47
0.775194   23.09  54.47
0.775194   23.1  54.47
0.775194   23.12  54.47
0.775194   23.1  54.47
0.775795   23.14  54.47
0.775795   23.14  54.47
0.775795   23.14  54.47
0.775795   23.14  54.47
0.776398   23.14  54.47
0.776398   23.14  54.47
0.777001   23.14  54.47
0.777001   23.14  54.47
0.777605   23.14  54.47
0.777605   23.14  54.47
0.77821   23.14  54.47
0.77821   23.17  54.47
0.778816   23.2  54.47
0.778816   23.2  54.47
0.778816   23.2  54.47
0.779423   23.2  54.47
0.780031   23.2  54.47
0.780031   23.24  54.47
0.78064   23.26  54.47
0.78125   23.26  54.47
0.78125   23.26  54.47
0.781861   23.27  54.47
0.781861   23.29  54.46
0.782473   23.35  54.47
0.782473   23.35  54.47
0.783085   23.35  54.47
0.783085   23.35  54.46
0.783699   23.35  54.46
0.783699   23.38  54.46
0.784314   23.43  54.46
0.784929   23.44  54.46
0.785546   23.44  54.46
0.785546   23.44  54.46
0.786164   23.46  54.46
0.786782   23.44  54.46
0.787402   23.47  54.46
0.787402   23.53  54.46
0.787402   23.46  54.46
0.788022   23.54  54.46
0.788022   23.54  54.46
0.788644   23.54  54.46
0.788644   23.54  54.46
0.788644   23.59  54.46
0.789266   23.54  54.46
0.789266   23.56  54.46
0.789889   23.63  54.46
0.789889   23.62  54.46
0.790514   23.59  54.46
0.790514   23.58  54.46
0.790514   23.58  54.46
0.791139   23.54  54.46
0.791766   23.54  54.46
0.791766   23.54  54.46
0.792393   23.51  54.46
0.793021   23.54  54.46
0.793651   23.54  54.46
0.793651   23.54  54.46
0.794281   23.63  54.46
0.794913   23.64  54.46
0.795545   23.64  54.46
0.796178   23.65  54.46
0.796178   23.64  54.46
0.796813   23.64  54.46
0.797448   23.65  54.46
0.797448   23.66  54.46
0.798085   23.72  54.46
0.798085   23.73  54.46
0.798722   23.73  54.46
0.799361   23.73  54.46
0.8   23.73  54.46
0.800641   23.73  54.46
0.800641   23.73  54.46
0.801282   23.73  54.46
0.801282   23.73  54.46
0.801282   23.73  54.46
0.801925   23.73  54.46
0.801925   23.73  54.46
0.802568   23.73  54.45
0.802568   23.73  54.45
0.802568   23.73  54.45
0.803213   23.73  54.45
0.803213   23.73  54.45
0.803859   23.73  54.45
0.803859   23.73  54.45
0.803859   23.73  54.45
0.803859   23.73  54.45
0.803859   23.73  54.45
0.803859   23.73  54.45
0.804505   23.73  54.45
0.804505   23.73  54.45
0.805153   23.73  54.45
0.805153   23.73  54.45
0.805153   23.73  54.45
0.805153   23.73  54.45
0.805802   23.73  54.45
0.805802   23.73  54.45
0.805802   23.73  54.45
0.806452   23.73  54.45
0.806452   23.73  54.45
0.807103   23.73  54.45
0.807103   23.73  54.45
0.807103   23.73  54.45
0.807103   23.73  54.45
0.807754   23.73  54.45
0.807754   23.73  54.45
0.807754   23.73  54.45
0.807754   23.73  54.45
0.808407   23.73  54.45
0.808407   23.73  54.45
0.808407   23.73  54.45
0.808407   23.73  54.45
0.808407   23.73  54.45
0.809061   23.73  54.45
0.809061   23.73  54.45
0.809061   23.73  54.45
0.809061   23.73  54.45
0.809061   23.73  54.45
0.809061   23.73  54.45
0.809061   23.73  54.45
0.809061   23.73  54.45
0.809061   23.73  54.45
0.809061   23.73  54.45
0.809061   23.73  54.45
0.809061   23.73  54.45
0.809061   23.73  54.45
0.809061   23.73  54.45
0.809061   23.73  54.45
0.809061   23.73  54.45
0.809061   23.73  54.45
0.809061   23.73  54.45
0.809061   23.73  54.45
0.809061   23.73  54.45
0.809061   23.73  54.45
0.809061   23.73  54.45
0.809061   23.73  54.45
0.809061   23.73  54.45
0.809061   23.73  54.45
0.809061   23.73  54.45
0.809061   23.73  54.45
0.809061   23.73  54.45
0.809061   23.73  54.45
0.809061   23.73  54.45
0.809061   23.73  54.45
0.809061   23.73  54.45
0.809061   23.73  54.45
0.809061   23.73  54.45
0.809061   23.73  54.45
0.809061   23.73  54.45
0.809061   23.73  54.45
0.809061   23.73  54.45
0.809061   23.73  54.45
0.809061   23.73  54.45
0.809061   23.73  54.45
0.809061   23.73  54.45
0.809061   23.73  54.45
0.809061   23.73  54.45
0.809061   23.73  54.45
0.809061   23.73  54.45
0.809061   23.73  54.45
0.809061   23.73  54.45
0.809061   23.73  54.45
0.809061   23.73  54.45
0.809061   23.73  54.45
0.809061   23.73  54.45
0.809061   23.73  54.45
0.809061   23.73  54.45
0.809061   23.73  54.45
0.809061   23.73  54.45
0.809061   23.73  54.45
0.809061   23.73  54.45
0.809061   23.73  54.45
0.809061   23.73  54.45
0.809061   23.73  54.45
0.809061   23.73  54.45
0.809061   23.73  54.45
0.809061   23.73  54.45
0.809061   23.73  54.45
0.809061   23.73  54.45
0.809061   23.73  54.45
0.809061   23.73  54.45
0.809061   23.73  54.45
0.809061   23.73  54.45
