0.1   1.999
0.2   1.999
0.3   1.999
0.4   1.999
0.5   1.999
0.6   1.999
0.7   1.999
0.8   1.999
0.9   1.999
1   1.999
1.1   1.999
1.2   1.999
1.3   1.999
1.4   1.999
1.5   1.999
1.6   1.999
1.7   1.999
1.8   1.999
1.9   1.999
2   1.999
2.1   1.999
2.2   1.999
2.3   1.999
2.4   1.999
2.5   1.999
2.6   1.999
2.7   1.999
2.8   1.999
2.9   1.999
3   1.999
3.1   1.999
3.2   1.999
3.3   1.999
3.4   1.999
3.5   1.999
3.6   1.999
3.7   1.999
3.8   1.999
3.9   1.999
4   1.999
4.1   1.999
4.2   1.999
4.3   1.999
4.4   1.999
4.5   1.999
4.6   1.999
4.7   1.999
4.8   1.999
4.9   1.999
5   1.999
5.1   1.999
5.2   1.999
5.3   1.999
5.4   1.999
5.5   1.999
5.6   1.999
5.7   1.999
5.8   1.999
5.9   1.999
6   1.999
6.1   1.999
6.2   1.999
6.3   1.999
6.4   1.999
6.5   1.999
6.6   1.999
6.7   1.999
6.8   1.999
6.9   1.999
7   1.999
7.1   1.999
7.2   1.998
7.3   1.998
7.4   1.999
7.5   1.998
7.6   1.998
7.7   1.998
7.8   1.998
7.9   1.998
8   1.998
8.1   1.998
8.2   1.998
8.3   1.998
8.4   1.998
8.5   1.998
8.6   1.998
8.7   1.998
8.8   1.998
8.9   1.998
9   1.998
9.1   1.998
9.2   1.998
9.3   1.998
9.4   1.998
9.5   1.998
9.6   1.998
9.7   1.998
9.8   1.998
9.9   1.998
10   1.998
10.1   1.998
10.2   1.998
10.3   1.998
10.4   1.998
10.5   1.998
10.6   1.998
10.7   1.998
10.8   1.998
10.9   1.998
11   1.998
11.1   1.998
11.2   1.998
11.3   1.998
11.4   1.998
11.5   1.998
11.6   1.998
11.7   1.998
11.8   1.998
11.9   1.998
12   1.998
12.1   1.998
12.2   1.998
12.3   1.998
12.4   1.998
12.5   1.998
12.6   1.998
12.7   1.998
12.8   1.998
12.9   1.998
13   1.998
13.1   1.998
13.2   1.998
13.3   1.998
13.4   1.998
13.5   1.998
13.6   1.998
13.7   1.998
13.8   1.998
13.9   1.998
14   1.998
14.1   1.998
14.2   1.998
14.3   1.998
14.4   1.998
14.5   1.998
14.6   1.998
14.7   1.998
14.8   1.998
14.9   1.998
15   1.998
15.1   1.998
15.2   1.998
15.3   1.998
15.4   1.998
15.5   1.998
15.6   1.998
15.7   1.998
15.8   1.998
15.9   1.998
16   1.998
16.1   1.998
16.2   1.998
16.3   1.998
16.4   1.998
16.5   1.998
16.6   1.998
16.7   1.998
16.8   1.998
16.9   1.998
17   1.998
17.1   1.998
17.2   1.998
17.3   1.998
17.4   1.998
17.5   1.998
17.6   1.998
17.7   1.998
17.8   1.998
17.9   1.998
18   1.998
18.1   1.998
18.2   1.998
18.3   1.998
18.4   1.998
18.5   1.998
18.6   1.998
18.7   1.998
18.8   1.998
18.9   1.998
19   1.998
19.1   1.998
19.2   1.998
19.3   1.998
19.4   1.998
19.5   1.998
19.6   1.998
19.7   1.998
19.8   1.998
19.9   1.998
20   1.998
20.1   1.998
20.2   1.998
20.3   1.998
20.4   1.998
20.5   1.998
20.6   1.998
20.7   1.998
20.8   1.998
20.9   1.998
21   1.998
21.1   1.998
21.2   1.998
21.3   1.998
21.4   1.998
21.5   1.998
21.6   1.998
21.7   1.998
21.8   1.998
21.9   1.998
22   1.998
22.1   1.998
22.2   1.998
22.3   1.998
22.4   1.998
22.5   1.998
22.6   1.998
22.7   1.998
22.8   1.998
22.9   1.998
23   1.998
23.1   1.998
23.2   1.998
23.3   1.998
23.4   1.998
23.5   1.998
23.6   1.998
23.7   1.998
23.8   1.998
23.9   1.998
24   1.998
24.1   1.998
24.2   1.998
24.3   1.998
24.4   1.998
24.5   1.998
24.6   1.998
24.7   1.998
24.8   1.998
24.9   1.998
25   1.998
25.1   1.998
25.2   1.998
25.3   1.998
25.4   1.998
25.5   1.998
25.6   1.998
25.7   1.998
25.8   1.998
25.9   1.998
26   1.998
26.1   1.998
26.2   1.998
26.3   1.998
26.4   1.998
26.5   1.998
26.6   1.998
26.7   1.998
26.8   1.998
26.9   1.998
27   1.998
27.1   1.998
27.2   1.998
27.3   1.998
27.4   1.998
27.5   1.998
27.6   1.998
27.7   1.998
27.8   1.998
27.9   1.998
28   1.998
28.1   1.998
28.2   1.998
28.3   1.998
28.4   1.998
28.5   1.998
28.6   1.998
28.7   1.998
28.8   1.998
28.9   1.998
29   1.998
29.1   1.998
29.2   1.998
29.3   1.998
29.4   1.998
29.5   1.998
29.6   1.998
29.7   1.998
29.8   1.998
29.9   1.998
30   1.998
30.1   1.998
30.2   1.998
30.3   1.998
30.4   1.998
30.5   1.998
30.6   1.998
30.7   1.998
30.8   1.998
30.9   1.998
31   1.998
31.1   1.998
31.2   1.998
31.3   1.998
31.4   1.998
31.5   1.998
31.6   1.998
31.7   1.998
31.8   1.998
31.9   1.998
32   1.998
32.1   1.998
32.2   1.998
32.3   1.998
32.4   1.998
32.5   1.998
32.6   1.998
32.7   1.998
32.8   1.998
32.9   1.998
33   1.998
33.1   1.998
33.2   1.998
33.3   1.998
33.4   1.998
33.5   1.998
33.6   1.998
33.7   1.998
33.8   1.998
33.9   1.998
34   1.998
34.1   1.998
34.2   1.998
34.3   1.998
34.4   1.998
34.5   1.998
34.6   1.998
34.7   1.998
34.8   1.998
34.9   1.998
35   1.998
35.1   1.998
35.2   1.998
35.3   1.998
35.4   1.998
35.5   1.998
35.6   1.998
35.7   1.998
35.8   1.998
35.9   1.998
36   1.998
36.1   1.998
36.2   1.998
36.3   1.998
36.4   1.998
36.5   1.998
36.6   1.998
36.7   1.998
36.8   1.998
36.9   1.998
37   1.998
37.1   1.998
37.2   1.998
37.3   1.998
37.4   1.998
37.5   1.998
37.6   1.998
37.7   1.998
37.8   1.998
37.9   1.998
38   1.998
38.1   1.998
38.2   1.998
38.3   1.998
38.4   1.998
38.5   1.998
38.6   1.998
38.7   1.998
38.8   1.998
38.9   1.998
39   1.998
39.1   1.998
39.2   1.998
39.3   1.998
39.4   1.998
39.5   1.998
39.6   1.998
39.7   1.998
39.8   1.998
39.9   1.998
40   1.998
40.1   1.998
40.2   1.998
40.3   1.998
40.4   1.998
40.5   1.998
40.6   1.998
40.7   1.998
40.8   1.998
40.9   1.998
41   1.998
41.1   1.998
41.2   1.998
41.3   1.998
41.4   1.998
41.5   1.998
41.6   1.998
41.7   1.998
41.8   1.998
41.9   1.998
42   1.998
42.1   1.998
42.2   1.998
42.3   1.998
42.4   1.998
42.5   1.998
42.6   1.998
42.7   1.998
42.8   1.998
42.9   1.998
43   1.998
43.1   1.998
43.2   1.998
43.3   1.998
43.4   1.998
43.5   1.998
43.6   1.998
43.7   1.998
43.8   1.998
43.9   1.998
44   1.998
44.1   1.998
44.2   1.998
44.3   1.998
44.4   1.998
44.5   1.998
44.6   1.998
44.7   1.998
44.8   1.998
44.9   1.998
45   1.998
45.1   1.998
45.2   1.998
45.3   1.998
45.4   1.998
45.5   1.998
45.6   1.998
45.7   1.998
45.8   1.998
45.9   1.998
46   1.998
46.1   1.998
46.2   1.998
46.3   1.998
46.4   1.998
46.5   1.998
46.6   1.998
46.7   1.998
46.8   1.998
46.9   1.998
47   1.998
47.1   1.998
47.2   1.998
47.3   1.998
47.4   1.998
47.5   1.998
47.6   1.998
47.7   1.998
47.8   1.998
47.9   1.998
48   1.998
48.1   1.998
48.2   1.998
48.3   1.998
48.4   1.998
48.5   1.998
48.6   1.998
48.7   1.998
48.8   1.998
48.9   1.998
49   1.998
49.1   1.998
49.2   1.998
49.3   1.998
49.4   1.998
49.5   1.998
49.6   1.998
49.7   1.998
49.8   1.998
49.9   1.998
50   1.998
50.1   1.998
50.2   1.998
50.3   1.998
50.4   1.998
50.5   1.998
50.6   1.998
50.7   1.998
50.8   1.998
50.9   1.998
51   1.998
51.1   1.998
51.2   1.998
51.3   1.998
51.4   1.998
51.5   1.998
51.6   1.998
51.7   1.998
51.8   1.998
51.9   1.998
52   1.998
52.1   1.998
52.2   1.998
52.3   1.998
52.4   1.998
52.5   1.998
52.6   1.998
52.7   1.998
52.8   1.998
52.9   1.998
53   1.998
53.1   1.998
53.2   1.998
53.3   1.998
53.4   1.998
53.5   1.998
53.6   1.998
53.7   1.998
53.8   1.998
53.9   1.998
54   1.998
54.1   1.998
54.2   1.998
54.3   1.998
54.4   1.998
54.5   1.998
54.6   1.998
54.7   1.998
54.8   1.998
54.9   1.998
55   1.998
55.1   1.998
55.2   1.998
55.3   1.998
55.4   1.998
55.5   1.998
55.6   1.998
55.7   1.998
55.8   1.998
55.9   1.998
56   1.998
56.1   1.998
56.2   1.998
56.3   1.998
56.4   1.998
56.5   1.998
56.6   1.998
56.7   1.998
56.8   1.998
56.9   1.998
57   1.998
57.1   1.998
57.2   1.998
57.3   1.998
57.4   1.998
57.5   1.998
57.6   1.998
57.7   1.998
57.8   1.998
57.9   1.998
58   1.998
58.1   1.998
58.2   1.998
58.3   1.998
58.4   1.998
58.5   1.998
58.6   1.998
58.7   1.998
58.8   1.998
58.9   1.998
59   1.998
59.1   1.998
59.2   1.998
59.3   1.998
59.4   1.998
59.5   1.998
59.6   1.998
59.7   1.998
59.8   1.998
59.9   1.998
60   1.998
60.1   1.998
60.2   1.998
60.3   1.998
60.4   1.998
60.5   1.998
60.6   1.998
60.7   1.998
60.8   1.998
60.9   1.998
61   1.998
61.1   1.998
61.2   1.998
61.3   1.998
61.4   1.998
61.5   1.998
61.6   1.998
61.7   1.998
61.8   1.998
61.9   1.998
62   1.998
62.1   1.998
62.2   1.998
62.3   1.998
62.4   1.998
62.5   1.998
62.6   1.998
62.7   1.998
62.8   1.998
62.9   1.998
63   1.998
63.1   1.998
63.2   1.998
63.3   1.998
63.4   1.998
63.5   1.998
63.6   1.998
63.7   1.998
63.8   1.998
63.9   1.998
64   1.998
64.1   1.998
64.2   1.998
64.3   1.998
64.4   1.998
64.5   1.998
64.6   1.998
64.7   1.998
64.8   1.998
64.9   1.998
65   1.998
65.1   1.998
65.2   1.998
65.3   1.998
65.4   1.998
65.5   1.998
65.6   1.998
65.7   1.998
65.8   1.998
65.9   1.998
66   1.998
66.1   1.998
66.2   1.998
66.3   1.998
66.4   1.998
66.5   1.998
66.6   1.998
66.7   1.998
66.8   1.998
66.9   1.998
67   1.998
67.1   1.998
67.2   1.998
67.3   1.998
67.4   1.998
67.5   1.998
67.6   1.998
67.7   1.998
67.8   1.998
67.9   1.998
68   1.998
68.1   1.998
68.2   1.998
68.3   1.998
68.4   1.998
68.5   1.998
68.6   1.998
68.7   1.998
68.8   1.998
68.9   1.998
69   1.998
69.1   1.998
69.2   1.998
69.3   1.998
69.4   1.998
69.5   1.998
69.6   1.998
69.7   1.998
69.8   1.998
69.9   1.998
70   1.998
70.1   1.998
70.2   1.998
70.3   1.998
70.4   1.998
70.5   1.998
70.6   1.998
70.7   1.998
70.8   1.998
70.9   1.998
71   1.998
71.1   1.998
71.2   1.998
71.3   1.998
71.4   1.998
71.5   1.998
71.6   1.998
71.7   1.998
71.8   1.998
71.9   1.998
72   1.998
72.1   1.998
72.2   1.998
72.3   1.998
72.4   1.998
72.5   1.998
72.6   1.998
72.7   1.998
72.8   1.998
72.9   1.998
73   1.998
73.1   1.998
73.2   1.998
73.3   1.998
73.4   1.998
73.5   1.998
73.6   1.998
73.7   1.998
73.8   1.998
73.9   1.998
74   1.998
74.1   1.998
74.2   1.998
74.3   1.998
74.4   1.998
74.5   1.998
74.6   1.998
74.7   1.998
74.8   1.998
74.9   1.998
75   1.998
75.1   1.998
75.2   1.998
75.3   1.998
75.4   1.998
75.5   1.998
75.6   1.998
75.7   1.998
75.8   1.998
75.9   1.998
76   1.998
76.1   1.998
76.2   1.998
76.3   1.998
76.4   1.998
76.5   1.998
76.6   1.998
76.7   1.998
76.8   1.998
76.9   1.998
77   1.998
77.1   1.998
77.2   1.998
77.3   1.998
77.4   1.998
77.5   1.998
77.6   1.998
77.7   1.998
77.8   1.998
77.9   1.998
78   1.998
78.1   1.998
78.2   1.998
78.3   1.998
78.4   1.998
78.5   1.998
78.6   1.998
78.7   1.998
78.8   1.998
78.9   1.998
79   1.998
79.1   1.998
79.2   1.998
79.3   1.998
79.4   1.998
79.5   1.998
79.6   1.998
79.7   1.998
79.8   1.998
79.9   1.998
80   1.998
80.1   1.998
80.2   1.998
80.3   1.998
80.4   1.998
80.5   1.998
80.6   1.998
80.7   1.998
80.8   1.998
80.9   1.998
81   1.998
81.1   1.998
81.2   1.998
81.3   1.998
81.4   1.998
81.5   1.998
81.6   1.998
81.7   1.998
81.8   1.998
81.9   1.998
82   1.998
82.1   1.998
82.2   1.998
82.3   1.998
82.4   1.998
82.5   1.998
82.6   1.998
82.7   1.998
82.8   1.998
82.9   1.998
83   1.998
83.1   1.998
83.2   1.998
83.3   1.998
83.4   1.998
83.5   1.998
83.6   1.998
83.7   1.998
83.8   1.998
83.9   1.998
84   1.998
84.1   1.998
84.2   1.998
84.3   1.998
84.4   1.998
84.5   1.998
84.6   1.998
84.7   1.998
84.8   1.998
84.9   1.998
85   1.998
85.1   1.998
85.2   1.998
85.3   1.998
85.4   1.998
85.5   1.998
85.6   1.998
85.7   1.998
85.8   1.998
85.9   1.998
86   1.998
86.1   1.998
86.2   1.998
86.3   1.998
86.4   1.998
86.5   1.998
86.6   1.998
86.7   1.998
86.8   1.998
86.9   1.998
87   1.998
87.1   1.998
87.2   1.998
87.3   1.998
87.4   1.998
87.5   1.998
87.6   1.998
87.7   1.998
87.8   1.998
87.9   1.998
88   1.998
88.1   1.998
88.2   1.998
88.3   1.998
88.4   1.998
88.5   1.998
88.6   1.998
88.7   1.998
88.8   1.998
88.9   1.998
89   1.998
89.1   1.998
89.2   1.998
89.3   1.998
89.4   1.998
89.5   1.998
89.6   1.998
89.7   1.998
89.8   1.998
89.9   1.998
90   1.998
90.1   1.998
90.2   1.998
90.3   1.998
90.4   1.998
90.5   1.998
90.6   1.998
90.7   1.998
90.8   1.998
90.9   1.998
91   1.998
91.1   1.998
91.2   1.998
91.3   1.998
91.4   1.998
91.5   1.998
91.6   1.998
91.7   1.998
91.8   1.998
91.9   1.998
92   1.998
92.1   1.998
92.2   1.998
92.3   1.998
92.4   1.998
92.5   1.998
92.6   1.998
92.7   1.998
92.8   1.998
92.9   1.998
93   1.998
93.1   1.998
93.2   1.998
93.3   1.998
93.4   1.998
93.5   1.998
93.6   1.998
93.7   1.998
93.8   1.998
93.9   1.998
94   1.998
94.1   1.998
94.2   1.998
94.3   1.998
94.4   1.998
94.5   1.998
94.6   1.998
94.7   1.998
94.8   1.998
94.9   1.998
95   1.998
95.1   1.998
95.2   1.998
95.3   1.998
95.4   1.998
95.5   1.998
95.6   1.998
95.7   1.998
95.8   1.998
95.9   1.998
96   1.998
96.1   1.998
96.2   1.998
96.3   1.998
96.4   1.998
96.5   1.998
96.6   1.998
96.7   1.998
96.8   1.998
96.9   1.998
97   1.998
97.1   1.998
97.2   1.998
97.3   1.998
97.4   1.998
97.5   1.998
97.6   1.998
97.7   1.998
97.8   1.998
97.9   1.998
98   1.998
98.1   1.998
98.2   1.998
98.3   1.998
98.4   1.998
98.5   1.998
98.6   1.998
98.7   1.998
98.8   1.998
98.9   1.998
99   1.998
99.1   1.998
99.2   1.998
99.3   1.998
99.4   1.998
99.5   1.998
99.6   1.998
99.7   1.998
99.8   1.998
99.9   1.998
100   1.998
100.1   1.998
100.2   1.998
100.3   1.998
100.4   1.998
100.5   1.998
100.6   1.998
100.7   1.998
100.8   1.998
100.9   1.998
101   1.998
101.1   1.998
101.2   1.998
101.3   1.998
101.4   1.998
101.5   1.998
101.6   1.998
101.7   1.998
101.8   1.998
101.9   1.998
102   1.998
102.1   1.998
102.2   1.998
102.3   1.998
102.4   1.998
102.5   1.998
102.6   1.998
102.7   1.998
102.8   1.998
102.9   1.998
103   1.998
103.1   1.998
103.2   1.998
103.3   1.998
103.4   1.998
103.5   1.998
103.6   1.998
103.7   1.998
103.8   1.998
103.9   1.998
104   1.998
104.1   1.998
104.2   1.998
104.3   1.998
104.4   1.998
104.5   1.998
104.6   1.998
104.7   1.998
104.8   1.998
104.9   1.998
105   1.998
105.1   1.998
105.2   1.998
105.3   1.998
105.4   1.998
105.5   1.998
105.6   1.998
105.7   1.998
105.8   1.998
105.9   1.998
106   1.998
106.1   1.998
106.2   1.998
106.3   1.998
106.4   1.998
106.5   1.998
106.6   1.998
106.7   1.998
106.8   1.998
106.9   1.998
107   1.998
107.1   1.998
107.2   1.998
107.3   1.998
107.4   1.998
107.5   1.998
107.6   1.998
107.7   1.998
107.8   1.998
107.9   1.998
108   1.998
108.1   1.998
108.2   1.998
108.3   1.998
108.4   1.998
108.5   1.998
108.6   1.998
108.7   1.998
108.8   1.998
108.9   1.998
109   1.998
109.1   1.998
109.2   1.998
109.3   1.998
109.4   1.998
109.5   1.998
109.6   1.998
109.7   1.998
109.8   1.998
109.9   1.998
110   1.998
110.1   1.998
110.2   1.998
110.3   1.998
110.4   1.998
110.5   1.998
110.6   1.998
110.7   1.998
110.8   1.998
110.9   1.998
111   1.998
111.1   1.998
111.2   1.998
111.3   1.998
111.4   1.998
111.5   1.998
111.6   1.998
111.7   1.998
111.8   1.998
111.9   1.998
112   1.998
112.1   1.998
112.2   1.998
112.3   1.998
112.4   1.998
112.5   1.998
112.6   1.998
112.7   1.998
112.8   1.998
112.9   1.998
113   1.998
113.1   1.998
113.2   1.998
113.3   1.998
113.4   1.998
113.5   1.998
113.6   1.998
113.7   1.998
113.8   1.998
113.9   1.998
114   1.998
114.1   1.998
114.2   1.998
114.3   1.998
114.4   1.998
114.5   1.998
114.6   1.998
114.7   1.998
114.8   1.998
114.9   1.998
115   1.998
115.1   1.998
115.2   1.998
115.3   1.998
115.4   1.998
115.5   1.998
115.6   1.998
115.7   1.998
115.8   1.998
115.9   1.998
116   1.998
116.1   1.998
116.2   1.998
116.3   1.998
116.4   1.998
116.5   1.998
116.6   1.998
116.7   1.998
116.8   1.998
116.9   1.998
117   1.998
117.1   1.998
117.2   1.998
117.3   1.998
117.4   1.998
117.5   1.998
117.6   1.998
117.7   1.998
117.8   1.998
117.9   1.998
118   1.998
118.1   1.998
118.2   1.998
118.3   1.998
118.4   1.998
118.5   1.998
118.6   1.998
118.7   1.998
118.8   1.998
118.9   1.998
119   1.998
119.1   1.998
119.2   1.998
119.3   1.998
119.4   1.998
119.5   1.998
119.6   1.998
119.7   1.998
119.8   1.998
119.9   1.998
120   1.998
120.1   1.998
120.2   1.998
120.3   1.998
120.4   1.998
120.5   1.998
120.6   1.998
120.7   1.998
120.8   1.998
120.9   1.997
121   1.997
121.1   1.997
121.2   1.997
121.3   1.997
121.4   1.997
121.5   1.997
121.6   1.997
121.7   1.997
121.8   1.997
121.9   1.997
122   1.997
122.1   1.997
122.2   1.997
122.3   1.997
122.4   1.997
122.5   1.997
122.6   1.997
122.7   1.997
122.8   1.997
122.9   1.997
123   1.997
123.1   1.997
123.2   1.997
123.3   1.997
123.4   1.997
123.5   1.997
123.6   1.997
123.7   1.997
123.8   1.997
123.9   1.997
124   1.997
124.1   1.997
124.2   1.997
124.3   1.997
124.4   1.997
124.5   1.997
124.6   1.997
124.7   1.997
124.8   1.997
124.9   1.997
125   1.997
125.1   1.997
125.2   1.997
125.3   1.997
125.4   1.997
125.5   1.997
125.6   1.997
125.7   1.997
125.8   1.997
125.9   1.997
126   1.997
126.1   1.997
126.2   1.997
126.3   1.997
126.4   1.997
126.5   1.997
126.6   1.997
126.7   1.997
126.8   1.997
126.9   1.997
127   1.997
127.1   1.997
127.2   1.997
127.3   1.997
127.4   1.997
127.5   1.997
127.6   1.997
127.7   1.997
127.8   1.997
127.9   1.997
128   1.997
128.1   1.997
128.2   1.997
128.3   1.997
128.4   1.997
128.5   1.997
128.6   1.997
128.7   1.997
128.8   1.997
128.9   1.997
129   1.997
129.1   1.997
129.2   1.997
129.3   1.997
129.4   1.997
129.5   1.997
129.6   1.997
129.7   1.997
129.8   1.997
129.9   1.997
130   1.997
130.1   1.997
130.2   1.997
130.3   1.997
130.4   1.997
130.5   1.997
130.6   1.997
130.7   1.997
130.8   1.997
130.9   1.997
131   1.997
131.1   1.997
131.2   1.997
131.3   1.997
131.4   1.997
131.5   1.997
131.6   1.997
131.7   1.997
131.8   1.997
131.9   1.997
132   1.997
132.1   1.997
132.2   1.997
132.3   1.997
132.4   1.997
132.5   1.997
132.6   1.997
132.7   1.997
132.8   1.997
132.9   1.997
133   1.997
133.1   1.997
133.2   1.997
133.3   1.997
133.4   1.997
133.5   1.997
133.6   1.997
133.7   1.997
133.8   1.997
133.9   1.997
134   1.997
134.1   1.997
134.2   1.997
134.3   1.997
134.4   1.997
134.5   1.997
134.6   1.997
134.7   1.997
134.8   1.997
134.9   1.997
135   1.997
135.1   1.997
135.2   1.997
135.3   1.997
135.4   1.997
135.5   1.997
135.6   1.997
135.7   1.997
135.8   1.997
135.9   1.997
136   1.997
136.1   1.997
136.2   1.997
136.3   1.997
136.4   1.997
136.5   1.997
136.6   1.997
136.7   1.997
136.8   1.997
136.9   1.997
137   1.997
137.1   1.997
137.2   1.997
137.3   1.997
137.4   1.997
137.5   1.997
137.6   1.997
137.7   1.997
137.8   1.997
137.9   1.997
138   1.997
138.1   1.997
138.2   1.997
138.3   1.997
138.4   1.997
138.5   1.997
138.6   1.997
138.7   1.997
138.8   1.997
138.9   1.997
139   1.997
139.1   1.997
139.2   1.997
139.3   1.997
139.4   1.997
139.5   1.997
139.6   1.997
139.7   1.997
139.8   1.997
139.9   1.997
140   1.997
140.1   1.997
140.2   1.997
140.3   1.997
140.4   1.997
140.5   1.997
140.6   1.997
140.7   1.997
140.8   1.997
140.9   1.997
141   1.997
141.1   1.997
141.2   1.997
141.3   1.997
141.4   1.997
141.5   1.997
141.6   1.997
141.7   1.997
141.8   1.997
141.9   1.997
142   1.997
142.1   1.997
142.2   1.997
142.3   1.997
142.4   1.997
142.5   1.997
142.6   1.997
142.7   1.997
142.8   1.997
142.9   1.997
143   1.997
143.1   1.997
143.2   1.997
143.3   1.997
143.4   1.997
143.5   1.997
143.6   1.997
143.7   1.997
143.8   1.997
143.9   1.997
144   1.997
144.1   1.997
144.2   1.997
144.3   1.997
144.4   1.997
144.5   1.997
144.6   1.997
144.7   1.997
144.8   1.997
144.9   1.997
145   1.997
145.1   1.997
145.2   1.997
145.3   1.997
145.4   1.997
145.5   1.997
145.6   1.997
145.7   1.997
145.8   1.997
145.9   1.997
146   1.997
146.1   1.997
146.2   1.997
146.3   1.997
146.4   1.997
146.5   1.997
146.6   1.997
146.7   1.997
146.8   1.997
146.9   1.997
147   1.997
147.1   1.997
147.2   1.997
147.3   1.997
147.4   1.997
147.5   1.997
147.6   1.997
147.7   1.997
147.8   1.997
147.9   1.997
148   1.997
148.1   1.997
148.2   1.997
148.3   1.997
148.4   1.997
148.5   1.997
148.6   1.997
148.7   1.997
148.8   1.997
148.9   1.997
149   1.997
149.1   1.997
149.2   1.997
149.3   1.997
149.4   1.997
149.5   1.997
149.6   1.997
149.7   1.997
149.8   1.997
149.9   1.997
150   1.997
150.1   1.997
150.2   1.997
150.3   1.997
150.4   1.997
150.5   1.997
150.6   1.997
150.7   1.997
150.8   1.997
150.9   1.997
151   1.997
151.1   1.997
151.2   1.997
151.3   1.997
151.4   1.997
151.5   1.997
151.6   1.997
151.7   1.997
151.8   1.997
151.9   1.997
152   1.997
152.1   1.997
152.2   1.997
152.3   1.997
152.4   1.997
152.5   1.997
152.6   1.997
152.7   1.997
152.8   1.997
152.9   1.997
153   1.997
153.1   1.997
153.2   1.997
153.3   1.997
153.4   1.997
153.5   1.997
153.6   1.997
153.7   1.997
153.8   1.997
153.9   1.997
154   1.997
154.1   1.997
154.2   1.997
154.3   1.997
154.4   1.997
154.5   1.997
154.6   1.997
154.7   1.997
154.8   1.997
154.9   1.997
155   1.997
155.1   1.997
155.2   1.997
155.3   1.997
155.4   1.997
155.5   1.997
155.6   1.997
155.7   1.997
155.8   1.997
155.9   1.997
156   1.997
156.1   1.997
156.2   1.997
156.3   1.997
156.4   1.997
156.5   1.997
156.6   1.997
156.7   1.997
156.8   1.997
156.9   1.997
157   1.997
157.1   1.997
157.2   1.997
157.3   1.997
157.4   1.997
157.5   1.997
157.6   1.997
157.7   1.997
157.8   1.997
157.9   1.997
158   1.997
158.1   1.997
158.2   1.997
158.3   1.997
158.4   1.997
158.5   1.997
158.6   1.997
158.7   1.997
158.8   1.997
158.9   1.997
159   1.997
159.1   1.997
159.2   1.997
159.3   1.997
159.4   1.997
159.5   1.997
159.6   1.997
159.7   1.997
159.8   1.997
159.9   1.997
160   1.997
160.1   1.997
160.2   1.997
160.3   1.997
160.4   1.997
160.5   1.997
160.6   1.997
160.7   1.997
160.8   1.997
160.9   1.997
161   1.997
161.1   1.997
161.2   1.997
161.3   1.997
161.4   1.997
161.5   1.997
161.6   1.997
161.7   1.997
161.8   1.997
161.9   1.997
162   1.997
162.1   1.997
162.2   1.997
162.3   1.997
162.4   1.997
162.5   1.997
162.6   1.997
162.7   1.997
162.8   1.997
162.9   1.997
163   1.997
163.1   1.997
163.2   1.997
163.3   1.997
163.4   1.997
163.5   1.997
163.6   1.997
163.7   1.997
163.8   1.997
163.9   1.997
164   1.997
164.1   1.997
164.2   1.997
164.3   1.997
164.4   1.997
164.5   1.997
164.6   1.997
164.7   1.997
164.8   1.997
164.9   1.997
165   1.997
165.1   1.997
165.2   1.997
165.3   1.997
165.4   1.997
165.5   1.997
165.6   1.997
165.7   1.997
165.8   1.997
165.9   1.997
166   1.997
166.1   1.997
166.2   1.997
166.3   1.997
166.4   1.997
166.5   1.997
166.6   1.997
166.7   1.997
166.8   1.997
166.9   1.997
167   1.997
167.1   1.997
167.2   1.997
167.3   1.997
167.4   1.997
167.5   1.997
167.6   1.997
167.7   1.997
167.8   1.997
167.9   1.997
168   1.997
168.1   1.997
168.2   1.997
168.3   1.997
168.4   1.997
168.5   1.997
168.6   1.997
168.7   1.997
168.8   1.997
168.9   1.997
169   1.997
169.1   1.997
169.2   1.997
169.3   1.997
169.4   1.997
169.5   1.997
169.6   1.997
169.7   1.997
169.8   1.997
169.9   1.997
170   1.997
170.1   1.997
170.2   1.997
170.3   1.997
170.4   1.997
170.5   1.997
170.6   1.997
170.7   1.997
170.8   1.997
170.9   1.997
171   1.997
171.1   1.997
171.2   1.997
171.3   1.997
171.4   1.997
171.5   1.997
171.6   1.997
171.7   1.997
171.8   1.997
171.9   1.997
172   1.997
172.1   1.997
172.2   1.997
172.3   1.997
172.4   1.997
172.5   1.997
172.6   1.997
172.7   1.997
172.8   1.997
172.9   1.997
173   1.997
173.1   1.997
173.2   1.997
173.3   1.997
173.4   1.997
173.5   1.997
173.6   1.997
173.7   1.997
173.8   1.997
173.9   1.997
174   1.997
174.1   1.997
174.2   1.997
174.3   1.997
174.4   1.997
174.5   1.997
174.6   1.997
174.7   1.997
174.8   1.997
174.9   1.997
175   1.997
175.1   1.997
175.2   1.997
175.3   1.997
175.4   1.997
175.5   1.997
175.6   1.997
175.7   1.997
175.8   1.997
175.9   1.997
176   1.997
176.1   1.997
176.2   1.997
176.3   1.997
176.4   1.997
176.5   1.997
176.6   1.997
176.7   1.997
176.8   1.997
176.9   1.997
177   1.997
177.1   1.997
177.2   1.997
177.3   1.997
177.4   1.997
177.5   1.997
177.6   1.997
177.7   1.997
177.8   1.997
177.9   1.997
178   1.997
178.1   1.997
178.2   1.997
178.3   1.997
178.4   1.997
178.5   1.997
178.6   1.997
178.7   1.997
178.8   1.997
178.9   1.997
179   1.997
179.1   1.997
179.2   1.997
179.3   1.997
179.4   1.997
179.5   1.997
179.6   1.997
179.7   1.997
179.8   1.997
179.9   1.997
180   1.997
180.1   1.997
180.2   1.997
180.3   1.997
180.4   1.997
180.5   1.997
180.6   1.997
180.7   1.997
180.8   1.997
180.9   1.997
181   1.997
181.1   1.997
181.2   1.997
181.3   1.997
181.4   1.997
181.5   1.997
181.6   1.997
181.7   1.997
181.8   1.997
181.9   1.997
182   1.997
182.1   1.997
182.2   1.997
182.3   1.997
182.4   1.997
182.5   1.997
182.6   1.997
182.7   1.997
182.8   1.997
182.9   1.997
183   1.997
183.1   1.997
183.2   1.997
183.3   1.997
183.4   1.997
183.5   1.997
183.6   1.997
183.7   1.997
183.8   1.997
183.9   1.997
184   1.997
184.1   1.997
184.2   1.997
184.3   1.997
184.4   1.997
184.5   1.997
184.6   1.997
184.7   1.997
184.8   1.997
184.9   1.997
185   1.997
185.1   1.997
185.2   1.997
185.3   1.997
185.4   1.997
185.5   1.997
185.6   1.997
185.7   1.997
185.8   1.997
185.9   1.997
186   1.997
186.1   1.997
186.2   1.997
186.3   1.997
186.4   1.997
186.5   1.997
186.6   1.997
186.7   1.997
186.8   1.997
186.9   1.997
187   1.997
187.1   1.997
187.2   1.997
187.3   1.997
187.4   1.997
187.5   1.997
187.6   1.997
187.7   1.997
187.8   1.997
187.9   1.997
188   1.997
188.1   1.997
188.2   1.997
188.3   1.997
188.4   1.997
188.5   1.997
188.6   1.997
188.7   1.997
188.8   1.997
188.9   1.997
189   1.997
189.1   1.997
189.2   1.997
189.3   1.997
189.4   1.997
189.5   1.997
189.6   1.997
189.7   1.997
189.8   1.997
189.9   1.997
190   1.997
190.1   1.997
190.2   1.997
190.3   1.997
190.4   1.997
190.5   1.997
190.6   1.997
190.7   1.997
190.8   1.997
190.9   1.997
191   1.997
191.1   1.997
191.2   1.997
191.3   1.997
191.4   1.997
191.5   1.997
191.6   1.997
191.7   1.997
191.8   1.997
191.9   1.997
192   1.997
192.1   1.997
192.2   1.997
192.3   1.997
192.4   1.997
192.5   1.997
192.6   1.997
192.7   1.997
192.8   1.997
192.9   1.997
193   1.997
193.1   1.997
193.2   1.997
193.3   1.997
193.4   1.997
193.5   1.997
193.6   1.997
193.7   1.997
193.8   1.997
193.9   1.997
194   1.997
194.1   1.997
194.2   1.997
194.3   1.997
194.4   1.997
194.5   1.997
194.6   1.997
194.7   1.997
194.8   1.997
194.9   1.997
195   1.997
195.1   1.997
195.2   1.997
195.3   1.997
195.4   1.997
195.5   1.997
195.6   1.997
195.7   1.997
195.8   1.997
195.9   1.997
196   1.997
196.1   1.997
196.2   1.997
196.3   1.997
196.4   1.997
196.5   1.997
196.6   1.997
196.7   1.997
196.8   1.997
196.9   1.997
197   1.997
197.1   1.997
197.2   1.997
197.3   1.997
197.4   1.997
197.5   1.997
197.6   1.997
197.7   1.997
197.8   1.997
197.9   1.997
198   1.997
198.1   1.997
198.2   1.997
198.3   1.997
198.4   1.997
198.5   1.997
198.6   1.997
198.7   1.997
198.8   1.997
198.9   1.997
199   1.997
199.1   1.997
199.2   1.997
199.3   1.997
199.4   1.997
199.5   1.997
199.6   1.997
199.7   1.997
199.8   1.997
199.9   1.997
200   1.997
200.1   1.997
200.2   1.997
200.3   1.997
200.4   1.997
200.5   1.997
200.6   1.997
200.7   1.997
200.8   1.997
200.9   1.997
201   1.997
201.1   1.997
201.2   1.997
201.3   1.997
201.4   1.997
201.5   1.997
201.6   1.997
201.7   1.997
201.8   1.997
201.9   1.997
202   1.997
202.1   1.997
202.2   1.997
202.3   1.997
202.4   1.997
202.5   1.997
202.6   1.997
202.7   1.997
202.8   1.997
202.9   1.997
203   1.997
203.1   1.997
203.2   1.997
203.3   1.997
203.4   1.997
203.5   1.997
203.6   1.997
203.7   1.997
203.8   1.997
203.9   1.997
204   1.997
204.1   1.997
204.2   1.997
204.3   1.997
204.4   1.997
204.5   1.997
204.6   1.997
204.7   1.997
204.8   1.997
204.9   1.997
205   1.997
205.1   1.997
205.2   1.997
205.3   1.997
205.4   1.997
205.5   1.997
205.6   1.997
205.7   1.997
205.8   1.997
205.9   1.997
206   1.997
206.1   1.997
206.2   1.997
206.3   1.997
206.4   1.997
206.5   1.997
206.6   1.997
206.7   1.997
206.8   1.997
206.9   1.997
207   1.997
207.1   1.997
207.2   1.997
207.3   1.997
207.4   1.997
207.5   1.997
207.6   1.997
207.7   1.997
207.8   1.997
207.9   1.997
208   1.997
208.1   1.997
208.2   1.997
208.3   1.997
208.4   1.997
208.5   1.997
208.6   1.997
208.7   1.997
208.8   1.997
208.9   1.997
209   1.997
209.1   1.997
209.2   1.997
209.3   1.997
209.4   1.997
209.5   1.997
209.6   1.997
209.7   1.997
209.8   1.997
209.9   1.997
210   1.997
210.1   1.997
210.2   1.997
210.3   1.997
210.4   1.997
210.5   1.997
210.6   1.997
210.7   1.997
210.8   1.997
210.9   1.997
211   1.997
211.1   1.997
211.2   1.997
211.3   1.997
211.4   1.997
211.5   1.997
211.6   1.997
211.7   1.997
211.8   1.997
211.9   1.997
212   1.997
212.1   1.997
212.2   1.997
212.3   1.997
212.4   1.997
212.5   1.997
212.6   1.997
212.7   1.997
212.8   1.997
212.9   1.997
213   1.997
213.1   1.997
213.2   1.997
213.3   1.997
213.4   1.997
213.5   1.997
213.6   1.997
213.7   1.997
213.8   1.997
213.9   1.997
214   1.997
214.1   1.997
214.2   1.997
214.3   1.997
214.4   1.997
214.5   1.997
214.6   1.997
214.7   1.997
214.8   1.997
214.9   1.997
215   1.997
215.1   1.997
215.2   1.997
215.3   1.997
215.4   1.997
215.5   1.997
215.6   1.997
215.7   1.997
215.8   1.997
215.9   1.997
216   1.997
216.1   1.997
216.2   1.997
216.3   1.997
216.4   1.997
216.5   1.997
216.6   1.997
216.7   1.997
216.8   1.997
216.9   1.997
217   1.997
217.1   1.997
217.2   1.997
217.3   1.997
217.4   1.997
217.5   1.997
217.6   1.997
217.7   1.997
217.8   1.997
217.9   1.997
218   1.997
218.1   1.997
218.2   1.997
218.3   1.997
218.4   1.997
218.5   1.997
218.6   1.997
218.7   1.997
218.8   1.997
218.9   1.997
219   1.997
219.1   1.997
219.2   1.997
219.3   1.997
219.4   1.997
219.5   1.997
219.6   1.997
219.7   1.997
219.8   1.997
219.9   1.997
220   1.997
220.1   1.997
220.2   1.997
220.3   1.997
220.4   1.997
220.5   1.997
220.6   1.997
220.7   1.997
220.8   1.997
220.9   1.997
221   1.997
221.1   1.997
221.2   1.997
221.3   1.997
221.4   1.997
221.5   1.997
221.6   1.997
221.7   1.997
221.8   1.997
221.9   1.997
222   1.997
222.1   1.997
222.2   1.997
222.3   1.997
222.4   1.997
222.5   1.997
222.6   1.997
222.7   1.997
222.8   1.997
222.9   1.997
223   1.997
223.1   1.997
223.2   1.997
223.3   1.997
223.4   1.997
223.5   1.997
223.6   1.997
223.7   1.997
223.8   1.997
223.9   1.997
224   1.997
224.1   1.997
224.2   1.997
224.3   1.997
224.4   1.997
224.5   1.997
224.6   1.997
224.7   1.997
224.8   1.997
224.9   1.997
225   1.997
225.1   1.997
225.2   1.997
225.3   1.997
225.4   1.997
225.5   1.997
225.6   1.997
225.7   1.997
225.8   1.997
225.9   1.997
226   1.997
226.1   1.997
226.2   1.997
226.3   1.997
226.4   1.997
226.5   1.997
226.6   1.997
226.7   1.997
226.8   1.997
226.9   1.997
227   1.997
227.1   1.997
227.2   1.997
227.3   1.997
227.4   1.997
227.5   1.997
227.6   1.997
227.7   1.997
227.8   1.997
227.9   1.997
228   1.997
228.1   1.997
228.2   1.997
228.3   1.997
228.4   1.997
228.5   1.997
228.6   1.997
228.7   1.997
228.8   1.997
228.9   1.997
229   1.997
229.1   1.997
229.2   1.997
229.3   1.997
229.4   1.997
229.5   1.997
229.6   1.997
229.7   1.997
229.8   1.997
229.9   1.997
230   1.997
230.1   1.997
230.2   1.998
230.3   1.998
230.4   1.997
230.5   1.998
230.6   1.997
230.7   1.998
230.8   1.998
230.9   1.998
231   1.998
231.1   1.998
231.2   1.998
231.3   1.997
231.4   1.998
231.5   1.998
231.6   1.998
231.7   1.997
231.8   1.997
231.9   1.998
232   1.998
232.1   1.998
232.2   1.998
232.3   1.997
232.4   1.998
232.5   1.998
232.6   1.998
232.7   1.998
232.8   1.998
232.9   1.997
233   1.997
233.1   1.998
233.2   1.998
233.3   1.998
233.4   1.998
233.5   1.998
233.6   1.998
233.7   1.998
233.8   1.998
233.9   1.998
234   1.998
234.1   1.998
234.2   1.998
234.3   1.998
234.4   1.998
234.5   1.998
234.6   1.997
234.7   1.997
234.8   1.997
234.9   1.998
235   1.998
235.1   1.997
235.2   1.997
235.3   1.997
235.4   1.997
235.5   1.997
235.6   1.997
235.7   1.997
235.8   1.997
235.9   1.997
236   1.997
236.1   1.997
236.2   1.997
236.3   1.997
236.4   1.997
236.5   1.997
236.6   1.997
236.7   1.997
236.8   1.997
236.9   1.997
237   1.997
237.1   1.997
237.2   1.997
237.3   1.997
237.4   1.997
237.5   1.997
237.6   1.997
237.7   1.997
237.8   1.997
237.9   1.997
238   1.997
238.1   1.997
238.2   1.997
238.3   1.997
238.4   1.997
238.5   1.997
238.6   1.997
238.7   1.997
238.8   1.997
238.9   1.997
239   1.997
239.1   1.997
239.2   1.997
239.3   1.997
239.4   1.997
239.5   1.997
239.6   1.997
239.7   1.997
239.8   1.997
239.9   1.997
240   1.997
240.1   1.997
240.2   1.997
240.3   1.997
240.4   1.997
240.5   1.997
240.6   1.997
240.7   1.997
240.8   1.997
240.9   1.997
241   1.997
241.1   1.997
241.2   1.997
241.3   1.997
241.4   1.997
241.5   1.997
241.6   1.997
241.7   1.997
241.8   1.997
241.9   1.997
242   1.997
242.1   1.997
242.2   1.997
242.3   1.997
242.4   1.997
242.5   1.997
242.6   1.997
242.7   1.997
242.8   1.997
242.9   1.997
243   1.997
243.1   1.997
243.2   1.997
243.3   1.997
243.4   1.997
243.5   1.997
243.6   1.997
243.7   1.997
243.8   1.997
243.9   1.997
244   1.997
244.1   1.997
244.2   1.997
244.3   1.997
244.4   1.997
244.5   1.997
244.6   1.997
244.7   1.997
244.8   1.997
244.9   1.997
245   1.997
245.1   1.997
245.2   1.997
245.3   1.997
245.4   1.997
245.5   1.997
245.6   1.997
245.7   1.997
245.8   1.997
245.9   1.997
246   1.997
246.1   1.997
246.2   1.997
246.3   1.997
246.4   1.997
246.5   1.997
246.6   1.997
246.7   1.997
246.8   1.997
246.9   1.997
247   1.997
247.1   1.997
247.2   1.997
247.3   1.997
247.4   1.997
247.5   1.997
247.6   1.997
247.7   1.997
247.8   1.997
247.9   1.997
248   1.997
248.1   1.997
248.2   1.997
248.3   1.997
248.4   1.997
248.5   1.997
248.6   1.997
248.7   1.997
248.8   1.997
248.9   1.997
249   1.997
249.1   1.997
249.2   1.997
249.3   1.997
249.4   1.997
249.5   1.997
249.6   1.997
249.7   1.997
249.8   1.997
249.9   1.997
250   1.997
250.1   1.997
250.2   1.997
250.3   1.997
250.4   1.997
250.5   1.997
250.6   1.997
250.7   1.997
250.8   1.997
250.9   1.997
251   1.997
251.1   1.997
251.2   1.997
251.3   1.997
251.4   1.997
251.5   1.997
251.6   1.997
251.7   1.997
251.8   1.997
251.9   1.997
252   1.997
252.1   1.997
252.2   1.997
252.3   1.997
252.4   1.997
252.5   1.997
252.6   1.997
252.7   1.997
252.8   1.997
252.9   1.997
253   1.997
253.1   1.997
253.2   1.997
253.3   1.997
253.4   1.997
253.5   1.997
253.6   1.997
253.7   1.997
253.8   1.997
253.9   1.997
254   1.997
254.1   1.997
254.2   1.997
254.3   1.997
254.4   1.997
254.5   1.997
254.6   1.997
254.7   1.997
254.8   1.997
254.9   1.997
255   1.997
255.1   1.997
255.2   1.997
255.3   1.997
255.4   1.997
255.5   1.997
255.6   1.997
255.7   1.997
255.8   1.997
255.9   1.997
256   1.997
256.1   1.997
256.2   1.997
256.3   1.997
256.4   1.997
256.5   1.997
256.6   1.997
256.7   1.997
256.8   1.997
256.9   1.997
257   1.997
257.1   1.997
257.2   1.997
257.3   1.997
257.4   1.997
257.5   1.997
257.6   1.997
257.7   1.997
257.8   1.997
257.9   1.997
258   1.997
258.1   1.997
258.2   1.997
258.3   1.997
258.4   1.997
258.5   1.997
258.6   1.997
258.7   1.997
258.8   1.997
258.9   1.997
259   1.997
259.1   1.997
259.2   1.997
259.3   1.997
259.4   1.997
259.5   1.997
259.6   1.997
259.7   1.997
259.8   1.997
259.9   1.997
260   1.997
260.1   1.997
260.2   1.997
260.3   1.997
260.4   1.997
260.5   1.997
260.6   1.997
260.7   1.997
260.8   1.997
260.9   1.997
261   1.997
261.1   1.997
261.2   1.997
261.3   1.997
261.4   1.997
261.5   1.997
261.6   1.997
261.7   1.997
261.8   1.997
261.9   1.997
262   1.997
262.1   1.997
262.2   1.997
262.3   1.997
262.4   1.997
262.5   1.997
262.6   1.997
262.7   1.997
262.8   1.997
262.9   1.997
263   1.997
263.1   1.997
263.2   1.997
263.3   1.997
263.4   1.997
263.5   1.997
263.6   1.997
263.7   1.997
263.8   1.997
263.9   1.997
264   1.997
264.1   1.997
264.2   1.997
264.3   1.997
264.4   1.997
264.5   1.997
264.6   1.997
264.7   1.997
264.8   1.997
264.9   1.997
265   1.997
265.1   1.997
265.2   1.997
265.3   1.997
265.4   1.997
265.5   1.997
265.6   1.997
265.7   1.997
265.8   1.997
265.9   1.997
266   1.997
266.1   1.997
266.2   1.997
266.3   1.997
266.4   1.997
266.5   1.997
266.6   1.997
266.7   1.997
266.8   1.997
266.9   1.997
267   1.997
267.1   1.997
267.2   1.997
267.3   1.997
267.4   1.997
267.5   1.997
267.6   1.997
267.7   1.997
267.8   1.997
267.9   1.997
268   1.997
268.1   1.997
268.2   1.997
268.3   1.997
268.4   1.997
268.5   1.997
268.6   1.997
268.7   1.997
268.8   1.997
268.9   1.997
269   1.997
269.1   1.997
269.2   1.997
269.3   1.997
269.4   1.997
269.5   1.997
269.6   1.997
269.7   1.997
269.8   1.997
269.9   1.997
270   1.997
270.1   1.997
270.2   1.997
270.3   1.997
270.4   1.997
270.5   1.997
270.6   1.997
270.7   1.997
270.8   1.997
270.9   1.997
271   1.997
271.1   1.997
271.2   1.997
271.3   1.997
271.4   1.997
271.5   1.997
271.6   1.997
271.7   1.997
271.8   1.997
271.9   1.997
272   1.997
272.1   1.997
272.2   1.997
272.3   1.997
272.4   1.997
272.5   1.997
272.6   1.997
272.7   1.997
272.8   1.997
272.9   1.997
273   1.997
273.1   1.997
273.2   1.997
273.3   1.997
273.4   1.997
273.5   1.997
273.6   1.997
273.7   1.997
273.8   1.997
273.9   1.997
274   1.997
274.1   1.997
274.2   1.997
274.3   1.997
274.4   1.997
274.5   1.997
274.6   1.997
274.7   1.997
274.8   1.997
274.9   1.997
275   1.997
275.1   1.997
275.2   1.997
275.3   1.997
275.4   1.997
275.5   1.997
275.6   1.997
275.7   1.997
275.8   1.997
275.9   1.997
276   1.997
276.1   1.997
276.2   1.997
276.3   1.997
276.4   1.997
276.5   1.997
276.6   1.997
276.7   1.997
276.8   1.997
276.9   1.997
277   1.997
277.1   1.997
277.2   1.997
277.3   1.997
277.4   1.997
277.5   1.997
277.6   1.997
277.7   1.997
277.8   1.997
277.9   1.997
278   1.997
278.1   1.997
278.2   1.997
278.3   1.997
278.4   1.997
278.5   1.997
278.6   1.997
278.7   1.997
278.8   1.997
278.9   1.997
279   1.997
279.1   1.997
279.2   1.997
279.3   1.997
279.4   1.997
279.5   1.997
279.6   1.997
279.7   1.997
279.8   1.997
279.9   1.997
280   1.997
280.1   1.997
280.2   1.997
280.3   1.997
280.4   1.997
280.5   1.997
280.6   1.997
280.7   1.997
280.8   1.997
280.9   1.997
281   1.997
281.1   1.997
281.2   1.997
281.3   1.997
281.4   1.997
281.5   1.997
281.6   1.997
281.7   1.997
281.8   1.997
281.9   1.997
282   1.997
282.1   1.997
282.2   1.997
282.3   1.997
282.4   1.997
282.5   1.997
282.6   1.997
282.7   1.997
282.8   1.997
282.9   1.997
283   1.997
283.1   1.997
283.2   1.997
283.3   1.997
283.4   1.997
283.5   1.997
283.6   1.997
283.7   1.997
283.8   1.997
283.9   1.997
284   1.997
284.1   1.997
284.2   1.997
284.3   1.997
284.4   1.997
284.5   1.997
284.6   1.997
284.7   1.997
284.8   1.997
284.9   1.997
285   1.997
285.1   1.997
285.2   1.997
285.3   1.997
285.4   1.997
285.5   1.997
285.6   1.997
285.7   1.997
285.8   1.997
285.9   1.997
286   1.997
286.1   1.997
286.2   1.997
286.3   1.997
286.4   1.997
286.5   1.997
286.6   1.997
286.7   1.997
286.8   1.997
286.9   1.997
287   1.997
287.1   1.997
287.2   1.997
287.3   1.997
287.4   1.997
287.5   1.997
287.6   1.997
287.7   1.997
287.8   1.997
287.9   1.997
288   1.997
288.1   1.997
288.2   1.997
288.3   1.997
288.4   1.997
288.5   1.997
288.6   1.997
288.7   1.997
288.8   1.997
288.9   1.997
289   1.997
289.1   1.997
289.2   1.997
289.3   1.997
289.4   1.997
289.5   1.997
289.6   1.997
289.7   1.997
289.8   1.997
289.9   1.997
290   1.997
290.1   1.997
290.2   1.997
290.3   1.997
290.4   1.997
290.5   1.997
290.6   1.997
290.7   1.997
290.8   1.997
290.9   1.997
291   1.997
291.1   1.997
291.2   1.997
291.3   1.997
291.4   1.997
291.5   1.997
291.6   1.997
291.7   1.997
291.8   1.997
291.9   1.997
292   1.997
292.1   1.997
292.2   1.997
292.3   1.997
292.4   1.997
292.5   1.997
292.6   1.997
292.7   1.997
292.8   1.997
292.9   1.997
293   1.997
293.1   1.997
293.2   1.997
293.3   1.997
293.4   1.997
293.5   1.997
293.6   1.997
293.7   1.997
293.8   1.997
293.9   1.997
294   1.997
294.1   1.997
294.2   1.997
294.3   1.997
294.4   1.997
294.5   1.997
294.6   1.997
294.7   1.997
294.8   1.997
294.9   1.997
295   1.997
295.1   1.997
295.2   1.997
295.3   1.997
295.4   1.997
295.5   1.997
295.6   1.997
295.7   1.997
295.8   1.997
295.9   1.997
296   1.997
296.1   1.997
296.2   1.997
296.3   1.997
296.4   1.997
296.5   1.997
296.6   1.997
296.7   1.997
296.8   1.997
296.9   1.997
297   1.997
297.1   1.997
297.2   1.997
297.3   1.997
297.4   1.997
297.5   1.997
297.6   1.997
297.7   1.997
297.8   1.997
297.9   1.997
298   1.997
298.1   1.997
298.2   1.997
298.3   1.997
298.4   1.997
298.5   1.997
298.6   1.997
298.7   1.997
298.8   1.997
298.9   1.997
299   1.997
299.1   1.997
299.2   1.997
299.3   1.997
299.4   1.997
299.5   1.997
299.6   1.997
299.7   1.997
299.8   1.997
299.9   1.997
300   1.997
300.1   1.997
300.2   1.997
300.3   1.997
300.4   1.997
300.5   1.997
300.6   1.997
300.7   1.997
300.8   1.997
300.9   1.997
301   1.997
301.1   1.997
301.2   1.997
301.3   1.997
301.4   1.997
301.5   1.997
301.6   1.997
301.7   1.997
301.8   1.997
301.9   1.997
302   1.997
302.1   1.997
302.2   1.997
302.3   1.997
302.4   1.997
302.5   1.997
302.6   1.997
302.7   1.997
302.8   1.997
302.9   1.997
303   1.997
303.1   1.997
303.2   1.997
303.3   1.997
303.4   1.997
303.5   1.997
303.6   1.997
303.7   1.997
303.8   1.997
303.9   1.997
304   1.997
304.1   1.997
304.2   1.997
304.3   1.997
304.4   1.997
304.5   1.997
304.6   1.997
304.7   1.997
304.8   1.997
304.9   1.997
305   1.997
305.1   1.997
305.2   1.997
305.3   1.997
305.4   1.997
305.5   1.997
305.6   1.997
305.7   1.997
305.8   1.997
305.9   1.997
306   1.997
306.1   1.997
306.2   1.997
306.3   1.997
306.4   1.997
306.5   1.997
306.6   1.997
306.7   1.997
306.8   1.997
306.9   1.997
307   1.997
307.1   1.997
307.2   1.997
307.3   1.997
307.4   1.997
307.5   1.997
307.6   1.997
307.7   1.997
307.8   1.997
307.9   1.997
308   1.997
308.1   1.997
308.2   1.997
308.3   1.997
308.4   1.997
308.5   1.997
308.6   1.997
308.7   1.997
308.8   1.997
308.9   1.997
309   1.997
309.1   1.997
309.2   1.997
309.3   1.997
309.4   1.997
309.5   1.997
309.6   1.997
309.7   1.997
309.8   1.997
309.9   1.997
310   1.997
310.1   1.997
310.2   1.997
310.3   1.997
310.4   1.997
310.5   1.997
310.6   1.997
310.7   1.997
310.8   1.997
310.9   1.997
311   1.997
311.1   1.997
311.2   1.997
311.3   1.997
311.4   1.997
311.5   1.997
311.6   1.997
311.7   1.997
311.8   1.997
311.9   1.997
312   1.997
312.1   1.997
312.2   1.997
312.3   1.997
312.4   1.997
312.5   1.997
312.6   1.997
312.7   1.997
312.8   1.997
312.9   1.997
313   1.997
313.1   1.997
313.2   1.997
313.3   1.997
313.4   1.997
313.5   1.997
313.6   1.997
313.7   1.997
313.8   1.997
313.9   1.997
314   1.997
314.1   1.997
314.2   1.997
314.3   1.997
314.4   1.997
314.5   1.997
314.6   1.997
314.7   1.997
314.8   1.997
314.9   1.997
315   1.997
315.1   1.997
315.2   1.997
315.3   1.997
315.4   1.997
315.5   1.997
315.6   1.997
315.7   1.997
315.8   1.997
315.9   1.997
316   1.997
316.1   1.997
316.2   1.997
316.3   1.997
316.4   1.997
316.5   1.997
316.6   1.997
316.7   1.997
316.8   1.997
316.9   1.997
317   1.997
317.1   1.997
317.2   1.997
317.3   1.997
317.4   1.997
317.5   1.997
317.6   1.997
317.7   1.997
317.8   1.997
317.9   1.997
318   1.997
318.1   1.997
318.2   1.997
318.3   1.997
318.4   1.997
318.5   1.997
318.6   1.997
318.7   1.997
318.8   1.997
318.9   1.997
319   1.997
319.1   1.997
319.2   1.997
319.3   1.997
319.4   1.997
319.5   1.997
319.6   1.997
319.7   1.997
319.8   1.997
319.9   1.997
320   1.997
320.1   1.997
320.2   1.997
320.3   1.997
320.4   1.997
320.5   1.997
320.6   1.997
320.7   1.997
320.8   1.997
320.9   1.997
321   1.997
321.1   1.997
321.2   1.997
321.3   1.997
321.4   1.997
321.5   1.997
321.6   1.997
321.7   1.997
321.8   1.997
321.9   1.997
322   1.997
322.1   1.997
322.2   1.997
322.3   1.997
322.4   1.997
322.5   1.997
322.6   1.997
322.7   1.997
322.8   1.997
322.9   1.997
323   1.997
323.1   1.997
323.2   1.997
323.3   1.997
323.4   1.997
323.5   1.997
323.6   1.997
323.7   1.997
323.8   1.997
323.9   1.997
324   1.997
324.1   1.997
324.2   1.997
324.3   1.997
324.4   1.997
324.5   1.997
324.6   1.997
324.7   1.997
324.8   1.997
324.9   1.997
325   1.997
325.1   1.997
325.2   1.997
325.3   1.997
325.4   1.997
325.5   1.997
325.6   1.997
325.7   1.997
325.8   1.997
325.9   1.997
326   1.997
326.1   1.997
326.2   1.997
326.3   1.997
326.4   1.997
326.5   1.997
326.6   1.997
326.7   1.997
326.8   1.997
326.9   1.997
327   1.997
327.1   1.997
327.2   1.997
327.3   1.997
327.4   1.997
327.5   1.997
327.6   1.997
327.7   1.997
327.8   1.997
327.9   1.997
328   1.997
328.1   1.997
328.2   1.997
328.3   1.997
328.4   1.997
328.5   1.997
328.6   1.997
328.7   1.997
328.8   1.997
328.9   1.997
329   1.997
329.1   1.997
329.2   1.997
329.3   1.997
329.4   1.997
329.5   1.997
329.6   1.997
329.7   1.997
329.8   1.997
329.9   1.997
330   1.997
330.1   1.997
330.2   1.997
330.3   1.997
330.4   1.997
330.5   1.997
330.6   1.997
330.7   1.997
330.8   1.997
330.9   1.997
331   1.997
331.1   1.997
331.2   1.997
331.3   1.997
331.4   1.997
331.5   1.997
331.6   1.997
331.7   1.997
331.8   1.997
331.9   1.997
332   1.997
332.1   1.997
332.2   1.997
332.3   1.997
332.4   1.997
332.5   1.997
332.6   1.997
332.7   1.997
332.8   1.997
332.9   1.997
333   1.997
333.1   1.997
333.2   1.997
333.3   1.997
333.4   1.997
333.5   1.997
333.6   1.997
333.7   1.997
333.8   1.997
333.9   1.997
334   1.997
334.1   1.997
334.2   1.997
334.3   1.997
334.4   1.997
334.5   1.997
334.6   1.997
334.7   1.997
334.8   1.997
334.9   1.997
335   1.997
335.1   1.997
335.2   1.997
335.3   1.997
335.4   1.997
335.5   1.997
335.6   1.997
335.7   1.997
335.8   1.997
335.9   1.997
336   1.997
336.1   1.997
336.2   1.997
336.3   1.997
336.4   1.997
336.5   1.997
336.6   1.997
336.7   1.997
336.8   1.997
336.9   1.997
337   1.997
337.1   1.997
337.2   1.997
337.3   1.997
337.4   1.997
337.5   1.997
337.6   1.997
337.7   1.997
337.8   1.997
337.9   1.997
338   1.997
338.1   1.997
338.2   1.997
338.3   1.997
338.4   1.997
338.5   1.997
338.6   1.997
338.7   1.997
338.8   1.997
338.9   1.997
339   1.997
339.1   1.997
339.2   1.997
339.3   1.997
339.4   1.997
339.5   1.997
339.6   1.997
339.7   1.997
339.8   1.997
339.9   1.997
340   1.997
340.1   1.997
340.2   1.997
340.3   1.997
340.4   1.997
340.5   1.997
340.6   1.997
340.7   1.997
340.8   1.997
340.9   1.997
341   1.997
341.1   1.997
341.2   1.997
341.3   1.997
341.4   1.997
341.5   1.997
341.6   1.997
341.7   1.997
341.8   1.997
341.9   1.997
342   1.997
342.1   1.997
342.2   1.997
342.3   1.997
342.4   1.997
342.5   1.997
342.6   1.997
342.7   1.997
342.8   1.997
342.9   1.997
343   1.997
343.1   1.997
343.2   1.997
343.3   1.997
343.4   1.997
343.5   1.997
343.6   1.997
343.7   1.997
343.8   1.997
343.9   1.997
344   1.997
344.1   1.997
344.2   1.997
344.3   1.997
344.4   1.997
344.5   1.997
344.6   1.997
344.7   1.997
344.8   1.997
344.9   1.997
345   1.997
345.1   1.997
345.2   1.997
345.3   1.997
345.4   1.997
345.5   1.997
345.6   1.997
345.7   1.997
345.8   1.997
345.9   1.997
346   1.997
346.1   1.997
346.2   1.997
346.3   1.997
346.4   1.997
346.5   1.997
346.6   1.997
346.7   1.997
346.8   1.997
346.9   1.997
347   1.997
347.1   1.997
347.2   1.997
347.3   1.997
347.4   1.997
347.5   1.997
347.6   1.997
347.7   1.997
347.8   1.997
347.9   1.997
348   1.997
348.1   1.997
348.2   1.997
348.3   1.997
348.4   1.997
348.5   1.997
348.6   1.997
348.7   1.997
348.8   1.997
348.9   1.997
349   1.997
349.1   1.997
349.2   1.997
349.3   1.997
349.4   1.997
349.5   1.997
349.6   1.997
349.7   1.997
349.8   1.997
349.9   1.997
350   1.997
350.1   1.997
350.2   1.997
350.3   1.997
350.4   1.997
350.5   1.997
350.6   1.997
350.7   1.997
350.8   1.997
350.9   1.997
351   1.997
351.1   1.997
351.2   1.997
351.3   1.997
351.4   1.997
351.5   1.997
351.6   1.997
351.7   1.997
351.8   1.997
351.9   1.997
352   1.997
352.1   1.997
352.2   1.997
352.3   1.997
352.4   1.997
352.5   1.997
352.6   1.997
352.7   1.997
352.8   1.997
352.9   1.997
353   1.997
353.1   1.997
353.2   1.997
353.3   1.997
353.4   1.997
353.5   1.997
353.6   1.997
353.7   1.997
353.8   1.997
353.9   1.997
354   1.997
354.1   1.997
354.2   1.997
354.3   1.997
354.4   1.997
354.5   1.997
354.6   1.997
354.7   1.997
354.8   1.997
354.9   1.997
355   1.997
355.1   1.997
355.2   1.997
355.3   1.997
355.4   1.997
355.5   1.997
355.6   1.997
355.7   1.997
355.8   1.997
355.9   1.997
356   1.997
356.1   1.997
356.2   1.997
356.3   1.997
356.4   1.997
356.5   1.997
356.6   1.997
356.7   1.997
356.8   1.997
356.9   1.997
357   1.997
357.1   1.997
357.2   1.997
357.3   1.997
357.4   1.997
357.5   1.997
357.6   1.997
357.7   1.997
357.8   1.997
357.9   1.997
358   1.997
358.1   1.997
358.2   1.997
358.3   1.997
358.4   1.997
358.5   1.997
358.6   1.997
358.7   1.997
358.8   1.997
358.9   1.997
359   1.997
359.1   1.997
359.2   1.997
359.3   1.997
359.4   1.997
359.5   1.997
359.6   1.997
359.7   1.997
359.8   1.997
359.9   1.997
360   1.997
360.1   1.997
360.2   1.997
360.3   1.997
360.4   1.997
360.5   1.997
360.6   1.997
360.7   1.997
360.8   1.997
360.9   1.997
361   1.997
361.1   1.997
361.2   1.997
361.3   1.997
361.4   1.997
361.5   1.997
361.6   1.997
361.7   1.997
361.8   1.997
361.9   1.997
362   1.997
362.1   1.997
362.2   1.997
362.3   1.997
362.4   1.997
362.5   1.997
362.6   1.997
362.7   1.997
362.8   1.997
362.9   1.997
363   1.997
363.1   1.997
363.2   1.997
363.3   1.997
363.4   1.997
363.5   1.997
363.6   1.997
363.7   1.997
363.8   1.997
363.9   1.997
364   1.997
364.1   1.997
364.2   1.997
364.3   1.997
364.4   1.997
364.5   1.997
364.6   1.997
364.7   1.997
364.8   1.997
364.9   1.997
365   1.997
365.1   1.997
365.2   1.997
365.3   1.997
365.4   1.997
365.5   1.997
365.6   1.997
365.7   1.997
365.8   1.997
365.9   1.997
366   1.997
366.1   1.997
366.2   1.997
366.3   1.997
366.4   1.997
366.5   1.997
366.6   1.997
366.7   1.997
366.8   1.997
366.9   1.997
367   1.997
367.1   1.997
367.2   1.997
367.3   1.997
367.4   1.997
367.5   1.997
367.6   1.997
367.7   1.997
367.8   1.997
367.9   1.997
368   1.997
368.1   1.997
368.2   1.997
368.3   1.997
368.4   1.997
368.5   1.997
368.6   1.997
368.7   1.997
368.8   1.997
368.9   1.997
369   1.997
369.1   1.997
369.2   1.997
369.3   1.997
369.4   1.997
369.5   1.997
369.6   1.997
369.7   1.997
369.8   1.997
369.9   1.997
370   1.997
370.1   1.997
370.2   1.997
370.3   1.997
370.4   1.997
370.5   1.997
370.6   1.997
370.7   1.997
370.8   1.997
370.9   1.997
371   1.997
371.1   1.997
371.2   1.997
371.3   1.997
371.4   1.997
371.5   1.997
371.6   1.997
371.7   1.997
371.8   1.997
371.9   1.997
372   1.997
372.1   1.997
372.2   1.997
372.3   1.997
372.4   1.997
372.5   1.997
372.6   1.997
372.7   1.997
372.8   1.997
372.9   1.997
373   1.997
373.1   1.997
373.2   1.997
373.3   1.997
373.4   1.997
373.5   1.997
373.6   1.997
373.7   1.997
373.8   1.997
373.9   1.997
374   1.997
374.1   1.997
374.2   1.997
374.3   1.997
374.4   1.997
374.5   1.997
374.6   1.997
374.7   1.997
374.8   1.997
374.9   1.997
375   1.997
375.1   1.997
375.2   1.997
375.3   1.997
375.4   1.997
375.5   1.997
375.6   1.997
375.7   1.997
375.8   1.997
375.9   1.997
376   1.997
376.1   1.997
376.2   1.997
376.3   1.997
376.4   1.997
376.5   1.997
376.6   1.997
376.7   1.997
376.8   1.997
376.9   1.997
377   1.997
377.1   1.997
377.2   1.997
377.3   1.997
377.4   1.997
377.5   1.997
377.6   1.997
377.7   1.997
377.8   1.997
377.9   1.997
378   1.997
378.1   1.997
378.2   1.997
378.3   1.997
378.4   1.997
378.5   1.997
378.6   1.997
378.7   1.997
378.8   1.997
378.9   1.997
379   1.997
379.1   1.997
379.2   1.997
379.3   1.997
379.4   1.997
379.5   1.997
379.6   1.997
379.7   1.997
379.8   1.997
379.9   1.997
380   1.997
380.1   1.997
380.2   1.997
380.3   1.997
380.4   1.997
380.5   1.997
380.6   1.997
380.7   1.997
380.8   1.997
380.9   1.997
381   1.997
381.1   1.997
381.2   1.997
381.3   1.997
381.4   1.997
381.5   1.997
381.6   1.997
381.7   1.997
381.8   1.997
381.9   1.997
382   1.997
382.1   1.997
382.2   1.997
382.3   1.997
382.4   1.997
382.5   1.997
382.6   1.997
382.7   1.997
382.8   1.997
382.9   1.997
383   1.997
383.1   1.997
383.2   1.997
383.3   1.997
383.4   1.997
383.5   1.997
383.6   1.997
383.7   1.997
383.8   1.997
383.9   1.997
384   1.997
384.1   1.997
384.2   1.997
384.3   1.997
384.4   1.997
384.5   1.997
384.6   1.997
384.7   1.997
384.8   1.997
384.9   1.997
385   1.997
385.1   1.997
385.2   1.997
385.3   1.997
385.4   1.997
385.5   1.997
385.6   1.997
385.7   1.997
385.8   1.997
385.9   1.997
386   1.997
386.1   1.997
386.2   1.997
386.3   1.997
386.4   1.997
386.5   1.997
386.6   1.997
386.7   1.997
386.8   1.997
386.9   1.997
387   1.997
387.1   1.997
387.2   1.997
387.3   1.997
387.4   1.997
387.5   1.997
387.6   1.997
387.7   1.997
387.8   1.997
387.9   1.997
388   1.997
388.1   1.997
388.2   1.997
388.3   1.997
388.4   1.997
388.5   1.997
388.6   1.997
388.7   1.997
388.8   1.997
388.9   1.997
389   1.997
389.1   1.997
389.2   1.997
389.3   1.997
389.4   1.997
389.5   1.997
389.6   1.997
389.7   1.997
389.8   1.997
389.9   1.997
390   1.997
390.1   1.997
390.2   1.997
390.3   1.997
390.4   1.997
390.5   1.997
390.6   1.997
390.7   1.997
390.8   1.997
390.9   1.997
391   1.997
391.1   1.997
391.2   1.997
391.3   1.997
391.4   1.997
391.5   1.997
391.6   1.997
391.7   1.997
391.8   1.997
391.9   1.997
392   1.997
392.1   1.997
392.2   1.997
392.3   1.997
392.4   1.997
392.5   1.997
392.6   1.997
392.7   1.997
392.8   1.997
392.9   1.997
393   1.997
393.1   1.997
393.2   1.997
393.3   1.997
393.4   1.997
393.5   1.997
393.6   1.997
393.7   1.997
393.8   1.997
393.9   1.997
394   1.997
394.1   1.997
394.2   1.997
394.3   1.997
394.4   1.997
394.5   1.997
394.6   1.997
394.7   1.997
394.8   1.997
394.9   1.997
395   1.997
395.1   1.997
395.2   1.997
395.3   1.997
395.4   1.997
395.5   1.997
395.6   1.997
395.7   1.997
395.8   1.997
395.9   1.997
396   1.997
396.1   1.997
396.2   1.997
396.3   1.997
396.4   1.997
396.5   1.997
396.6   1.997
396.7   1.997
396.8   1.997
396.9   1.997
397   1.997
397.1   1.997
397.2   1.997
397.3   1.997
397.4   1.997
397.5   1.997
397.6   1.997
397.7   1.997
397.8   1.997
397.9   1.997
398   1.997
398.1   1.997
398.2   1.997
398.3   1.997
398.4   1.997
398.5   1.997
398.6   1.997
398.7   1.997
398.8   1.997
398.9   1.997
399   1.997
399.1   1.997
399.2   1.997
399.3   1.997
399.4   1.997
399.5   1.997
399.6   1.997
399.7   1.997
399.8   1.997
399.9   1.997
400   1.997
400.1   1.997
400.2   1.997
400.3   1.997
400.4   1.997
400.5   1.997
400.6   1.997
400.7   1.997
400.8   1.997
400.9   1.997
401   1.997
401.1   1.997
401.2   1.997
401.3   1.997
401.4   1.997
401.5   1.997
401.6   1.997
401.7   1.997
401.8   1.997
401.9   1.997
402   1.997
402.1   1.997
402.2   1.997
402.3   1.997
402.4   1.997
402.5   1.997
402.6   1.997
402.7   1.997
402.8   1.997
402.9   1.997
403   1.997
403.1   1.997
403.2   1.997
403.3   1.997
403.4   1.997
403.5   1.997
403.6   1.997
403.7   1.997
403.8   1.997
403.9   1.997
404   1.997
404.1   1.997
404.2   1.997
404.3   1.997
404.4   1.997
404.5   1.997
404.6   1.997
404.7   1.997
404.8   1.997
404.9   1.997
405   1.997
405.1   1.997
405.2   1.997
405.3   1.997
405.4   1.997
405.5   1.997
405.6   1.997
405.7   1.997
405.8   1.997
405.9   1.997
406   1.997
406.1   1.997
406.2   1.997
406.3   1.997
406.4   1.997
406.5   1.997
406.6   1.997
406.7   1.997
406.8   1.997
406.9   1.997
407   1.997
407.1   1.997
407.2   1.997
407.3   1.997
407.4   1.997
407.5   1.997
407.6   1.997
407.7   1.997
407.8   1.997
407.9   1.997
408   1.997
408.1   1.997
408.2   1.997
408.3   1.997
408.4   1.997
408.5   1.997
408.6   1.997
408.7   1.997
408.8   1.997
408.9   1.997
409   1.997
409.1   1.997
409.2   1.997
409.3   1.997
409.4   1.997
409.5   1.997
409.6   1.997
409.7   1.997
409.8   1.997
409.9   1.997
410   1.997
410.1   1.997
410.2   1.997
410.3   1.997
410.4   1.997
410.5   1.997
410.6   1.997
410.7   1.997
410.8   1.997
410.9   1.997
411   1.997
411.1   1.997
411.2   1.997
411.3   1.997
411.4   1.997
411.5   1.997
411.6   1.997
411.7   1.997
411.8   1.997
411.9   1.997
412   1.997
412.1   1.997
412.2   1.997
412.3   1.997
412.4   1.997
412.5   1.997
412.6   1.997
412.7   1.997
412.8   1.997
412.9   1.997
413   1.997
413.1   1.997
413.2   1.997
413.3   1.997
413.4   1.997
413.5   1.997
413.6   1.997
413.7   1.997
413.8   1.997
413.9   1.997
414   1.997
414.1   1.997
414.2   1.997
414.3   1.997
414.4   1.997
414.5   1.997
414.6   1.997
414.7   1.997
414.8   1.997
414.9   1.997
415   1.997
415.1   1.997
415.2   1.997
415.3   1.997
415.4   1.997
415.5   1.997
415.6   1.997
415.7   1.997
415.8   1.997
415.9   1.997
416   1.997
416.1   1.997
416.2   1.997
416.3   1.997
416.4   1.997
416.5   1.997
416.6   1.997
416.7   1.997
416.8   1.997
416.9   1.997
417   1.997
417.1   1.997
417.2   1.997
417.3   1.997
417.4   1.997
417.5   1.997
417.6   1.997
417.7   1.997
417.8   1.997
417.9   1.997
418   1.997
418.1   1.997
418.2   1.997
418.3   1.997
418.4   1.997
418.5   1.997
418.6   1.997
418.7   1.997
418.8   1.997
418.9   1.997
419   1.997
419.1   1.997
419.2   1.997
419.3   1.997
419.4   1.997
419.5   1.997
419.6   1.997
419.7   1.997
419.8   1.997
419.9   1.997
420   1.997
420.1   1.997
420.2   1.997
420.3   1.997
420.4   1.997
420.5   1.997
420.6   1.997
420.7   1.997
420.8   1.997
420.9   1.997
421   1.997
421.1   1.997
421.2   1.997
421.3   1.997
421.4   1.997
421.5   1.997
421.6   1.997
421.7   1.997
421.8   1.997
421.9   1.997
422   1.997
422.1   1.997
422.2   1.997
422.3   1.997
422.4   1.997
422.5   1.997
422.6   1.997
422.7   1.997
422.8   1.997
422.9   1.997
423   1.997
423.1   1.997
423.2   1.997
423.3   1.997
423.4   1.997
423.5   1.997
423.6   1.997
423.7   1.997
423.8   1.997
423.9   1.997
424   1.997
424.1   1.997
424.2   1.997
424.3   1.997
424.4   1.997
424.5   1.997
424.6   1.997
424.7   1.997
424.8   1.997
424.9   1.997
425   1.997
425.1   1.997
425.2   1.997
425.3   1.997
425.4   1.997
425.5   1.997
425.6   1.997
425.7   1.997
425.8   1.997
425.9   1.997
426   1.997
426.1   1.997
426.2   1.997
426.3   1.997
426.4   1.997
426.5   1.997
426.6   1.997
426.7   1.997
426.8   1.997
426.9   1.997
427   1.997
427.1   1.997
427.2   1.997
427.3   1.997
427.4   1.997
427.5   1.997
427.6   1.997
427.7   1.997
427.8   1.997
427.9   1.997
428   1.997
428.1   1.997
428.2   1.997
428.3   1.997
428.4   1.997
428.5   1.997
428.6   1.997
428.7   1.997
428.8   1.997
428.9   1.997
429   1.997
429.1   1.997
429.2   1.997
429.3   1.997
429.4   1.997
429.5   1.997
429.6   1.997
429.7   1.997
429.8   1.997
429.9   1.997
430   1.997
430.1   1.997
430.2   1.997
430.3   1.997
430.4   1.997
430.5   1.997
430.6   1.997
430.7   1.997
430.8   1.997
430.9   1.997
431   1.997
431.1   1.997
431.2   1.997
431.3   1.997
431.4   1.997
431.5   1.997
431.6   1.997
431.7   1.997
431.8   1.997
431.9   1.997
432   1.997
432.1   1.997
432.2   1.997
432.3   1.997
432.4   1.997
432.5   1.997
432.6   1.997
432.7   1.997
432.8   1.997
432.9   1.997
433   1.997
433.1   1.997
433.2   1.997
433.3   1.997
433.4   1.997
433.5   1.997
433.6   1.997
433.7   1.997
433.8   1.997
433.9   1.997
434   1.997
434.1   1.997
434.2   1.997
434.3   1.997
434.4   1.997
434.5   1.997
434.6   1.997
434.7   1.997
434.8   1.997
434.9   1.997
435   1.997
435.1   1.997
435.2   1.997
435.3   1.997
435.4   1.997
435.5   1.997
435.6   1.997
435.7   1.997
435.8   1.997
435.9   1.997
436   1.997
436.1   1.997
436.2   1.997
436.3   1.997
436.4   1.997
436.5   1.997
436.6   1.997
436.7   1.997
436.8   1.997
436.9   1.997
437   1.997
437.1   1.997
437.2   1.997
437.3   1.997
437.4   1.997
437.5   1.997
437.6   1.997
437.7   1.997
437.8   1.997
437.9   1.997
438   1.997
438.1   1.997
438.2   1.997
438.3   1.997
438.4   1.997
438.5   1.997
438.6   1.997
438.7   1.997
438.8   1.997
438.9   1.997
439   1.997
439.1   1.997
439.2   1.997
439.3   1.997
439.4   1.997
439.5   1.997
439.6   1.997
439.7   1.997
439.8   1.997
439.9   1.997
440   1.997
440.1   1.997
440.2   1.997
440.3   1.997
440.4   1.997
440.5   1.997
440.6   1.997
440.7   1.997
440.8   1.997
440.9   1.997
441   1.997
441.1   1.997
441.2   1.997
441.3   1.997
441.4   1.997
441.5   1.997
441.6   1.997
441.7   1.997
441.8   1.997
441.9   1.997
442   1.997
442.1   1.997
442.2   1.997
442.3   1.997
442.4   1.997
442.5   1.997
442.6   1.997
442.7   1.997
442.8   1.997
442.9   1.997
443   1.997
443.1   1.997
443.2   1.997
443.3   1.997
443.4   1.997
443.5   1.997
443.6   1.997
443.7   1.997
443.8   1.997
443.9   1.997
444   1.997
444.1   1.997
444.2   1.997
444.3   1.997
444.4   1.997
444.5   1.997
444.6   1.997
444.7   1.997
444.8   1.997
444.9   1.997
445   1.997
445.1   1.997
445.2   1.997
445.3   1.997
445.4   1.997
445.5   1.997
445.6   1.997
445.7   1.997
445.8   1.997
445.9   1.997
446   1.997
446.1   1.997
446.2   1.997
446.3   1.997
446.4   1.997
446.5   1.997
446.6   1.997
446.7   1.997
446.8   1.997
446.9   1.997
447   1.997
447.1   1.997
447.2   1.997
447.3   1.997
447.4   1.997
447.5   1.997
447.6   1.997
447.7   1.997
447.8   1.997
447.9   1.997
448   1.997
448.1   1.997
448.2   1.997
448.3   1.997
448.4   1.997
448.5   1.997
448.6   1.997
448.7   1.997
448.8   1.997
448.9   1.997
449   1.997
449.1   1.997
449.2   1.997
449.3   1.997
449.4   1.997
449.5   1.997
449.6   1.997
449.7   1.997
449.8   1.997
449.9   1.997
450   1.997
450.1   1.997
450.2   1.997
450.3   1.997
450.4   1.997
450.5   1.997
450.6   1.997
450.7   1.997
450.8   1.997
450.9   1.997
451   1.997
451.1   1.997
451.2   1.997
451.3   1.997
451.4   1.997
451.5   1.997
451.6   1.997
451.7   1.997
451.8   1.997
451.9   1.997
452   1.997
452.1   1.997
452.2   1.997
452.3   1.997
452.4   1.997
452.5   1.997
452.6   1.997
452.7   1.997
452.8   1.997
452.9   1.997
453   1.997
453.1   1.997
453.2   1.997
453.3   1.997
453.4   1.997
453.5   1.997
453.6   1.997
453.7   1.997
453.8   1.997
453.9   1.997
454   1.997
454.1   1.997
454.2   1.997
454.3   1.997
454.4   1.997
454.5   1.997
454.6   1.997
454.7   1.997
454.8   1.997
454.9   1.997
455   1.997
455.1   1.997
455.2   1.997
455.3   1.997
455.4   1.997
455.5   1.997
455.6   1.997
455.7   1.997
455.8   1.997
455.9   1.997
456   1.997
456.1   1.997
456.2   1.997
456.3   1.997
456.4   1.997
456.5   1.997
456.6   1.997
456.7   1.997
456.8   1.997
456.9   1.997
457   1.997
457.1   1.997
457.2   1.997
457.3   1.997
457.4   1.997
457.5   1.997
457.6   1.997
457.7   1.997
457.8   1.997
457.9   1.997
458   1.997
458.1   1.997
458.2   1.997
458.3   1.997
458.4   1.997
458.5   1.997
458.6   1.997
458.7   1.997
458.8   1.997
458.9   1.997
459   1.997
459.1   1.997
459.2   1.997
459.3   1.997
459.4   1.997
459.5   1.997
459.6   1.997
459.7   1.997
459.8   1.997
459.9   1.997
460   1.997
460.1   1.997
460.2   1.997
460.3   1.997
460.4   1.997
460.5   1.997
460.6   1.997
460.7   1.997
460.8   1.997
460.9   1.997
461   1.997
461.1   1.997
461.2   1.997
461.3   1.997
461.4   1.997
461.5   1.997
461.6   1.997
461.7   1.997
461.8   1.997
461.9   1.997
462   1.997
462.1   1.997
462.2   1.997
462.3   1.997
462.4   1.997
462.5   1.997
462.6   1.997
462.7   1.997
462.8   1.997
462.9   1.997
463   1.997
463.1   1.997
463.2   1.997
463.3   1.997
463.4   1.997
463.5   1.997
463.6   1.997
463.7   1.997
463.8   1.997
463.9   1.997
464   1.997
464.1   1.997
464.2   1.997
464.3   1.997
464.4   1.997
464.5   1.997
464.6   1.997
464.7   1.997
464.8   1.997
464.9   1.997
465   1.997
465.1   1.997
465.2   1.997
465.3   1.997
465.4   1.997
465.5   1.997
465.6   1.997
465.7   1.997
465.8   1.997
465.9   1.997
466   1.997
466.1   1.997
466.2   1.997
466.3   1.997
466.4   1.997
466.5   1.997
466.6   1.997
466.7   1.997
466.8   1.997
466.9   1.997
467   1.997
467.1   1.997
467.2   1.997
467.3   1.997
467.4   1.997
467.5   1.997
467.6   1.997
467.7   1.997
467.8   1.997
467.9   1.997
468   1.997
468.1   1.997
468.2   1.997
468.3   1.997
468.4   1.997
468.5   1.997
468.6   1.997
468.7   1.997
468.8   1.997
468.9   1.997
469   1.997
469.1   1.997
469.2   1.997
469.3   1.997
469.4   1.997
469.5   1.997
469.6   1.997
469.7   1.997
469.8   1.997
469.9   1.997
470   1.997
470.1   1.997
470.2   1.997
470.3   1.997
470.4   1.997
470.5   1.997
470.6   1.997
470.7   1.997
470.8   1.997
470.9   1.997
471   1.997
471.1   1.997
471.2   1.997
471.3   1.997
471.4   1.997
471.5   1.997
471.6   1.997
471.7   1.997
471.8   1.997
471.9   1.997
472   1.997
472.1   1.997
472.2   1.997
472.3   1.997
472.4   1.997
472.5   1.997
472.6   1.997
472.7   1.997
472.8   1.997
472.9   1.997
473   1.997
473.1   1.997
473.2   1.997
473.3   1.997
473.4   1.997
473.5   1.997
473.6   1.997
473.7   1.997
473.8   1.997
473.9   1.997
474   1.997
474.1   1.997
474.2   1.997
474.3   1.997
474.4   1.997
474.5   1.997
474.6   1.997
474.7   1.997
474.8   1.997
474.9   1.997
475   1.997
475.1   1.997
475.2   1.997
475.3   1.997
475.4   1.997
475.5   1.997
475.6   1.997
475.7   1.997
475.8   1.997
475.9   1.997
476   1.997
476.1   1.997
476.2   1.997
476.3   1.997
476.4   1.997
476.5   1.997
476.6   1.997
476.7   1.997
476.8   1.997
476.9   1.997
477   1.997
477.1   1.997
477.2   1.997
477.3   1.997
477.4   1.997
477.5   1.997
477.6   1.997
477.7   1.997
477.8   1.997
477.9   1.997
478   1.997
478.1   1.997
478.2   1.997
478.3   1.997
478.4   1.997
478.5   1.997
478.6   1.997
478.7   1.997
478.8   1.997
478.9   1.997
479   1.997
479.1   1.997
479.2   1.997
479.3   1.997
479.4   1.997
479.5   1.997
479.6   1.997
479.7   1.997
479.8   1.997
479.9   1.997
480   1.997
480.1   1.997
480.2   1.997
480.3   1.997
480.4   1.997
480.5   1.997
480.6   1.997
480.7   1.997
480.8   1.997
480.9   1.997
481   1.997
481.1   1.997
481.2   1.997
481.3   1.997
481.4   1.997
481.5   1.997
481.6   1.997
481.7   1.997
481.8   1.997
481.9   1.997
482   1.997
482.1   1.997
482.2   1.997
482.3   1.997
482.4   1.997
482.5   1.997
482.6   1.997
482.7   1.997
482.8   1.997
482.9   1.997
483   1.997
483.1   1.997
483.2   1.997
483.3   1.997
483.4   1.997
483.5   1.997
483.6   1.997
483.7   1.997
483.8   1.997
483.9   1.997
484   1.997
484.1   1.997
484.2   1.997
484.3   1.997
484.4   1.997
484.5   1.997
484.6   1.997
484.7   1.997
484.8   1.997
484.9   1.997
485   1.997
485.1   1.997
485.2   1.997
485.3   1.997
485.4   1.997
485.5   1.997
485.6   1.997
485.7   1.997
485.8   1.997
485.9   1.997
486   1.997
486.1   1.997
486.2   1.997
486.3   1.997
486.4   1.997
486.5   1.997
486.6   1.997
486.7   1.997
486.8   1.997
486.9   1.997
487   1.997
487.1   1.997
487.2   1.997
487.3   1.997
487.4   1.997
487.5   1.997
487.6   1.997
487.7   1.997
487.8   1.997
487.9   1.997
488   1.997
488.1   1.997
488.2   1.997
488.3   1.997
488.4   1.997
488.5   1.997
488.6   1.997
488.7   1.997
488.8   1.997
488.9   1.997
489   1.997
489.1   1.997
489.2   1.997
489.3   1.997
489.4   1.997
489.5   1.997
489.6   1.997
489.7   1.997
489.8   1.997
489.9   1.997
490   1.997
490.1   1.997
490.2   1.997
490.3   1.997
490.4   1.997
490.5   1.997
490.6   1.997
490.7   1.997
490.8   1.997
490.9   1.997
491   1.997
491.1   1.997
491.2   1.997
491.3   1.997
491.4   1.997
491.5   1.997
491.6   1.997
491.7   1.997
491.8   1.997
491.9   1.997
492   1.997
492.1   1.997
492.2   1.997
492.3   1.997
492.4   1.997
492.5   1.997
492.6   1.997
492.7   1.997
492.8   1.997
492.9   1.997
493   1.997
493.1   1.997
493.2   1.997
493.3   1.997
493.4   1.997
493.5   1.997
493.6   1.997
493.7   1.997
493.8   1.997
493.9   1.997
494   1.997
494.1   1.997
494.2   1.997
494.3   1.997
494.4   1.997
494.5   1.997
494.6   1.997
494.7   1.997
494.8   1.997
494.9   1.997
495   1.997
495.1   1.997
495.2   1.997
495.3   1.997
495.4   1.997
495.5   1.997
495.6   1.997
495.7   1.997
495.8   1.997
495.9   1.997
496   1.997
496.1   1.997
496.2   1.997
496.3   1.997
496.4   1.997
496.5   1.997
496.6   1.997
496.7   1.997
496.8   1.997
496.9   1.997
497   1.997
497.1   1.997
497.2   1.997
497.3   1.997
497.4   1.997
497.5   1.997
497.6   1.997
497.7   1.997
497.8   1.997
497.9   1.997
498   1.997
498.1   1.997
498.2   1.997
498.3   1.997
498.4   1.997
498.5   1.997
498.6   1.997
498.7   1.997
498.8   1.997
498.9   1.997
499   1.997
499.1   1.997
499.2   1.997
499.3   1.997
499.4   1.997
499.5   1.997
499.6   1.997
499.7   1.997
499.8   1.997
499.9   1.997
500   1.997
500.1   1.997
500.2   1.997
500.3   1.997
500.4   1.997
500.5   1.997
500.6   1.997
500.7   1.997
500.8   1.997
500.9   1.997
501   1.997
501.1   1.997
501.2   1.997
501.3   1.997
501.4   1.997
501.5   1.997
501.6   1.997
501.7   1.997
501.8   1.997
501.9   1.997
502   1.997
502.1   1.997
502.2   1.997
502.3   1.997
502.4   1.997
502.5   1.997
502.6   1.997
502.7   1.997
502.8   1.997
502.9   1.997
503   1.997
503.1   1.997
503.2   1.997
503.3   1.997
503.4   1.997
503.5   1.997
503.6   1.997
503.7   1.997
503.8   1.997
503.9   1.997
504   1.997
504.1   1.997
504.2   1.997
504.3   1.997
504.4   1.997
504.5   1.997
504.6   1.997
504.7   1.997
504.8   1.997
504.9   1.997
505   1.997
505.1   1.997
505.2   1.997
505.3   1.997
505.4   1.997
505.5   1.997
505.6   1.997
505.7   1.997
505.8   1.997
505.9   1.997
506   1.997
506.1   1.997
506.2   1.997
506.3   1.997
506.4   1.997
506.5   1.997
506.6   1.997
506.7   1.997
506.8   1.997
506.9   1.997
507   1.997
507.1   1.997
507.2   1.997
507.3   1.997
507.4   1.997
507.5   1.997
507.6   1.997
507.7   1.997
507.8   1.997
507.9   1.997
508   1.997
508.1   1.997
508.2   1.997
508.3   1.997
508.4   1.997
508.5   1.997
508.6   1.997
508.7   1.997
508.8   1.997
508.9   1.997
509   1.997
509.1   1.997
509.2   1.997
509.3   1.997
509.4   1.997
509.5   1.997
509.6   1.997
509.7   1.997
509.8   1.997
509.9   1.997
510   1.997
510.1   1.997
510.2   1.997
510.3   1.997
510.4   1.997
510.5   1.997
510.6   1.997
510.7   1.997
510.8   1.997
510.9   1.997
511   1.997
511.1   1.997
511.2   1.997
511.3   1.997
511.4   1.997
511.5   1.997
511.6   1.997
511.7   1.997
511.8   1.997
511.9   1.997
512   1.997
512.1   1.997
512.2   1.997
512.3   1.997
512.4   1.997
512.5   1.997
512.6   1.997
512.7   1.997
512.8   1.997
512.9   1.997
513   1.997
513.1   1.997
513.2   1.997
513.3   1.997
513.4   1.997
513.5   1.997
513.6   1.997
513.7   1.997
513.8   1.997
513.9   1.997
514   1.997
514.1   1.997
514.2   1.997
514.3   1.997
514.4   1.997
514.5   1.997
514.6   1.997
514.7   1.997
514.8   1.997
514.9   1.997
515   1.997
515.1   1.997
515.2   1.997
515.3   1.997
515.4   1.997
515.5   1.997
515.6   1.997
515.7   1.997
515.8   1.997
515.9   1.997
516   1.997
516.1   1.997
516.2   1.997
516.3   1.997
516.4   1.997
516.5   1.997
516.6   1.997
516.7   1.997
516.8   1.997
516.9   1.997
517   1.997
517.1   1.997
517.2   1.997
517.3   1.997
517.4   1.997
517.5   1.997
517.6   1.997
517.7   1.997
517.8   1.997
517.9   1.997
518   1.997
518.1   1.997
518.2   1.997
518.3   1.997
518.4   1.997
518.5   1.997
518.6   1.997
518.7   1.997
518.8   1.997
518.9   1.997
519   1.997
519.1   1.997
519.2   1.997
519.3   1.997
519.4   1.997
519.5   1.997
519.6   1.997
519.7   1.997
519.8   1.997
519.9   1.997
520   1.997
520.1   1.997
520.2   1.997
520.3   1.997
520.4   1.997
520.5   1.997
520.6   1.997
520.7   1.997
520.8   1.997
520.9   1.997
521   1.997
521.1   1.997
521.2   1.997
521.3   1.997
521.4   1.997
521.5   1.997
521.6   1.997
521.7   1.997
521.8   1.997
521.9   1.997
522   1.997
522.1   1.997
522.2   1.997
522.3   1.997
522.4   1.997
522.5   1.997
522.6   1.997
522.7   1.997
522.8   1.997
522.9   1.997
523   1.997
523.1   1.997
523.2   1.997
523.3   1.997
523.4   1.997
523.5   1.997
523.6   1.997
523.7   1.997
523.8   1.997
523.9   1.997
524   1.997
524.1   1.997
524.2   1.997
524.3   1.997
524.4   1.997
524.5   1.997
524.6   1.997
524.7   1.997
524.8   1.997
524.9   1.997
525   1.997
525.1   1.997
525.2   1.997
525.3   1.997
525.4   1.997
525.5   1.997
525.6   1.997
525.7   1.997
525.8   1.997
525.9   1.997
526   1.997
526.1   1.997
526.2   1.997
526.3   1.997
526.4   1.997
526.5   1.997
526.6   1.997
526.7   1.997
526.8   1.997
526.9   1.997
527   1.997
527.1   1.997
527.2   1.997
527.3   1.997
527.4   1.997
527.5   1.997
527.6   1.997
527.7   1.997
527.8   1.997
527.9   1.997
528   1.997
528.1   1.997
528.2   1.997
528.3   1.997
528.4   1.997
528.5   1.997
528.6   1.997
528.7   1.997
528.8   1.997
528.9   1.997
529   1.997
529.1   1.997
529.2   1.997
529.3   1.997
529.4   1.997
529.5   1.997
529.6   1.997
529.7   1.997
529.8   1.997
529.9   1.997
530   1.997
530.1   1.997
530.2   1.997
530.3   1.997
530.4   1.997
530.5   1.997
530.6   1.997
530.7   1.997
530.8   1.997
530.9   1.997
531   1.997
531.1   1.997
531.2   1.997
531.3   1.997
531.4   1.997
531.5   1.997
531.6   1.997
531.7   1.997
531.8   1.997
531.9   1.997
532   1.997
532.1   1.997
532.2   1.997
532.3   1.997
532.4   1.997
532.5   1.997
532.6   1.997
532.7   1.997
532.8   1.997
532.9   1.997
533   1.997
533.1   1.997
533.2   1.997
533.3   1.997
533.4   1.997
533.5   1.997
533.6   1.997
533.7   1.997
533.8   1.997
533.9   1.997
534   1.997
534.1   1.997
534.2   1.997
534.3   1.997
534.4   1.997
534.5   1.997
534.6   1.997
534.7   1.997
534.8   1.997
534.9   1.997
535   1.997
535.1   1.997
535.2   1.997
535.3   1.997
535.4   1.997
535.5   1.997
535.6   1.997
535.7   1.997
535.8   1.997
535.9   1.997
536   1.997
536.1   1.997
536.2   1.997
536.3   1.997
536.4   1.997
536.5   1.997
536.6   1.997
536.7   1.997
536.8   1.997
536.9   1.997
537   1.997
537.1   1.997
537.2   1.997
537.3   1.997
537.4   1.997
537.5   1.997
537.6   1.997
537.7   1.997
537.8   1.997
537.9   1.997
538   1.997
538.1   1.997
538.2   1.997
538.3   1.997
538.4   1.997
538.5   1.997
538.6   1.997
538.7   1.997
538.8   1.997
538.9   1.997
539   1.997
539.1   1.997
539.2   1.997
539.3   1.997
539.4   1.997
539.5   1.997
539.6   1.997
539.7   1.997
539.8   1.997
539.9   1.997
540   1.997
540.1   1.997
540.2   1.997
540.3   1.997
540.4   1.997
540.5   1.997
540.6   1.997
540.7   1.997
540.8   1.997
540.9   1.997
541   1.997
541.1   1.997
541.2   1.997
541.3   1.997
541.4   1.997
541.5   1.997
541.6   1.997
541.7   1.997
541.8   1.997
541.9   1.997
542   1.997
542.1   1.997
542.2   1.997
542.3   1.997
542.4   1.997
542.5   1.997
542.6   1.997
542.7   1.997
542.8   1.997
542.9   1.997
543   1.997
543.1   1.997
543.2   1.997
543.3   1.997
543.4   1.997
543.5   1.997
543.6   1.997
543.7   1.997
543.8   1.997
543.9   1.997
544   1.997
544.1   1.997
544.2   1.997
544.3   1.997
544.4   1.997
544.5   1.997
544.6   1.997
544.7   1.997
544.8   1.997
544.9   1.997
545   1.997
545.1   1.997
545.2   1.997
545.3   1.997
545.4   1.997
545.5   1.997
545.6   1.997
545.7   1.997
545.8   1.997
545.9   1.997
546   1.997
546.1   1.997
546.2   1.997
546.3   1.997
546.4   1.997
546.5   1.997
546.6   1.997
546.7   1.997
546.8   1.997
546.9   1.997
547   1.997
547.1   1.997
547.2   1.997
547.3   1.997
547.4   1.997
547.5   1.997
547.6   1.997
547.7   1.997
547.8   1.997
547.9   1.997
548   1.997
548.1   1.997
548.2   1.997
548.3   1.997
548.4   1.997
548.5   1.997
548.6   1.997
548.7   1.997
548.8   1.997
548.9   1.997
549   1.997
549.1   1.997
549.2   1.997
549.3   1.997
549.4   1.997
549.5   1.997
549.6   1.997
549.7   1.997
549.8   1.997
549.9   1.997
550   1.997
550.1   1.997
550.2   1.997
550.3   1.997
550.4   1.997
550.5   1.997
550.6   1.997
550.7   1.997
550.8   1.997
550.9   1.997
551   1.997
551.1   1.997
551.2   1.997
551.3   1.997
551.4   1.997
551.5   1.997
551.6   1.997
551.7   1.997
551.8   1.997
551.9   1.997
552   1.997
552.1   1.997
552.2   1.997
552.3   1.997
552.4   1.997
552.5   1.997
552.6   1.997
552.7   1.997
552.8   1.997
552.9   1.997
553   1.997
553.1   1.997
553.2   1.997
553.3   1.997
553.4   1.997
553.5   1.997
553.6   1.997
553.7   1.997
553.8   1.997
553.9   1.997
554   1.997
554.1   1.997
554.2   1.997
554.3   1.997
554.4   1.997
554.5   1.997
554.6   1.997
554.7   1.997
554.8   1.997
554.9   1.997
555   1.997
555.1   1.997
555.2   1.997
555.3   1.997
555.4   1.997
555.5   1.997
555.6   1.997
555.7   1.997
555.8   1.997
555.9   1.997
556   1.997
556.1   1.997
556.2   1.997
556.3   1.997
556.4   1.997
556.5   1.997
556.6   1.997
556.7   1.997
556.8   1.997
556.9   1.997
557   1.997
557.1   1.997
557.2   1.997
557.3   1.997
557.4   1.997
557.5   1.997
557.6   1.997
557.7   1.997
557.8   1.997
557.9   1.997
558   1.997
558.1   1.997
558.2   1.997
558.3   1.997
558.4   1.997
558.5   1.997
558.6   1.997
558.7   1.997
558.8   1.997
558.9   1.997
559   1.997
559.1   1.997
559.2   1.997
559.3   1.997
559.4   1.997
559.5   1.997
559.6   1.997
559.7   1.997
559.8   1.997
559.9   1.997
560   1.997
560.1   1.997
560.2   1.997
560.3   1.997
560.4   1.997
560.5   1.997
560.6   1.997
560.7   1.997
560.8   1.997
560.9   1.997
561   1.997
561.1   1.997
561.2   1.997
561.3   1.997
561.4   1.997
561.5   1.997
561.6   1.997
561.7   1.997
561.8   1.997
561.9   1.997
562   1.997
562.1   1.997
562.2   1.997
562.3   1.997
562.4   1.997
562.5   1.997
562.6   1.997
562.7   1.997
562.8   1.997
562.9   1.997
563   1.997
563.1   1.997
563.2   1.997
563.3   1.997
563.4   1.997
563.5   1.997
563.6   1.997
563.7   1.997
563.8   1.997
563.9   1.997
564   1.997
564.1   1.997
564.2   1.997
564.3   1.997
564.4   1.997
564.5   1.997
564.6   1.997
564.7   1.997
564.8   1.997
564.9   1.997
