0.800641   23.73  55.24
0.800641   23.73  55.24
0.800641   23.73  55.24
0.8   23.73  55.24
0.8   23.73  55.24
0.8   23.73  55.24
0.799361   23.73  55.24
0.799361   23.73  55.24
0.799361   23.73  55.24
0.798722   23.73  55.24
0.798722   23.73  55.24
0.798085   23.73  55.24
0.798085   23.73  55.24
0.797448   23.73  55.24
0.797448   23.73  55.24
0.796813   23.73  55.25
0.796813   23.73  55.25
0.796178   23.73  55.25
0.796178   23.73  55.25
0.795545   23.73  55.25
0.795545   23.73  55.25
0.794913   23.73  55.25
0.794913   23.73  55.25
0.794281   23.73  55.25
0.794281   23.73  55.25
0.794281   23.73  55.25
0.794281   23.73  55.25
0.793651   23.73  55.25
0.793651   23.73  55.25
0.793651   23.73  55.25
0.793651   23.73  55.25
0.793021   23.73  55.25
0.793021   23.73  55.25
0.793021   23.73  55.25
0.793021   23.73  55.25
0.792393   23.72  55.25
0.792393   23.71  55.25
0.792393   23.69  55.25
0.792393   23.7  55.25
0.791766   23.68  55.25
0.791766   23.69  55.25
0.791766   23.67  55.25
0.791139   23.65  55.25
0.791139   23.65  55.25
0.791139   23.66  55.25
0.791139   23.66  55.25
0.791139   23.69  55.25
0.790514   23.64  55.25
0.790514   23.64  55.26
0.790514   23.64  55.25
0.790514   23.64  55.26
0.790514   23.64  55.26
0.789889   23.64  55.26
0.789889   23.64  55.26
0.789889   23.64  55.26
0.789889   23.64  55.26
0.789889   23.64  55.26
0.789889   23.64  55.26
0.789889   23.64  55.26
0.789266   23.64  55.26
0.789266   23.64  55.26
0.789266   23.64  55.26
0.788644   23.64  55.26
0.788644   23.64  55.26
0.788644   23.64  55.26
0.788644   23.64  55.26
0.788644   23.64  55.26
0.788022   23.64  55.26
0.788022   23.64  55.26
0.788022   23.64  55.26
0.787402   23.64  55.26
0.787402   23.64  55.26
0.786782   23.64  55.26
0.786782   23.63  55.26
0.786782   23.63  55.26
0.786164   23.58  55.26
0.786164   23.63  55.26
0.786164   23.62  55.26
0.786164   23.61  55.26
0.786164   23.63  55.26
0.786164   23.64  55.26
0.786164   23.64  55.26
0.786164   23.61  55.26
0.786164   23.59  55.26
0.785546   23.55  55.26
0.785546   23.55  55.26
0.785546   23.54  55.26
0.785546   23.54  55.26
0.784929   23.54  55.26
0.784314   23.54  55.26
0.784314   23.54  55.26
0.784314   23.54  55.26
0.784314   23.54  55.26
0.783699   23.51  55.26
0.783085   23.47  55.26
0.783085   23.48  55.26
0.783085   23.45  55.26
0.782473   23.51  55.26
0.782473   23.52  55.26
0.782473   23.47  55.26
0.781861   23.46  55.26
0.781861   23.45  55.26
0.781861   23.44  55.26
0.78125   23.35  55.26
0.78064   23.35  55.26
0.78064   23.35  55.26
0.780031   23.35  55.26
0.779423   23.35  55.26
0.779423   23.44  55.26
0.778816   23.4  55.26
0.778816   23.35  55.26
0.778816   23.34  55.26
0.77821   23.27  55.26
0.77821   23.3  55.26
0.777605   23.33  55.26
0.777605   23.27  55.26
0.777605   23.26  55.26
0.777001   23.26  55.26
0.777001   23.26  55.26
0.777001   23.26  55.26
0.777001   23.26  55.26
0.777001   23.26  55.26
0.777001   23.22  55.26
0.776398   23.22  55.26
0.776398   23.24  55.26
0.776398   23.25  55.26
0.776398   23.25  55.26
0.776398   23.25  55.26
0.775795   23.21  55.26
0.775795   23.2  55.26
0.775795   23.21  55.26
0.775194   23.2  55.26
0.775194   23.2  55.26
0.775194   23.2  55.26
0.775194   23.2  55.26
0.775194   23.2  55.26
0.774593   23.2  55.26
0.774593   23.2  55.26
0.774593   23.2  55.26
0.774593   23.2  55.26
0.774593   23.18  55.26
0.774593   23.18  55.26
0.773994   23.16  55.26
0.773994   23.14  55.26
0.773395   23.14  55.25
0.773395   23.14  55.25
0.772798   23.14  55.25
0.772798   23.14  55.25
0.772798   23.14  55.25
0.772201   23.1  55.25
0.772201   23.09  55.25
0.772201   23.09  55.25
0.771605   23.09  55.25
0.771605   23.09  55.25
0.77101   23.09  55.25
0.77101   23.09  55.25
0.77101   23.09  55.25
0.770416   23.09  55.25
0.770416   23.08  55.25
0.770416   23.07  55.25
0.770416   23.06  55.25
0.770416   23.03  55.25
0.770416   23.03  55.25
0.769823   23.03  55.25
0.769823   23.03  55.25
0.769231   23.03  55.25
0.769231   23.03  55.25
0.769231   23.03  55.25
0.76864   23.03  55.25
0.76864   22.99  55.25
0.76864   22.97  55.25
0.768049   22.97  55.25
0.768049   22.97  55.25
0.76746   22.97  55.25
0.76746   22.93  55.25
0.766871   22.91  55.25
0.766871   22.91  55.25
0.766284   22.91  55.25
0.766284   22.91  55.25
0.766284   22.91  55.25
0.765697   22.91  55.25
0.765697   22.91  55.25
0.765697   22.9  55.25
0.765697   22.9  55.25
0.765111   22.86  55.25
0.765111   22.86  55.25
0.765111   22.86  55.25
0.765111   22.86  55.25
0.764526   22.86  55.25
0.764526   22.86  55.25
0.764526   22.86  55.25
0.764526   22.86  55.25
0.764526   22.86  55.25
0.764526   22.86  55.25
0.763942   22.86  55.25
0.763942   22.86  55.25
0.763942   22.86  55.25
0.763942   22.86  55.24
0.763942   22.85  55.24
0.763942   22.82  55.24
0.763359   22.8  55.24
0.763359   22.8  55.24
0.763359   22.81  55.24
0.762777   22.8  55.24
0.762777   22.8  55.24
0.762195   22.8  55.24
0.762195   22.8  55.24
0.762195   22.79  55.24
0.761615   22.75  55.24
0.761615   22.75  55.24
0.761615   22.74  55.24
0.761615   22.74  55.24
0.761035   22.74  55.24
0.761035   22.74  55.24
0.760456   22.74  55.24
0.760456   22.68  55.24
0.760456   22.68  55.24
0.760456   22.7  55.24
0.759878   22.7  55.24
0.759878   22.69  55.24
0.759878   22.68  55.24
0.759301   22.68  55.24
0.759301   22.68  55.24
0.759301   22.68  55.24
0.759301   22.68  55.24
0.758725   22.68  55.24
0.758725   22.68  55.24
0.758725   22.68  55.24
0.75815   22.65  55.24
0.75815   22.64  55.24
0.75815   22.64  55.24
0.757576   22.67  55.24
0.757576   22.67  55.24
0.757576   22.68  55.24
0.757576   22.64  55.23
0.757576   22.63  55.24
0.757576   22.62  55.23
0.757576   22.62  55.23
0.757002   22.62  55.23
0.757002   22.62  55.23
0.757002   22.62  55.23
0.757002   22.62  55.23
0.75643   22.62  55.23
0.75643   22.62  55.23
0.75643   22.61  55.23
0.755858   22.58  55.23
0.755858   22.56  55.23
0.755858   22.56  55.23
0.755287   22.56  55.23
0.755287   22.56  55.23
0.755287   22.56  55.23
0.754717   22.56  55.23
0.754717   22.56  55.23
0.754148   22.56  55.23
0.754148   22.56  55.23
0.75358   22.53  55.23
0.75358   22.51  55.23
0.75358   22.52  55.23
0.753012   22.5  55.23
0.753012   22.5  55.23
0.753012   22.5  55.23
0.752445   22.5  55.23
0.752445   22.5  55.23
0.752445   22.46  55.23
0.75188   22.45  55.23
0.751315   22.44  55.23
0.751315   22.44  55.23
0.751315   22.44  55.23
0.750751   22.44  55.23
0.750751   22.44  55.23
0.750751   22.44  55.23
0.750188   22.44  55.23
0.750188   22.44  55.23
0.750188   22.44  55.23
0.750188   22.41  55.23
0.750188   22.39  55.23
0.750188   22.38  55.23
0.750188   22.38  55.23
0.749625   22.38  55.23
0.749625   22.38  55.23
0.749064   22.38  55.23
0.748503   22.34  55.23
0.747943   22.33  55.23
0.747943   22.33  55.23
0.747384   22.32  55.23
0.747384   22.32  55.23
0.747384   22.32  55.23
0.747384   22.32  55.23
0.746826   22.32  55.23
0.746826   22.32  55.23
0.746826   22.32  55.23
0.746826   22.29  55.23
0.746269   22.28  55.23
0.746269   22.27  55.23
0.746269   22.26  55.23
0.745712   22.26  55.23
0.745712   22.26  55.23
0.745712   22.26  55.23
0.745712   22.26  55.23
0.745712   22.26  55.23
0.745156   22.26  55.23
0.745156   22.26  55.23
0.745156   22.26  55.23
0.745156   22.26  55.23
0.745156   22.26  55.23
0.744602   22.19  55.23
0.744602   22.19  55.23
0.744602   22.19  55.23
0.744048   22.19  55.23
0.744048   22.19  55.23
0.744048   22.19  55.23
0.744048   22.19  55.23
0.743494   22.19  55.23
0.743494   22.19  55.23
0.743494   22.19  55.23
0.742942   22.19  55.23
0.742942   22.19  55.23
0.74239   22.16  55.23
0.74239   22.15  55.23
0.74239   22.16  55.23
0.74184   22.13  55.23
0.74129   22.13  55.23
0.74129   22.13  55.23
0.74129   22.13  55.23
0.740741   22.13  55.23
0.740741   22.13  55.23
0.740741   22.13  55.23
0.740192   22.11  55.23
0.740192   22.07  55.23
0.740192   22.06  55.23
0.739645   22.06  55.23
0.739645   22.06  55.23
0.739645   22.06  55.23
0.739098   22.06  55.23
0.739098   22.06  55.22
0.739098   22.06  55.22
0.738552   22.03  55.22
0.738552   22.06  55.22
0.738552   22.06  55.22
0.738552   22.06  55.22
0.738552   22.03  55.22
0.738007   22.01  55.22
0.738007   22  55.22
0.738007   22  55.22
0.738007   22  55.22
0.737463   22  55.22
0.737463   22  55.22
0.737463   22  55.22
0.73692   22  55.22
0.73692   22  55.22
0.73692   21.99  55.22
0.736377   21.96  55.22
0.736377   21.95  55.22
0.736377   21.93  55.22
0.735835   21.93  55.22
0.735835   21.93  55.22
0.735294   21.93  55.22
0.735294   21.93  55.22
0.735294   21.93  55.22
0.735294   21.93  55.22
0.735294   21.93  55.22
0.734754   21.93  55.22
0.734754   21.91  55.22
0.734754   21.88  55.22
0.734754   21.89  55.22
0.734754   21.87  55.22
0.734754   21.87  55.22
0.734754   21.87  55.22
0.734214   21.86  55.22
0.734214   21.86  55.22
0.734214   21.86  55.22
0.734214   21.87  55.22
0.733676   21.87  55.22
0.733676   21.86  55.22
0.733676   21.86  55.22
0.733676   21.86  55.22
0.733138   21.86  55.22
0.733138   21.86  55.21
0.733138   21.86  55.21
0.733138   21.86  55.21
0.733138   21.86  55.21
0.733138   21.86  55.21
0.732601   21.83  55.21
0.732601   21.84  55.21
0.732601   21.8  55.21
0.732601   21.8  55.21
0.732064   21.8  55.21
0.732064   21.8  55.21
0.732064   21.8  55.21
0.732064   21.8  55.21
0.731529   21.8  55.21
0.731529   21.8  55.21
0.730994   21.8  55.21
0.730994   21.8  55.21
0.730994   21.8  55.21
0.730994   21.78  55.21
0.73046   21.78  55.21
0.73046   21.75  55.21
0.73046   21.74  55.21
0.729927   21.74  55.21
0.729927   21.73  55.21
0.729395   21.73  55.21
0.729395   21.73  55.21
0.729395   21.73  55.21
0.728863   21.73  55.21
0.728863   21.73  55.21
0.728332   21.72  55.21
0.728332   21.72  55.21
0.728332   21.72  55.21
0.727802   21.67  55.21
0.727802   21.67  55.21
0.727802   21.67  55.21
0.727802   21.67  55.21
0.727273   21.67  55.21
0.727273   21.67  55.21
0.727273   21.67  55.21
0.727273   21.67  55.21
0.726744   21.67  55.21
0.726744   21.65  55.21
0.726744   21.65  55.21
0.726744   21.61  55.21
0.726216   21.61  55.21
0.726216   21.6  55.21
0.726216   21.6  55.21
0.726216   21.6  55.21
0.725689   21.6  55.21
0.725689   21.6  55.21
0.725689   21.6  55.21
0.725689   21.6  55.21
0.725689   21.6  55.21
0.725689   21.6  55.21
0.725163   21.6  55.2
0.725163   21.6  55.2
0.724638   21.6  55.21
0.724638   21.6  55.2
0.724113   21.58  55.2
0.724113   21.54  55.2
0.724113   21.54  55.2
0.723589   21.54  55.2
0.723589   21.54  55.2
0.723589   21.54  55.2
0.723066   21.54  55.2
0.723066   21.54  55.2
0.722543   21.54  55.2
0.722543   21.48  55.2
0.722543   21.47  55.2
0.722022   21.47  55.2
0.722022   21.47  55.2
0.722022   21.47  55.2
0.722022   21.47  55.2
0.721501   21.47  55.2
0.721501   21.44  55.2
0.720981   21.41  55.2
0.720981   21.41  55.2
0.720461   21.41  55.2
0.720461   21.41  55.2
0.720461   21.41  55.2
0.720461   21.41  55.2
0.720461   21.41  55.2
0.720461   21.41  55.2
0.719942   21.41  55.2
0.719942   21.41  55.2
0.719942   21.41  55.2
0.719942   21.41  55.2
0.719424   21.41  55.2
0.719424   21.41  55.2
0.719424   21.41  55.2
0.719424   21.41  55.2
0.718907   21.41  55.2
0.718907   21.39  55.2
0.718907   21.37  55.2
0.718907   21.37  55.2
0.718907   21.37  55.2
0.718391   21.38  55.2
0.718391   21.36  55.2
0.718391   21.35  55.2
0.718391   21.35  55.2
0.718391   21.35  55.2
0.718391   21.35  55.2
0.718391   21.35  55.2
0.717875   21.35  55.2
0.717875   21.35  55.2
0.717875   21.35  55.2
0.71736   21.35  55.2
0.71736   21.35  55.2
0.716846   21.35  55.2
0.716846   21.35  55.2
0.716846   21.35  55.2
0.716846   21.35  55.2
0.716846   21.35  55.2
0.716332   21.33  55.2
0.716332   21.29  55.2
0.716332   21.29  55.2
0.71582   21.29  55.2
0.71582   21.29  55.2
0.715308   21.29  55.2
0.715308   21.29  55.2
0.715308   21.29  55.2
0.714796   21.29  55.2
0.714796   21.29  55.2
0.714796   21.29  55.2
0.714796   21.29  55.2
0.714286   21.29  55.2
0.714286   21.29  55.2
0.714286   21.28  55.2
0.714286   21.25  55.2
0.713776   21.24  55.2
0.713776   21.23  55.2
0.713776   21.23  55.2
0.713267   21.23  55.2
0.713267   21.23  55.2
0.713267   21.23  55.2
0.713267   21.23  55.19
0.713267   21.23  55.19
0.712758   21.23  55.19
0.712758   21.23  55.19
0.712758   21.23  55.19
0.712251   21.23  55.19
0.712251   21.17  55.19
0.712251   21.17  55.19
0.711744   21.17  55.19
0.711744   21.17  55.19
0.711238   21.17  55.19
0.711238   21.17  55.19
0.711238   21.17  55.19
0.711238   21.17  55.19
0.711238   21.17  55.19
0.711238   21.17  55.19
0.711238   21.17  55.19
0.711238   21.17  55.19
0.711238   21.17  55.19
0.710732   21.17  55.19
0.710732   21.17  55.19
0.710732   21.17  55.19
0.710732   21.17  55.19
0.710732   21.17  55.19
0.710227   21.17  55.19
0.710227   21.17  55.19
0.710227   21.17  55.19
0.710227   21.17  55.19
0.709723   21.17  55.19
0.709723   21.17  55.19
0.70922   21.17  55.19
0.70922   21.12  55.19
0.70922   21.11  55.19
0.708717   21.11  55.19
0.708717   21.11  55.19
0.708717   21.11  55.19
0.708215   21.11  55.19
0.708215   21.08  55.19
0.708215   21.05  55.19
0.707714   21.05  55.19
0.707214   21.05  55.19
0.707214   21.05  55.19
0.707214   21.05  55.19
0.706714   21.05  55.19
0.706714   21.05  55.19
0.706714   21.05  55.19
0.706714   21.05  55.19
0.706714   21.03  55.19
0.706215   21.03  55.19
0.706215   21.01  55.19
0.705716   21.01  55.19
0.705716   21  55.19
0.705219   20.99  55.19
0.705219   20.99  55.19
0.704722   20.99  55.19
0.704722   20.98  55.19
0.704722   20.96  55.19
0.704722   20.98  55.19
0.704722   20.97  55.19
0.704722   20.96  55.19
0.704722   20.96  55.19
0.704225   20.94  55.19
0.704225   20.94  55.19
0.704225   20.94  55.19
0.70373   20.94  55.19
0.70373   20.93  55.19
0.70373   20.93  55.19
0.70373   20.93  55.19
0.703235   20.93  55.19
0.703235   20.93  55.19
0.703235   20.93  55.19
0.703235   20.93  55.19
0.702741   20.92  55.19
0.702741   20.89  55.19
0.702741   20.89  55.19
0.702247   20.88  55.19
0.702247   20.87  55.19
0.702247   20.87  55.19
0.701754   20.87  55.19
0.701754   20.87  55.19
0.701262   20.87  55.19
0.701262   20.87  55.19
0.701262   20.87  55.19
0.700771   20.87  55.19
0.700771   20.86  55.19
0.700771   20.86  55.19
0.70028   20.86  55.19
0.70028   20.81  55.19
0.69979   20.81  55.19
0.69979   20.8  55.19
0.69979   20.8  55.19
0.69979   20.8  55.19
0.699301   20.8  55.19
0.698812   20.8  55.19
0.698812   20.77  55.19
0.698812   20.76  55.19
0.698324   20.75  55.19
0.698324   20.76  55.19
0.697837   20.74  55.19
0.697837   20.74  55.19
0.69735   20.74  55.19
0.69735   20.74  55.19
0.696864   20.73  55.19
0.696864   20.7  55.19
0.696864   20.68  55.19
0.696864   20.68  55.19
0.696379   20.68  55.19
0.696379   20.68  55.19
0.696379   20.68  55.19
0.695894   20.68  55.19
0.695894   20.68  55.19
0.69541   20.68  55.19
0.69541   20.68  55.19
0.69541   20.68  55.19
0.69541   20.68  55.19
0.69541   20.68  55.19
0.694927   20.68  55.19
0.694927   20.68  55.19
0.694927   20.68  55.19
0.694444   20.68  55.19
0.694444   20.68  55.19
0.694444   20.68  55.19
0.694444   20.64  55.19
0.694444   20.62  55.18
0.693963   20.61  55.18
0.693963   20.61  55.18
0.693963   20.61  55.18
0.693481   20.61  55.18
0.693481   20.61  55.18
0.693001   20.61  55.18
0.693001   20.61  55.18
0.692521   20.61  55.18
0.692521   20.58  55.18
0.692521   20.56  55.18
0.692042   20.56  55.18
0.692042   20.55  55.18
0.692042   20.55  55.18
0.691563   20.55  55.18
0.691563   20.54  55.18
0.691563   20.55  55.18
0.691085   20.55  55.18
0.691085   20.55  55.18
0.691085   20.54  55.18
0.690608   20.53  55.18
0.690608   20.49  55.18
0.690608   20.49  55.18
0.690131   20.49  55.18
0.690131   20.5  55.18
0.690131   20.5  55.18
0.690131   20.49  55.18
0.689655   20.49  55.18
0.68918   20.49  55.18
0.68918   20.49  55.18
0.68918   20.48  55.18
0.68918   20.46  55.18
0.688705   20.43  55.18
0.688705   20.42  55.18
0.688231   20.42  55.18
0.688231   20.43  55.18
0.688231   20.43  55.18
0.687758   20.42  55.18
0.687758   20.42  55.18
0.687758   20.42  55.18
0.687285   20.42  55.18
0.687285   20.42  55.18
0.687285   20.42  55.18
0.687285   20.42  55.18
0.686813   20.42  55.18
0.686813   20.42  55.18
0.686813   20.42  55.18
0.686813   20.42  55.18
0.686342   20.38  55.18
0.686342   20.35  55.18
0.685871   20.35  55.18
0.685871   20.35  55.18
0.685871   20.35  55.18
0.685401   20.35  55.18
0.685401   20.35  55.18
0.684932   20.35  55.18
0.684932   20.35  55.18
0.684463   20.34  55.18
0.684463   20.34  55.18
0.683995   20.3  55.18
0.683527   20.28  55.18
0.683527   20.28  55.18
0.68306   20.28  55.18
0.682594   20.28  55.18
0.682594   20.28  55.17
0.682128   20.27  55.18
0.682128   20.22  55.18
0.681663   20.21  55.17
0.681199   20.21  55.17
0.680735   20.21  55.18
0.680735   20.21  55.17
0.680272   20.2  55.17
0.67981   20.15  55.17
0.67981   20.14  55.17
0.679348   20.14  55.17
0.679348   20.14  55.17
0.678887   20.14  55.17
0.678887   20.14  55.17
0.678426   20.14  55.17
0.678426   20.13  55.17
0.678426   20.08  55.17
0.677966   20.09  55.17
0.677966   20.09  55.17
0.677507   20.09  55.17
0.677507   20.08  55.17
0.677507   20.07  55.17
0.677048   20.07  55.17
0.677048   20.07  55.17
0.677048   20.07  55.17
0.67659   20.07  55.17
0.67659   20.07  55.17
0.67659   20.07  55.17
0.676133   20.07  55.17
0.676133   20.07  55.17
0.675676   20.07  55.17
0.675676   20.07  55.17
0.675676   20.07  55.17
0.675676   20.07  55.17
0.675676   20.07  55.17
0.675676   20.07  55.17
0.675676   20.03  55.17
0.675676   20  55.17
0.675219   20  55.17
0.675219   20  55.17
0.674764   20  55.17
0.674764   20  55.17
0.674309   20  55.17
0.674309   20  55.17
0.674309   20  55.17
0.674309   19.99  55.17
0.673854   20  55.17
0.673854   20  55.17
0.673401   19.99  55.17
0.673401   19.96  55.17
0.673401   19.96  55.17
0.673401   19.98  55.17
0.673401   19.98  55.17
0.672948   19.96  55.17
0.672948   19.95  55.17
0.672948   19.95  55.17
0.672495   19.95  55.17
0.672495   19.95  55.17
0.672043   19.95  55.17
0.671592   19.94  55.17
0.671141   19.91  55.17
0.671141   19.92  55.17
0.670691   19.9  55.17
0.670691   19.89  55.17
0.670691   19.89  55.17
0.670241   19.89  55.17
0.670241   19.89  55.17
0.669792   19.89  55.17
0.669792   19.89  55.17
0.669792   19.89  55.17
0.669344   19.89  55.17
0.669344   19.88  55.17
0.668896   19.88  55.17
0.668896   19.88  55.17
0.668449   19.85  55.17
0.668449   19.84  55.17
0.668449   19.84  55.17
0.668003   19.84  55.17
0.668003   19.84  55.17
0.667557   19.84  55.17
0.667557   19.84  55.17
0.667557   19.84  55.16
0.667111   19.81  55.17
0.667111   19.82  55.17
0.667111   19.8  55.16
0.666667   19.79  55.16
0.666667   19.79  55.17
0.666223   19.79  55.16
0.666223   19.79  55.16
0.666223   19.79  55.16
0.666223   19.79  55.16
0.666223   19.79  55.16
0.665779   19.79  55.16
0.665336   19.78  55.16
0.664894   19.76  55.16
0.664894   19.74  55.16
0.664452   19.74  55.16
0.664452   19.74  55.16
0.664452   19.74  55.16
0.664452   19.74  55.16
0.664011   19.74  55.16
0.664011   19.74  55.16
0.664011   19.73  55.16
0.664011   19.74  55.16
0.664011   19.74  55.16
0.664011   19.74  55.16
0.664011   19.74  55.16
0.66357   19.73  55.16
0.66357   19.71  55.16
0.66357   19.69  55.16
0.66313   19.69  55.16
0.662691   19.69  55.16
0.662691   19.69  55.16
0.662691   19.69  55.16
0.662252   19.69  55.16
0.662252   19.69  55.16
0.661813   19.69  55.16
0.661813   19.68  55.16
0.661376   19.67  55.16
0.661376   19.64  55.16
0.661376   19.63  55.16
0.660939   19.63  55.16
0.660502   19.63  55.16
0.660502   19.63  55.16
0.660066   19.63  55.16
0.659631   19.62  55.16
0.659631   19.58  55.16
0.659196   19.58  55.16
0.659196   19.58  55.16
0.659196   19.58  55.16
0.659196   19.58  55.16
0.659196   19.58  55.16
0.659196   19.58  55.16
0.659196   19.58  55.16
0.659196   19.58  55.16
0.659196   19.54  55.16
0.659196   19.55  55.16
0.658762   19.55  55.16
0.658762   19.55  55.16
0.658762   19.54  55.16
0.658762   19.53  55.16
0.658328   19.53  55.16
0.658328   19.53  55.16
0.658328   19.53  55.16
0.657895   19.52  55.16
0.657895   19.51  55.16
0.657895   19.5  55.16
0.657462   19.5  55.16
0.65703   19.5  55.16
0.65703   19.5  55.16
0.65703   19.48  55.16
0.656599   19.48  55.16
0.656599   19.48  55.16
0.656168   19.48  55.16
0.656168   19.48  55.16
0.655738   19.48  55.16
0.655738   19.48  55.16
0.655738   19.47  55.16
0.655308   19.48  55.16
0.654879   19.45  55.16
0.654879   19.45  55.16
0.654879   19.45  55.16
0.654879   19.45  55.16
0.65445   19.45  55.16
0.65445   19.45  55.16
0.65445   19.45  55.16
0.65445   19.45  55.16
0.654022   19.45  55.16
0.654022   19.44  55.16
0.653595   19.43  55.16
0.653595   19.43  55.16
0.653168   19.43  55.16
0.652742   19.43  55.16
0.652742   19.43  55.15
0.652742   19.41  55.15
0.652316   19.4  55.15
0.652316   19.4  55.15
0.652316   19.4  55.15
0.65189   19.4  55.15
0.651466   19.38  55.15
0.651466   19.38  55.15
0.651466   19.38  55.15
0.651466   19.37  55.15
0.651042   19.37  55.15
0.651042   19.37  55.15
0.651042   19.37  55.15
0.651042   19.37  55.15
0.651042   19.35  55.15
0.650618   19.34  55.15
0.650618   19.35  55.15
0.650195   19.33  55.15
0.650195   19.32  55.15
0.650195   19.32  55.15
0.649773   19.33  55.15
0.649773   19.31  55.15
0.649351   19.3  55.15
0.648929   19.28  55.15
0.648929   19.28  55.15
0.648929   19.27  55.15
0.648929   19.27  55.15
0.648508   19.27  55.15
0.648508   19.26  55.15
0.648508   19.25  55.15
0.648088   19.25  55.15
0.648088   19.24  55.15
0.648088   19.24  55.15
0.647668   19.25  55.15
0.647249   19.24  55.15
0.647249   19.24  55.14
0.646831   19.24  55.14
0.646831   19.21  55.14
0.646831   19.19  55.14
0.646831   19.21  55.14
0.646412   19.2  55.14
0.646412   19.19  55.14
0.645995   19.17  55.14
0.645995   19.17  55.14
0.645578   19.18  55.14
0.645578   19.17  55.14
0.645578   19.16  55.14
0.645161   19.14  55.14
0.645161   19.14  55.14
0.644745   19.12  55.14
0.644745   19.1  55.14
0.644745   19.09  55.14
0.644745   19.09  55.14
0.64433   19.08  55.14
0.64433   19.09  55.14
0.64433   19.09  55.14
0.643915   19.11  55.14
0.643915   19.09  55.14
0.643501   19.06  55.14
0.643501   19.06  55.14
0.643501   19.06  55.14
0.643501   19.06  55.14
0.643501   19.06  55.14
0.643087   19.05  55.14
0.643087   19.05  55.14
0.643087   19.05  55.14
0.642674   19.05  55.14
0.642674   19.04  55.14
0.642261   19.04  55.14
0.642261   19.03  55.14
0.642261   19.03  55.14
0.641849   19.03  55.14
0.641849   19.02  55.14
0.641437   19.03  55.14
0.641437   19.01  55.14
0.641437   19.01  55.14
0.641437   19  55.14
0.641026   19  55.14
0.641026   18.98  55.14
0.641026   18.98  55.14
0.640615   18.97  55.14
0.640615   18.96  55.14
0.640615   18.94  55.14
0.640205   18.93  55.14
0.640205   18.93  55.13
0.639795   18.93  55.14
0.639795   18.91  55.14
0.639386   18.91  55.13
0.639386   18.9  55.13
0.639386   18.89  55.13
0.638978   18.88  55.13
0.638978   18.87  55.13
0.63857   18.87  55.13
0.63857   18.86  55.13
0.638162   18.85  55.13
0.638162   18.84  55.13
0.638162   18.84  55.13
0.638162   18.84  55.13
0.637755   18.83  55.13
0.637755   18.83  55.13
0.637349   18.82  55.13
0.637349   18.82  55.13
0.636943   18.81  55.13
0.636943   18.8  55.13
0.636943   18.8  55.13
0.636943   18.79  55.13
0.636537   18.79  55.13
0.636537   18.79  55.13
0.636537   18.79  55.13
0.636537   18.78  55.13
0.636132   18.78  55.13
0.636132   18.78  55.13
0.636132   18.78  55.13
0.636132   18.78  55.13
0.636132   18.77  55.13
0.635728   18.77  55.13
0.635728   18.77  55.13
0.635728   18.77  55.13
0.635324   18.77  55.13
0.635324   18.76  55.13
0.634921   18.75  55.13
0.634921   18.74  55.13
0.634518   18.74  55.13
0.634115   18.73  55.13
0.634115   18.72  55.13
0.633714   18.72  55.13
0.633714   18.71  55.13
0.633312   18.71  55.13
0.632911   18.7  55.13
0.632911   18.69  55.13
0.632511   18.68  55.13
0.632511   18.68  55.13
0.632111   18.67  55.13
0.632111   18.66  55.13
0.631712   18.66  55.13
0.631313   18.65  55.13
0.631313   18.65  55.13
0.630915   18.65  55.13
0.630915   18.65  55.13
0.630915   18.65  55.13
0.630517   18.64  55.13
0.630517   18.64  55.13
0.630517   18.64  55.13
0.630517   18.64  55.13
0.63012   18.63  55.13
0.63012   18.63  55.13
0.63012   18.63  55.13
0.63012   18.63  55.13
0.63012   18.63  55.13
0.63012   18.62  55.13
0.629723   18.62  55.13
0.629723   18.61  55.13
0.629723   18.61  55.13
0.629723   18.61  55.13
0.629723   18.61  55.13
0.629723   18.61  55.13
0.629327   18.6  55.13
0.629327   18.6  55.13
0.629327   18.6  55.13
0.629327   18.6  55.13
0.629327   18.6  55.13
0.629327   18.6  55.13
0.629327   18.6  55.13
0.629327   18.6  55.13
0.628931   18.6  55.13
0.628931   18.59  55.13
0.628931   18.58  55.13
0.628536   18.58  55.13
0.628536   18.57  55.13
0.628536   18.57  55.13
0.628536   18.57  55.13
0.628536   18.57  55.13
0.628536   18.57  55.13
0.628536   18.57  55.13
0.628536   18.57  55.13
0.628536   18.57  55.13
0.628536   18.57  55.13
0.628536   18.57  55.13
0.628536   18.57  55.13
0.628536   18.57  55.13
0.628536   18.57  55.12
0.628536   18.57  55.13
0.628536   18.57  55.12
0.628536   18.57  55.12
0.628536   18.57  55.12
0.628536   18.57  55.12
0.628536   18.57  55.12
0.628141   18.57  55.12
0.628141   18.55  55.12
0.627746   18.54  55.12
0.627353   18.54  55.12
0.626959   18.53  55.12
0.626566   18.52  55.12
0.626566   18.51  55.12
0.626174   18.51  55.12
0.625782   18.5  55.12
0.625782   18.49  55.12
0.625391   18.48  55.12
0.625   18.48  55.12
0.625   18.46  55.12
0.62461   18.46  55.12
0.62461   18.46  55.12
0.62461   18.45  55.12
0.62422   18.44  55.11
0.62422   18.44  55.11
0.62422   18.44  55.11
0.62422   18.44  55.11
0.62422   18.43  55.11
0.62383   18.43  55.11
0.623441   18.42  55.11
0.623441   18.41  55.11
0.623053   18.4  55.11
0.622665   18.39  55.11
0.622665   18.39  55.11
0.622665   18.38  55.11
0.622278   18.37  55.11
0.622278   18.37  55.11
0.622278   18.37  55.11
0.622278   18.37  55.11
0.622278   18.37  55.11
0.621891   18.37  55.11
0.621891   18.36  55.11
0.621891   18.36  55.11
0.621504   18.36  55.11
0.621504   18.36  55.11
0.621504   18.35  55.11
0.621118   18.34  55.11
0.620732   18.32  55.11
0.620347   18.32  55.11
0.619963   18.31  55.11
0.619963   18.31  55.11
0.619963   18.3  55.11
0.619579   18.3  55.11
0.619195   18.29  55.11
0.619195   18.28  55.11
0.618812   18.27  55.11
0.618429   18.26  55.11
0.618429   18.25  55.11
0.618429   18.25  55.11
0.618047   18.24  55.11
0.617665   18.24  55.11
0.617665   18.24  55.11
0.617284   18.22  55.11
0.617284   18.22  55.11
0.616903   18.21  55.11
0.616523   18.21  55.11
0.616523   18.21  55.11
0.616143   18.2  55.11
0.616143   18.19  55.1
0.615764   18.18  55.1
0.615385   18.18  55.1
0.615385   18.17  55.1
0.615006   18.17  55.1
0.615006   18.16  55.1
0.614628   18.15  55.1
0.614628   18.15  55.1
0.614251   18.14  55.1
0.614251   18.14  55.1
0.614251   18.14  55.1
0.613874   18.13  55.1
0.613874   18.13  55.1
0.613497   18.12  55.1
0.613497   18.12  55.1
0.613497   18.11  55.1
0.613497   18.11  55.1
0.613121   18.11  55.1
0.613121   18.11  55.1
0.613121   18.11  55.1
0.613121   18.11  55.1
0.613121   18.11  55.1
0.612745   18.11  55.1
0.612745   18.11  55.1
0.612745   18.11  55.1
0.612745   18.11  55.1
0.61237   18.1  55.1
0.61237   18.08  55.1
0.61237   18.08  55.1
0.61237   18.08  55.1
0.611995   18.07  55.1
0.611995   18.07  55.1
0.611995   18.06  55.1
0.611995   18.06  55.1
0.611621   18.05  55.1
0.611621   18.05  55.1
0.611621   18.05  55.1
0.611247   18.05  55.1
0.611247   18.05  55.1
0.611247   18.04  55.1
0.611247   18.04  55.1
0.611247   18.04  55.1
0.610874   18.03  55.1
0.610874   18.03  55.1
0.610874   18.03  55.1
0.610501   18.03  55.1
0.610501   18.03  55.1
0.610501   18.02  55.1
0.610501   18.02  55.1
0.610501   18.01  55.1
0.610128   18  55.1
0.610128   18  55.1
0.610128   18  55.1
0.609756   17.99  55.1
0.609756   17.99  55.1
0.609756   17.98  55.1
0.609385   17.98  55.1
0.609385   17.98  55.1
0.609385   17.98  55.1
0.609385   17.97  55.1
0.609013   17.97  55.1
0.609013   17.96  55.1
0.608643   17.96  55.1
0.608273   17.95  55.1
0.608273   17.94  55.1
0.608273   17.93  55.1
0.607903   17.93  55.1
0.607533   17.92  55.1
0.607533   17.92  55.1
0.607533   17.92  55.1
0.607165   17.91  55.1
0.607165   17.91  55.1
0.606796   17.91  55.1
0.606796   17.91  55.1
0.606796   17.9  55.1
0.606428   17.9  55.1
0.606428   17.89  55.1
0.606061   17.89  55.1
0.606061   17.88  55.1
0.605694   17.87  55.1
0.605694   17.87  55.1
0.605694   17.86  55.1
0.605694   17.86  55.1
0.605327   17.85  55.1
0.604961   17.84  55.1
0.604595   17.82  55.1
0.60423   17.81  55.1
0.603865   17.8  55.1
0.603136   17.79  55.1
0.602773   17.79  55.09
0.602773   17.78  55.1
0.60241   17.77  55.1
0.602047   17.76  55.09
0.602047   17.75  55.09
0.601685   17.75  55.09
0.601323   17.74  55.09
0.600962   17.73  55.09
0.600601   17.71  55.09
0.59988   17.7  55.09
0.59988   17.69  55.09
0.59952   17.69  55.09
0.599161   17.68  55.09
0.598802   17.67  55.09
0.598444   17.66  55.09
0.598444   17.65  55.09
0.598444   17.65  55.09
0.598444   17.64  55.09
0.598086   17.64  55.09
0.598086   17.64  55.09
0.598086   17.64  55.09
0.598086   17.64  55.09
0.598086   17.64  55.09
0.598086   17.64  55.09
0.598086   17.64  55.09
0.597729   17.63  55.09
0.597729   17.62  55.09
0.597729   17.62  55.09
0.597372   17.61  55.09
0.597372   17.6  55.09
0.597015   17.6  55.09
0.597015   17.6  55.09
0.597015   17.59  55.09
0.597015   17.59  55.09
0.596659   17.59  55.09
0.596659   17.59  55.09
0.596659   17.59  55.09
0.596303   17.58  55.09
0.595948   17.58  55.09
0.595593   17.56  55.09
0.595238   17.56  55.09
0.595238   17.54  55.09
0.594884   17.53  55.09
0.59453   17.52  55.09
0.59453   17.52  55.09
0.594177   17.52  55.09
0.594177   17.52  55.09
0.593824   17.51  55.09
0.593472   17.5  55.09
0.59312   17.49  55.09
0.592768   17.48  55.09
0.592417   17.47  55.08
0.592417   17.46  55.08
0.592417   17.46  55.08
0.592066   17.46  55.08
0.592066   17.45  55.08
0.592066   17.45  55.08
0.591716   17.44  55.08
0.591716   17.43  55.08
0.591366   17.43  55.08
0.591366   17.43  55.08
0.591366   17.42  55.08
0.591017   17.42  55.08
0.591017   17.42  55.08
0.591017   17.41  55.08
0.590667   17.4  55.08
0.590667   17.39  55.08
0.590667   17.39  55.08
0.590667   17.39  55.08
0.590667   17.39  55.08
0.590319   17.39  55.08
0.590319   17.38  55.08
0.589971   17.37  55.08
0.589971   17.37  55.08
0.589623   17.37  55.08
0.589623   17.36  55.08
0.589275   17.36  55.08
0.588928   17.35  55.08
0.588928   17.34  55.08
0.588582   17.33  55.08
0.588582   17.33  55.08
0.588235   17.33  55.08
0.587889   17.31  55.08
0.587544   17.31  55.08
0.587544   17.3  55.08
0.587199   17.29  55.08
0.586854   17.29  55.08
0.586854   17.29  55.08
0.586854   17.28  55.08
0.58651   17.27  55.08
0.58651   17.27  55.08
0.586166   17.26  55.08
0.585823   17.26  55.08
0.585823   17.25  55.08
0.58548   17.24  55.08
0.585138   17.24  55.08
0.585138   17.23  55.08
0.584795   17.23  55.08
0.584454   17.23  55.08
0.584454   17.21  55.08
0.584112   17.2  55.08
0.583771   17.2  55.07
0.583431   17.2  55.08
0.583431   17.19  55.07
0.583431   17.18  55.07
0.583431   17.18  55.07
0.58309   17.18  55.07
0.58309   17.16  55.07
0.58309   17.16  55.07
0.58309   17.16  55.07
0.582751   17.15  55.07
0.582751   17.14  55.07
0.582411   17.14  55.07
0.582411   17.14  55.07
0.582072   17.14  55.07
0.582072   17.13  55.07
0.581734   17.13  55.07
0.581734   17.13  55.07
0.581395   17.13  55.07
0.581395   17.12  55.07
0.581058   17.11  55.07
0.581058   17.11  55.07
0.58072   17.11  55.07
0.580383   17.09  55.07
0.580383   17.09  55.07
0.580046   17.08  55.07
0.580046   17.08  55.07
0.580046   17.07  55.07
0.57971   17.07  55.07
0.57971   17.07  55.07
0.57971   17.07  55.07
0.57971   17.06  55.07
0.579374   17.06  55.07
0.579039   17.05  55.07
0.579039   17.04  55.07
0.578704   17.04  55.07
0.578704   17.03  55.07
0.578369   17.02  55.07
0.578369   17.02  55.07
0.578035   17.01  55.07
0.578035   17  55.07
0.577701   16.99  55.07
0.577701   16.99  55.07
0.577701   16.99  55.07
0.577701   16.99  55.07
0.577367   16.99  55.07
0.577367   16.98  55.07
0.577034   16.98  55.07
0.577034   16.98  55.07
0.577034   16.97  55.07
0.577034   16.97  55.06
0.577034   16.97  55.07
0.576701   16.97  55.06
0.576701   16.97  55.06
0.576701   16.97  55.06
0.576701   16.97  55.06
0.576701   16.97  55.06
0.576701   16.96  55.06
0.576701   16.96  55.06
0.576701   16.96  55.06
0.576701   16.96  55.06
0.576369   16.95  55.06
0.576369   16.95  55.06
0.576369   16.95  55.06
0.576369   16.95  55.06
0.576037   16.94  55.06
0.576037   16.93  55.06
0.576037   16.93  55.06
0.576037   16.93  55.06
0.576037   16.93  55.06
0.576037   16.93  55.06
0.576037   16.93  55.06
0.575705   16.92  55.06
0.575705   16.92  55.06
0.575705   16.92  55.06
0.575705   16.92  55.06
0.575374   16.91  55.06
0.575374   16.91  55.06
0.575374   16.91  55.06
0.575043   16.91  55.06
0.575043   16.91  55.06
0.574713   16.9  55.06
0.574713   16.9  55.06
0.574713   16.9  55.06
0.574713   16.9  55.06
0.574713   16.9  55.06
0.574383   16.9  55.06
0.574383   16.89  55.06
0.574383   16.88  55.06
0.574053   16.88  55.06
0.574053   16.88  55.06
0.574053   16.88  55.06
0.573723   16.87  55.06
0.573723   16.87  55.06
0.573723   16.87  55.06
0.573723   16.86  55.06
0.573394   16.86  55.06
0.573394   16.86  55.06
0.573066   16.85  55.06
0.573066   16.85  55.06
0.572738   16.84  55.06
0.572738   16.84  55.06
0.572738   16.84  55.06
0.572738   16.83  55.06
0.57241   16.83  55.06
0.57241   16.83  55.06
0.572082   16.83  55.06
0.571755   16.81  55.06
0.571755   16.81  55.06
0.571429   16.81  55.06
0.571429   16.8  55.06
0.571429   16.79  55.06
0.571102   16.79  55.06
0.570776   16.79  55.06
0.570776   16.79  55.06
0.570776   16.79  55.06
0.570451   16.78  55.06
0.570451   16.77  55.06
0.570125   16.77  55.06
0.570125   16.76  55.06
0.569801   16.75  55.06
0.569801   16.75  55.06
0.569476   16.75  55.06
0.569476   16.74  55.06
0.569152   16.74  55.06
0.569152   16.74  55.06
0.568828   16.73  55.06
0.568828   16.73  55.05
0.568828   16.72  55.06
0.568505   16.72  55.06
0.568505   16.72  55.06
0.568828   16.72  55.05
0.568828   16.72  55.05
0.568828   16.72  55.05
0.568828   16.72  55.05
0.568828   16.72  55.05
0.568505   16.72  55.05
0.568505   16.71  55.05
0.568182   16.7  55.05
0.567859   16.69  55.05
0.567537   16.68  55.05
0.567537   16.68  55.05
0.567215   16.68  55.05
0.567215   16.67  55.05
0.567215   16.66  55.05
0.566893   16.66  55.05
0.566893   16.66  55.05
0.566893   16.66  55.05
0.566572   16.66  55.05
0.566572   16.65  55.05
0.566572   16.64  55.05
0.566572   16.64  55.05
0.566251   16.64  55.05
0.566251   16.64  55.05
0.566251   16.64  55.05
0.566251   16.64  55.05
0.565931   16.64  55.05
0.565931   16.63  55.05
0.565931   16.63  55.05
0.565611   16.62  55.05
0.565291   16.61  55.05
0.564972   16.6  55.05
0.564972   16.6  55.05
0.564653   16.6  55.05
0.564653   16.59  55.05
0.564653   16.59  55.05
0.564653   16.58  55.05
0.564334   16.58  55.05
0.564334   16.58  55.05
0.564016   16.58  55.05
0.564016   16.56  55.05
0.563698   16.56  55.05
0.563698   16.56  55.05
0.56338   16.55  55.05
0.563063   16.54  55.05
0.563063   16.54  55.05
0.562746   16.52  55.05
0.562746   16.52  55.05
0.56243   16.52  55.05
0.56243   16.52  55.05
0.562114   16.51  55.05
0.562114   16.5  55.05
0.561798   16.5  55.05
0.561798   16.5  55.05
0.561798   16.5  55.05
0.561482   16.5  55.05
0.561482   16.48  55.05
0.561167   16.48  55.05
0.561167   16.48  55.05
0.560852   16.46  55.05
0.560538   16.46  55.05
0.560538   16.46  55.05
0.560224   16.45  55.05
0.55991   16.44  55.05
0.55991   16.44  55.05
0.559597   16.44  55.05
0.559284   16.43  55.05
0.558971   16.42  55.04
0.558971   16.42  55.05
0.558659   16.41  55.04
0.558659   16.4  55.04
0.558347   16.4  55.04
0.558347   16.39  55.04
0.558036   16.38  55.04
0.558036   16.38  55.04
0.558036   16.38  55.04
0.557724   16.38  55.04
0.557724   16.38  55.04
0.557414   16.37  55.04
0.557414   16.37  55.04
0.557103   16.36  55.04
0.557103   16.36  55.04
0.556793   16.35  55.04
0.556483   16.34  55.04
0.556483   16.34  55.04
0.556174   16.33  55.04
0.555864   16.33  55.04
0.555864   16.32  55.04
0.555864   16.32  55.04
0.555556   16.31  55.04
0.555247   16.3  55.04
0.554939   16.3  55.04
0.554939   16.29  55.04
0.554631   16.29  55.04
0.554631   16.29  55.04
0.554631   16.29  55.04
0.554631   16.29  55.04
0.554631   16.29  55.04
0.554324   16.28  55.04
0.554017   16.27  55.04
0.554017   16.27  55.04
0.553403   16.25  55.04
0.553403   16.25  55.04
0.553097   16.24  55.04
0.553097   16.24  55.04
0.553097   16.23  55.04
0.553097   16.23  55.04
0.553097   16.23  55.04
0.552792   16.22  55.04
0.552792   16.22  55.04
0.552486   16.22  55.04
0.552181   16.21  55.04
0.551876   16.2  55.04
0.551572   16.2  55.04
0.551268   16.19  55.03
0.550964   16.18  55.03
0.550964   16.17  55.03
0.550661   16.16  55.03
0.550661   16.16  55.03
0.550358   16.15  55.03
0.550358   16.15  55.03
0.550055   16.14  55.03
0.550055   16.14  55.03
0.549753   16.14  55.03
0.549753   16.13  55.03
0.549451   16.12  55.03
0.549451   16.12  55.03
0.549149   16.12  55.03
0.549149   16.11  55.03
0.548847   16.1  55.03
0.548847   16.1  55.03
0.548546   16.1  55.03
0.548246   16.1  55.03
0.548246   16.09  55.03
0.548246   16.08  55.03
0.547945   16.08  55.03
0.547645   16.07  55.03
0.547345   16.06  55.03
0.547345   16.06  55.03
0.547046   16.06  55.03
0.547046   16.04  55.03
0.546747   16.04  55.03
0.546448   16.03  55.03
0.54615   16.02  55.03
0.54615   16.02  55.03
0.545852   16.02  55.03
0.545852   16.02  55.03
0.545554   16.01  55.03
0.545554   16  55.03
0.545256   16  55.03
0.545256   16  55.03
0.544662   15.98  55.03
0.54407   15.96  55.03
0.543478   15.95  55.03
0.543183   15.94  55.03
0.542888   15.94  55.03
0.542888   15.92  55.03
0.542594   15.92  55.03
0.542299   15.92  55.03
0.542299   15.9  55.03
0.542005   15.9  55.03
0.541712   15.9  55.03
0.541712   15.9  55.03
0.541419   15.9  55.03
0.541419   15.88  55.03
0.541126   15.88  55.03
0.541126   15.88  55.03
0.540833   15.87  55.03
0.540541   15.86  55.03
0.540249   15.85  55.03
0.540249   15.84  55.03
0.539957   15.84  55.03
0.539957   15.84  55.03
0.540249   15.82  55.03
0.539665   15.82  55.03
0.539374   15.82  55.03
0.539665   15.82  55.03
0.539665   15.82  55.03
0.539374   15.81  55.03
0.539374   15.8  55.03
0.539084   15.8  55.02
0.538793   15.8  55.02
0.538503   15.78  55.02
0.538213   15.77  55.02
0.537924   15.76  55.02
0.537634   15.75  55.02
0.537924   15.74  55.02
0.537057   15.73  55.02
0.536481   15.72  55.02
0.536193   15.71  55.02
0.535619   15.69  55.02
0.535332   15.67  55.02
0.535045   15.66  55.02
0.534759   15.65  55.02
0.534474   15.65  55.02
0.533903   15.64  55.02
0.533618   15.63  55.02
0.533333   15.61  55.02
0.533049   15.61  55.02
0.532765   15.6  55.02
0.532481   15.59  55.02
0.532198   15.57  55.02
0.531915   15.57  55.02
0.531632   15.57  55.02
0.53135   15.55  55.02
0.53135   15.55  55.02
0.531067   15.55  55.02
0.530786   15.54  55.02
0.530504   15.53  55.02
0.530223   15.52  55.02
0.529942   15.51  55.02
0.529661   15.5  55.02
0.529101   15.5  55.02
0.528821   15.49  55.02
0.528262   15.47  55.02
0.527704   15.45  55.02
0.527426   15.44  55.02
0.52687   15.43  55.02
0.526593   15.42  55.02
0.526316   15.41  55.02
0.526039   15.4  55.02
0.526039   15.4  55.02
0.525762   15.4  55.02
0.525486   15.38  55.01
0.52521   15.38  55.02
0.524934   15.36  55.01
0.524934   15.36  55.01
0.524934   15.36  55.01
0.524659   15.36  55.01
0.524109   15.34  55.01
0.523834   15.33  55.01
0.52356   15.32  55.01
0.523286   15.31  55.01
0.523286   15.31  55.01
0.523013   15.3  55.01
0.522739   15.3  55.01
0.522466   15.29  55.01
0.522193   15.27  55.01
0.522193   15.27  55.01
0.521648   15.26  55.01
0.521376   15.25  55.01
0.521376   15.25  55.01
0.521105   15.24  55.01
0.520833   15.23  55.01
0.520562   15.23  55.01
0.520291   15.22  55.01
0.520021   15.21  55.01
0.519751   15.21  55.01
0.519481   15.2  55.01
0.519211   15.19  55.01
0.518672   15.19  55.01
0.518403   15.17  55.01
0.517866   15.15  55.01
0.517598   15.15  55.01
0.517063   15.14  55.01
0.517063   15.13  55.01
0.516529   15.11  55.01
0.516262   15.1  55.01
0.51573   15.1  55.01
0.515464   15.09  55.01
0.515464   15.08  55.01
0.515198   15.08  55.01
0.514933   15.06  55.01
0.514933   15.06  55.01
0.514933   15.06  55
0.514668   15.05  55
0.514403   15.04  55
0.514139   15.04  55
0.513875   15.02  55
0.513347   15  55
0.512821   15  55
0.512295   14.99  55
0.512033   14.98  55
0.511771   14.97  55
0.511509   14.96  55
0.511247   14.95  55
0.510986   14.95  55
0.510725   14.94  55
0.510465   14.93  55
0.510204   14.93  55
0.510204   14.93  55
0.509944   14.91  55
0.509684   14.9  55
0.509165   14.89  55
0.508647   14.87  55
0.508388   14.85  55
0.50813   14.85  55
0.50813   14.85  55
0.507872   14.84  55
0.507872   14.83  55
0.507872   14.83  55
0.507614   14.83  55
0.507357   14.83  55
0.507099   14.82  55
0.506842   14.81  55
0.506329   14.8  55
0.505817   14.78  55
0.505561   14.77  55
0.505306   14.77  55
0.505051   14.76  55
0.504541   14.75  55
0.504032   14.74  55
0.503778   14.72  55
0.503271   14.7  55
0.503018   14.7  55
0.502765   14.69  55
0.502765   14.69  55
0.502513   14.68  55
0.502513   14.68  55
0.502513   14.68  55
0.502765   14.68  55
0.502513   14.68  55
0.502513   14.68  55
0.50226   14.68  55
0.50226   14.67  55
0.50226   14.66  55
0.502008   14.66  55
0.501756   14.65  55
0.501756   14.64  55
0.501505   14.64  55
0.501253   14.63  55
0.500751   14.62  55
0.50025   14.61  55
0.5   14.6  54.99
0.4995   14.58  55
0.4995   14.58  54.99
0.499251   14.58  54.99
0.499002   14.56  54.99
0.498753   14.56  54.99
0.498256   14.55  54.99
0.49776   14.54  54.99
0.497265   14.53  54.99
0.496771   14.51  54.99
0.496524   14.5  54.99
0.496278   14.5  54.99
0.496032   14.49  54.99
0.496032   14.48  54.99
0.495786   14.47  54.99
0.49554   14.47  54.99
0.495295   14.46  54.99
0.49505   14.46  54.99
0.494805   14.44  54.99
0.494805   14.44  54.99
0.494805   14.44  54.99
0.49456   14.44  54.99
0.494315   14.42  54.99
0.494071   14.42  54.99
0.493827   14.42  54.99
0.49334   14.4  54.99
0.493097   14.4  54.99
0.493097   14.39  54.99
0.492854   14.39  54.99
0.492854   14.38  54.99
0.492611   14.38  54.99
0.492368   14.38  54.99
0.492368   14.37  54.99
0.492126   14.36  54.99
0.491642   14.36  54.99
0.4914   14.35  54.99
0.4914   14.34  54.99
0.491159   14.34  54.99
0.490918   14.34  54.99
0.490918   14.34  54.99
0.490918   14.34  54.99
0.491159   14.34  54.99
0.491159   14.34  54.99
0.491159   14.34  54.99
0.491159   14.34  54.99
0.490918   14.33  54.98
0.490918   14.33  54.98
0.490677   14.32  54.98
0.490436   14.31  54.98
0.490436   14.3  54.98
0.490196   14.3  54.98
0.489716   14.29  54.98
0.489476   14.28  54.98
0.488998   14.28  54.98
0.488759   14.27  54.98
0.48852   14.26  54.98
0.488281   14.25  54.98
0.487805   14.24  54.98
0.487805   14.24  54.98
0.487805   14.24  54.98
0.487567   14.23  54.98
0.487329   14.22  54.98
0.487092   14.22  54.98
0.487092   14.21  54.98
0.486855   14.2  54.98
0.486618   14.19  54.98
0.486618   14.19  54.98
0.486618   14.18  54.98
0.486381   14.18  54.98
0.486145   14.18  54.98
0.485909   14.18  54.98
0.485909   14.18  54.98
0.485673   14.17  54.98
0.485437   14.17  54.97
0.485437   14.17  54.97
0.485437   14.16  54.97
0.485201   14.16  54.97
0.485201   14.15  54.97
0.484966   14.15  54.97
0.484731   14.14  54.97
0.484731   14.13  54.97
0.484496   14.13  54.97
0.484262   14.12  54.97
0.484027   14.12  54.97
0.483793   14.11  54.97
0.483793   14.11  54.97
0.483559   14.1  54.97
0.483092   14.09  54.97
0.482859   14.08  54.97
0.482625   14.07  54.97
0.482625   14.07  54.97
0.482393   14.07  54.97
0.48216   14.05  54.97
0.481928   14.05  54.97
0.481696   14.04  54.97
0.481696   14.03  54.97
0.481464   14.03  54.97
0.481232   14.03  54.97
0.481   14.02  54.97
0.481   14.01  54.97
0.480538   14.01  54.97
0.480307   13.99  54.97
0.480307   13.99  54.97
0.479846   13.98  54.97
0.479616   13.97  54.97
0.479386   13.97  54.97
0.479157   13.96  54.97
0.478927   13.95  54.97
0.478927   13.95  54.97
0.478698   13.95  54.97
0.47824   13.93  54.97
0.477783   13.92  54.97
0.477555   13.91  54.97
0.477099   13.9  54.97
0.476872   13.9  54.97
0.476644   13.89  54.97
0.476644   13.89  54.97
0.476644   13.88  54.97
0.476417   13.87  54.97
0.47619   13.87  54.97
0.475964   13.85  54.97
0.475737   13.85  54.97
0.475511   13.84  54.97
0.475059   13.83  54.97
0.474834   13.83  54.97
0.474608   13.82  54.97
0.474383   13.82  54.97
0.474383   13.82  54.97
0.474158   13.82  54.97
0.474158   13.81  54.97
0.473934   13.81  54.97
0.473934   13.8  54.97
0.473709   13.8  54.97
0.473485   13.79  54.97
0.473261   13.78  54.97
0.473261   13.78  54.97
0.472813   13.77  54.96
0.47259   13.76  54.97
0.472367   13.75  54.96
0.472144   13.75  54.96
0.471698   13.74  54.96
0.471476   13.73  54.96
0.471254   13.72  54.96
0.471254   13.72  54.96
0.471032   13.72  54.96
0.471032   13.72  54.96
0.471032   13.71  54.96
0.47081   13.71  54.96
0.470588   13.71  54.96
0.470588   13.7  54.96
0.470588   13.7  54.96
0.470367   13.7  54.96
0.470367   13.69  54.96
0.470146   13.68  54.96
0.470146   13.68  54.96
0.469925   13.68  54.96
0.469925   13.68  54.96
0.469704   13.67  54.96
0.469484   13.67  54.96
0.469263   13.67  54.96
0.469263   13.66  54.96
0.469043   13.65  54.96
0.468823   13.65  54.96
0.468604   13.64  54.96
0.468384   13.63  54.96
0.468384   13.63  54.96
0.468165   13.62  54.96
0.467946   13.62  54.96
0.467727   13.61  54.96
0.467727   13.61  54.96
0.467508   13.6  54.96
0.467508   13.6  54.96
0.46729   13.59  54.96
0.467071   13.58  54.95
0.466853   13.58  54.95
0.466636   13.58  54.95
0.466418   13.57  54.96
0.4662   13.57  54.95
0.465983   13.56  54.95
0.465766   13.55  54.95
0.465549   13.55  54.95
0.465116   13.53  54.95
0.4649   13.52  54.95
0.464684   13.52  54.95
0.464468   13.52  54.95
0.464253   13.51  54.95
0.464037   13.5  54.95
0.463822   13.5  54.95
0.463822   13.49  54.95
0.463607   13.49  54.95
0.463392   13.48  54.95
0.463177   13.47  54.95
0.462963   13.47  54.95
0.462749   13.46  54.95
0.462535   13.44  54.95
0.462321   13.44  54.95
0.462107   13.44  54.95
0.461681   13.42  54.95
0.461467   13.42  54.95
0.461467   13.42  54.95
0.461255   13.42  54.95
0.461042   13.41  54.95
0.460829   13.4  54.95
0.460405   13.39  54.95
0.460405   13.38  54.95
0.460193   13.38  54.95
0.459982   13.37  54.95
0.45977   13.37  54.95
0.459559   13.36  54.95
0.459137   13.36  54.95
0.458926   13.34  54.95
0.458505   13.33  54.95
0.458085   13.33  54.95
0.457875   13.32  54.95
0.457666   13.32  54.95
0.457247   13.31  54.95
0.457038   13.3  54.95
0.45683   13.29  54.95
0.45683   13.29  54.95
0.456621   13.28  54.95
0.456413   13.28  54.95
0.456413   13.26  54.95
0.456204   13.26  54.95
0.455996   13.26  54.95
0.455789   13.25  54.95
0.455581   13.25  54.95
0.455373   13.23  54.95
0.455166   13.23  54.95
0.454959   13.22  54.95
0.454752   13.22  54.95
0.454545   13.21  54.95
0.454339   13.2  54.95
0.453926   13.2  54.95
0.453721   13.19  54.95
0.453721   13.19  54.95
0.453721   13.18  54.95
0.453515   13.18  54.95
0.453309   13.16  54.95
0.452899   13.15  54.95
0.452489   13.14  54.95
0.45208   13.13  54.95
0.451671   13.13  54.95
0.451264   13.12  54.95
0.450857   13.1  54.95
0.450653   13.09  54.95
0.45045   13.08  54.95
0.450248   13.07  54.95
0.450045   13.07  54.95
0.449843   13.07  54.95
0.449843   13.07  54.95
0.449438   13.06  54.95
0.449035   13.04  54.95
0.448632   13.04  54.95
0.44843   13.03  54.95
0.448229   13.02  54.95
0.448029   13.01  54.95
0.448029   13  54.95
0.448029   13  54.95
0.448029   13  54.95
0.448029   13  54.95
0.447828   13  54.95
0.447628   13  54.95
0.447628   12.99  54.95
0.447628   12.99  54.95
0.447427   12.98  54.95
0.447227   12.98  54.94
0.447027   12.97  54.95
0.447027   12.97  54.95
0.446828   12.97  54.94
0.446628   12.96  54.94
0.446429   12.96  54.94
0.446229   12.95  54.94
0.44603   12.94  54.94
0.445831   12.94  54.94
0.445633   12.93  54.94
0.445236   12.92  54.94
0.44484   12.91  54.94
0.444642   12.9  54.94
0.444642   12.9  54.94
0.444444   12.89  54.94
0.444247   12.88  54.94
0.44405   12.88  54.94
0.443853   12.88  54.94
0.443656   12.87  54.94
0.443066   12.86  54.94
0.44287   12.86  54.94
0.442674   12.86  54.94
0.442478   12.85  54.94
0.441891   12.83  54.94
0.441501   12.82  54.94
0.441306   12.81  54.94
0.440917   12.81  54.94
0.440917   12.8  54.94
0.440723   12.8  54.94
0.440335   12.78  54.94
0.440141   12.78  54.94
0.439947   12.77  54.94
0.439947   12.77  54.94
0.439754   12.77  54.94
0.439754   12.77  54.94
0.439754   12.76  54.94
0.43956   12.76  54.94
0.43956   12.75  54.94
0.439367   12.75  54.94
0.439174   12.75  54.94
0.438982   12.74  54.94
0.438789   12.74  54.94
0.438789   12.73  54.94
0.438596   12.73  54.94
0.438596   12.73  54.94
0.438404   12.72  54.94
0.43802   12.71  54.94
0.437637   12.69  54.94
0.437445   12.69  54.94
0.437254   12.68  54.94
0.437254   12.68  54.94
0.436872   12.68  54.94
0.436681   12.67  54.94
0.436491   12.66  54.94
0.4363   12.65  54.94
0.43611   12.65  54.94
0.43592   12.65  54.94
0.43592   12.64  54.94
0.43573   12.64  54.94
0.43535   12.63  54.94
0.434972   12.62  54.94
0.434594   12.61  54.94
0.434405   12.6  54.94
0.434216   12.59  54.94
0.434216   12.59  54.94
0.434216   12.58  54.94
0.434028   12.58  54.93
0.434028   12.57  54.93
0.434028   12.57  54.93
0.434028   12.57  54.93
0.433651   12.57  54.93
0.433651   12.57  54.93
0.433651   12.57  54.93
0.433651   12.57  54.93
0.433651   12.56  54.93
0.433651   12.56  54.93
0.433276   12.55  54.93
0.432713   12.54  54.93
0.432526   12.53  54.93
0.432526   12.53  54.93
0.432526   12.53  54.93
0.432339   12.52  54.93
0.432339   12.52  54.93
0.432339   12.52  54.93
0.432339   12.52  54.93
0.432339   12.52  54.93
0.432339   12.52  54.93
0.432339   12.52  54.93
0.432526   12.52  54.93
0.432526   12.52  54.93
0.432339   12.52  54.93
0.432152   12.52  54.93
0.432152   12.52  54.92
0.431965   12.52  54.92
0.431779   12.51  54.93
0.431593   12.51  54.92
0.43122   12.49  54.93
0.430849   12.48  54.92
0.430478   12.47  54.92
0.430108   12.46  54.92
0.430108   12.46  54.92
0.429923   12.45  54.92
0.429738   12.45  54.92
0.429553   12.45  54.92
0.429369   12.44  54.92
0.429   12.44  54.92
0.428633   12.43  54.92
0.428266   12.41  54.92
0.428082   12.41  54.92
0.427716   12.4  54.92
0.427533   12.39  54.92
0.427168   12.39  54.92
0.426985   12.38  54.92
0.426803   12.37  54.92
0.426621   12.36  54.92
0.426439   12.36  54.92
0.426257   12.36  54.92
0.426257   12.35  54.92
0.426076   12.35  54.92
0.425894   12.34  54.92
0.425713   12.34  54.92
0.425532   12.33  54.92
0.425351   12.33  54.92
0.42517   12.32  54.92
0.424809   12.31  54.92
0.424809   12.3  54.92
0.424628   12.3  54.92
0.424448   12.3  54.92
0.424268   12.29  54.92
0.424268   12.29  54.92
0.424088   12.28  54.92
0.423729   12.28  54.92
0.423729   12.27  54.92
0.423549   12.27  54.92
0.42337   12.26  54.92
0.42337   12.26  54.92
0.42337   12.26  54.92
0.423191   12.26  54.92
0.423191   12.26  54.92
0.423012   12.25  54.91
0.422654   12.25  54.91
0.422476   12.24  54.91
0.422476   12.24  54.91
0.422476   12.24  54.91
0.422476   12.24  54.91
0.422119   12.23  54.91
0.421941   12.22  54.91
0.421941   12.22  54.91
0.421941   12.22  54.91
0.421941   12.22  54.91
0.421941   12.22  54.91
0.421941   12.22  54.91
0.421941   12.22  54.91
0.421941   12.22  54.91
0.421941   12.22  54.91
0.421763   12.21  54.91
0.421408   12.2  54.91
0.421053   12.19  54.91
0.420345   12.18  54.91
0.420168   12.17  54.91
0.420168   12.17  54.91
0.419992   12.17  54.91
0.419992   12.16  54.91
0.419992   12.16  54.91
0.419992   12.16  54.91
0.419992   12.16  54.91
0.419992   12.16  54.91
0.419992   12.16  54.91
0.419992   12.16  54.91
0.419992   12.16  54.91
0.419992   12.16  54.91
0.419992   12.16  54.91
0.419815   12.15  54.91
0.419463   12.15  54.91
0.419111   12.14  54.91
0.418936   12.14  54.91
0.41876   12.13  54.91
0.418585   12.12  54.91
0.41841   12.11  54.91
0.418235   12.1  54.91
0.418235   12.1  54.91
0.418235   12.1  54.91
0.418235   12.1  54.91
0.418235   12.1  54.91
0.418235   12.1  54.91
0.41806   12.09  54.91
0.417711   12.08  54.91
0.417188   12.06  54.91
0.41632   12.05  54.91
0.415628   12.03  54.91
0.415455   12.03  54.91
0.415282   12.02  54.91
0.41511   12.01  54.91
0.414938   12.01  54.91
0.414594   12  54.91
0.414422   12  54.91
0.414422   11.99  54.91
0.41425   11.99  54.91
0.414079   11.99  54.91
0.413907   11.98  54.91
0.413907   11.98  54.91
0.413736   11.98  54.91
0.413736   11.98  54.91
0.413736   11.98  54.91
0.413565   11.98  54.91
0.413565   11.97  54.91
0.413394   11.97  54.91
0.413394   11.96  54.91
0.413223   11.96  54.91
0.413052   11.96  54.91
0.413052   11.96  54.91
0.412882   11.96  54.91
0.412712   11.95  54.91
0.412712   11.95  54.91
0.412541   11.94  54.91
0.412371   11.93  54.91
0.412201   11.92  54.91
0.412031   11.92  54.91
0.412031   11.91  54.91
0.411862   11.91  54.91
0.411692   11.91  54.91
0.411523   11.9  54.91
0.411523   11.9  54.91
0.411353   11.9  54.91
0.411353   11.9  54.91
0.411353   11.9  54.91
0.411184   11.9  54.91
0.411184   11.9  54.91
0.411184   11.9  54.91
0.411184   11.9  54.91
0.411184   11.9  54.91
0.411184   11.9  54.91
0.411184   11.89  54.91
0.411015   11.89  54.91
0.410846   11.88  54.91
0.410678   11.88  54.91
0.410509   11.87  54.91
0.410341   11.87  54.91
0.410341   11.87  54.91
0.410172   11.86  54.91
0.410004   11.86  54.91
0.409836   11.86  54.91
0.409668   11.85  54.91
0.409668   11.85  54.91
0.4095   11.85  54.91
0.409333   11.85  54.91
0.409165   11.84  54.91
0.409165   11.84  54.91
0.408998   11.84  54.91
0.408831   11.84  54.91
0.408831   11.83  54.91
0.408664   11.82  54.91
0.408497   11.82  54.91
0.408497   11.82  54.91
0.408497   11.82  54.91
0.408497   11.82  54.91
0.408497   11.82  54.91
0.40833   11.81  54.91
0.40833   11.81  54.91
0.408163   11.81  54.91
0.407997   11.81  54.91
0.40783   11.8  54.91
0.407498   11.79  54.91
0.407332   11.79  54.9
0.407   11.78  54.91
0.406669   11.77  54.91
0.406504   11.76  54.9
0.406339   11.76  54.9
0.406174   11.76  54.9
0.406009   11.76  54.9
0.406009   11.75  54.9
0.405844   11.75  54.9
0.40568   11.74  54.9
0.405515   11.73  54.9
0.405515   11.73  54.9
0.405186   11.73  54.9
0.405022   11.72  54.9
0.404858   11.72  54.9
0.404858   11.72  54.9
0.404858   11.72  54.9
0.404694   11.71  54.9
0.404531   11.7  54.9
0.404531   11.7  54.9
0.404531   11.7  54.9
0.404531   11.7  54.9
0.404367   11.7  54.9
0.404204   11.69  54.9
0.403877   11.67  54.9
0.403551   11.66  54.9
0.403388   11.66  54.9
0.403226   11.65  54.9
0.403063   11.65  54.9
0.402901   11.64  54.9
0.402901   11.64  54.9
0.402576   11.63  54.9
0.402414   11.62  54.9
0.402414   11.62  54.9
0.402253   11.61  54.9
0.401929   11.6  54.9
0.401768   11.6  54.9
0.401606   11.59  54.89
0.401445   11.59  54.89
0.401284   11.58  54.89
0.400962   11.58  54.89
0.400641   11.57  54.89
0.40032   11.56  54.89
0.4   11.55  54.89
0.39968   11.54  54.89
0.399361   11.54  54.89
0.399202   11.53  54.89
0.398883   11.52  54.89
0.398565   11.52  54.89
0.398406   11.51  54.89
0.398248   11.51  54.89
0.398089   11.5  54.89
0.397931   11.5  54.89
0.397614   11.49  54.89
0.397456   11.49  54.89
0.397298   11.48  54.89
0.397141   11.48  54.89
0.396983   11.47  54.89
0.396825   11.46  54.89
0.396668   11.46  54.89
0.396511   11.46  54.89
0.396354   11.45  54.89
0.396197   11.44  54.89
0.39604   11.44  54.89
0.39604   11.43  54.89
0.39604   11.43  54.89
0.395883   11.42  54.89
0.395726   11.41  54.89
0.39557   11.41  54.89
0.39557   11.41  54.89
0.395413   11.41  54.89
0.395257   11.4  54.89
0.395257   11.4  54.89
0.395101   11.4  54.89
0.395101   11.4  54.89
0.394945   11.39  54.89
0.394633   11.39  54.89
0.394477   11.38  54.89
0.394166   11.38  54.89
0.394011   11.38  54.89
0.393856   11.37  54.89
0.393546   11.37  54.89
0.393236   11.36  54.89
0.392927   11.35  54.89
0.392619   11.34  54.89
0.392465   11.32  54.89
0.392157   11.32  54.89
0.39185   11.31  54.89
0.391543   11.29  54.89
0.391236   11.29  54.89
0.39093   11.28  54.89
0.390778   11.27  54.89
0.390625   11.27  54.89
0.390625   11.27  54.89
0.390625   11.27  54.89
0.390472   11.27  54.89
0.390472   11.26  54.89
0.39032   11.25  54.89
0.390016   11.24  54.89
0.38956   11.23  54.89
0.388954   11.22  54.89
0.388651   11.2  54.89
0.3885   11.2  54.89
0.3885   11.2  54.89
0.3885   11.19  54.89
0.38835   11.19  54.89
0.38835   11.18  54.89
0.388199   11.18  54.89
0.387898   11.17  54.89
0.387747   11.17  54.89
0.387297   11.16  54.89
0.386847   11.15  54.89
0.3861   11.12  54.89
0.384763   11.09  54.89
0.383142   11.04  54.89
0.382409   11.02  54.89
0.382117   11.01  54.89
0.382117   11.01  54.89
0.381971   11  54.89
0.381825   10.99  54.89
0.381679   10.98  54.89
0.381243   10.97  54.89
0.380807   10.95  54.89
0.380662   10.94  54.89
0.380518   10.93  54.89
0.380373   10.93  54.89
0.380084   10.92  54.89
0.379939   10.91  54.89
0.379795   10.91  54.89
0.379507   10.9  54.89
0.379363   10.89  54.89
0.379075   10.86  54.89
0.378788   10.84  54.89
0.378501   10.82  54.89
0.378215   10.8  54.89
0.378215   10.8  54.89
0.378072   10.8  54.89
0.377929   10.79  54.89
0.377644   10.79  54.89
0.377216   10.78  54.89
0.37679   10.74  54.89
0.376364   10.73  54.88
0.376081   10.73  54.89
0.375516   10.72  54.88
0.375094   10.7  54.88
0.374672   10.7  54.88
0.374392   10.7  54.88
0.373972   10.7  54.88
0.373692   10.7  54.88
0.373413   10.69  54.88
0.372995   10.69  54.88
0.372717   10.68  54.88
0.372439   10.68  54.88
0.372162   10.68  54.88
0.371885   10.68  54.88
0.371747   10.68  54.88
0.371609   10.67  54.88
0.371609   10.67  54.88
0.371609   10.67  54.88
0.371609   10.67  54.88
0.371471   10.67  54.88
0.371195   10.67  54.88
0.371058   10.67  54.88
0.370782   10.66  54.88
0.370645   10.65  54.88
0.37037   10.62  54.88
0.369959   10.59  54.88
0.369686   10.57  54.88
0.36914   10.55  54.88
0.368732   10.52  54.88
0.368324   10.5  54.88
0.368053   10.5  54.88
0.367918   10.49  54.88
0.367782   10.49  54.88
0.367377   10.48  54.88
0.366838   10.48  54.87
0.366703   10.48  54.87
0.366569   10.47  54.88
0.3663   10.47  54.87
0.3663   10.47  54.87
0.366166   10.47  54.87
0.366032   10.46  54.87
0.366032   10.46  54.87
0.365764   10.46  54.87
0.365497   10.46  54.87
0.36523   10.43  54.87
0.365097   10.43  54.87
0.365097   10.43  54.87
0.36483   10.42  54.87
0.364431   10.4  54.87
0.364166   10.39  54.87
0.363769   10.38  54.87
0.363372   10.37  54.87
0.363108   10.38  54.87
0.362713   10.38  54.87
0.36245   10.37  54.87
0.362319   10.36  54.87
0.362188   10.36  54.87
0.361925   10.36  54.87
0.361664   10.35  54.87
0.361011   10.31  54.87
0.36075   10.3  54.87
0.36062   10.3  54.87
0.360101   10.29  54.87
0.359583   10.28  54.87
0.359066   10.28  54.87
0.35868   10.26  54.87
0.358295   10.25  54.87
0.357782   10.25  54.87
0.357398   10.24  54.87
0.357398   10.23  54.87
0.35727   10.24  54.87
0.357015   10.24  54.87
0.356506   10.24  54.87
0.356125   10.23  54.87
0.355872   10.22  54.87
0.355492   10.22  54.86
0.354736   10.2  54.86
0.354359   10.19  54.86
0.353857   10.18  54.86
0.353357   10.14  54.86
0.352983   10.13  54.86
0.352485   10.12  54.86
0.352113   10.12  54.86
0.351741   10.11  54.86
0.351124   10.08  54.86
0.350508   10.04  54.86
0.350018   10.03  54.86
0.349773   10.02  54.86
0.34965   10.02  54.86
0.349284   10.01  54.86
0.348918   10  54.86
0.348675   10  54.86
0.348311   9.99  54.86
0.348068   9.96  54.86
0.347947   9.96  54.86
0.348068   9.96  54.86
0.347947   9.97  54.86
0.347826   9.97  54.86
0.347464   9.95  54.86
0.346981   9.94  54.86
0.34638   9.94  54.86
0.345901   9.92  54.86
0.345662   9.92  54.86
0.345423   9.91  54.86
0.345185   9.89  54.86
0.345066   9.9  54.86
0.344947   9.89  54.86
0.344947   9.88  54.86
0.344828   9.87  54.86
0.34459   9.86  54.86
0.344471   9.85  54.85
0.344471   9.85  54.85
0.344353   9.85  54.85
0.343879   9.85  54.85
0.343525   9.82  54.85
0.343289   9.81  54.85
0.343053   9.81  54.85
0.342818   9.8  54.85
0.342466   9.81  54.85
0.341763   9.82  54.85
0.34118   9.8  54.85
0.341064   9.77  54.85
0.341064   9.77  54.85
0.340948   9.77  54.85
0.340832   9.78  54.85
0.340716   9.77  54.85
0.340368   9.76  54.85
0.340136   9.75  54.85
0.339905   9.73  54.85
0.339559   9.71  54.85
0.339443   9.71  54.85
0.339328   9.7  54.85
0.338983   9.7  54.85
0.338753   9.68  54.85
0.338409   9.68  54.85
0.337952   9.68  54.85
0.337496   9.64  54.85
0.337041   9.63  54.85
0.336587   9.62  54.85
0.336361   9.62  54.85
0.336247   9.62  54.85
0.336022   9.62  54.85
0.336022   9.62  54.85
0.335909   9.61  54.85
0.335909   9.61  54.85
0.335796   9.61  54.85
0.335683   9.59  54.85
0.33557   9.6  54.85
0.335458   9.61  54.85
0.335345   9.6  54.85
0.335233   9.6  54.85
0.335008   9.59  54.85
0.334896   9.57  54.85
0.334672   9.58  54.85
0.334448   9.57  54.85
0.334336   9.58  54.85
0.334225   9.57  54.85
0.334001   9.57  54.85
0.333778   9.56  54.85
0.333556   9.57  54.85
0.333333   9.57  54.85
0.333222   9.56  54.85
0.333111   9.56  54.85
0.332889   9.54  54.85
0.332668   9.53  54.85
0.332336   9.53  54.85
0.332116   9.5  54.85
0.331895   9.5  54.85
0.331675   9.49  54.85
0.331345   9.49  54.85
0.331126   9.5  54.85
0.330688   9.48  54.85
0.330251   9.46  54.85
0.329924   9.44  54.85
0.329489   9.42  54.85
0.329272   9.42  54.85
0.328839   9.42  54.85
0.328623   9.4  54.85
0.328407   9.4  54.85
0.328299   9.39  54.85
0.328084   9.4  54.85
0.327761   9.39  54.85
0.327332   9.38  54.85
0.327118   9.37  54.85
0.327011   9.37  54.85
0.326691   9.36  54.85
0.326584   9.35  54.85
0.326691   9.34  54.85
0.326691   9.35  54.85
0.326691   9.34  54.85
0.326691   9.34  54.85
0.326797   9.34  54.84
0.326797   9.34  54.85
0.326584   9.34  54.84
0.326264   9.32  54.84
0.325839   9.3  54.84
0.325309   9.3  54.84
0.324781   9.29  54.84
0.324044   9.27  54.84
0.323625   9.25  54.84
0.32352   9.25  54.84
0.323206   9.24  54.84
0.323102   9.23  54.84
0.322789   9.22  54.84
0.322477   9.21  54.84
0.322269   9.21  54.84
0.322061   9.21  54.84
0.321958   9.2  54.84
0.32175   9.21  54.84
0.321647   9.18  54.84
0.32144   9.18  54.84
0.321234   9.18  54.84
0.321027   9.18  54.84
0.320718   9.17  54.84
0.320513   9.16  54.84
0.320205   9.15  54.84
0.32   9.16  54.84
0.319795   9.17  54.84
0.319693   9.16  54.84
0.319591   9.16  54.84
0.319387   9.17  54.84
0.319081   9.14  54.84
0.318776   9.13  54.84
0.318471   9.07  54.84
0.318167   9.07  54.84
0.317763   9.06  54.84
0.31746   9.05  54.84
0.317158   9.06  54.84
0.316857   9.05  54.84
0.316556   9.03  54.84
0.316156   9.02  54.84
0.315756   8.99  54.84
0.315358   8.99  54.84
0.314961   8.98  54.84
0.314861   8.98  54.84
0.314663   8.98  54.84
0.314465   8.97  54.84
0.314465   8.97  54.84
0.314367   8.96  54.84
0.314268   8.96  54.84
0.31407   8.96  54.84
0.313775   8.94  54.84
0.313676   8.93  54.84
0.31348   8.92  54.84
0.313185   8.92  54.84
0.312891   8.91  54.84
0.312598   8.89  54.84
0.312402   8.89  54.84
0.312207   8.89  54.84
0.312012   8.88  54.84
0.311721   8.87  54.84
0.311429   8.85  54.84
0.310945   8.84  54.84
0.310559   8.83  54.84
0.310366   8.82  54.84
0.310366   8.81  54.84
0.310366   8.82  54.84
0.310366   8.83  54.84
0.310174   8.82  54.84
0.310078   8.8  54.84
0.309885   8.8  54.84
0.309693   8.81  54.84
0.309215   8.81  54.84
0.308547   8.77  54.84
0.308071   8.75  54.84
0.307787   8.75  54.84
0.307409   8.75  54.84
0.307125   8.73  54.84
0.306748   8.71  54.84
0.306373   8.69  54.84
0.306091   8.68  54.84
0.305717   8.67  54.84
0.30525   8.66  54.84
0.304971   8.67  54.84
0.304785   8.66  54.84
0.304692   8.66  54.84
0.304692   8.66  54.84
0.304599   8.66  54.84
0.304507   8.65  54.84
0.304414   8.65  54.84
0.304136   8.65  54.84
0.303951   8.63  54.84
0.303674   8.63  54.84
0.30349   8.62  54.84
0.303214   8.62  54.84
0.302939   8.62  54.84
0.302755   8.61  54.84
0.30248   8.59  54.84
0.302389   8.6  54.84
0.302297   8.61  54.84
0.302115   8.6  54.84
0.301932   8.61  54.83
0.30175   8.61  54.83
0.301568   8.61  54.83
0.301386   8.6  54.84
0.301205   8.6  54.83
0.301023   8.6  54.83
0.300933   8.61  54.83
0.300661   8.62  54.83
0.300391   8.61  54.83
0.30012   8.61  54.83
0.29967   8.57  54.83
0.299222   8.54  54.83
0.298954   8.5  54.83
0.298597   8.48  54.83
0.298151   8.47  54.83
0.297796   8.47  54.83
0.297619   8.45  54.83
0.29753   8.44  54.83
0.297354   8.43  54.83
0.297089   8.45  54.83
0.296648   8.43  54.83
0.296472   8.42  54.83
0.296121   8.41  54.83
0.29577   8.4  54.83
0.295508   8.4  54.83
0.295247   8.39  54.83
0.294811   8.38  54.83
0.294377   8.36  54.83
0.293945   8.35  54.83
0.293686   8.35  54.83
0.293427   8.35  54.83
0.293255   8.33  54.83
0.293169   8.31  54.83
0.293083   8.3  54.83
0.292826   8.29  54.83
0.292654   8.28  54.83
0.292569   8.27  54.83
0.292312   8.27  54.83
0.291886   8.27  54.83
0.291545   8.27  54.83
0.291375   8.27  54.83
0.291121   8.26  54.83
0.290867   8.26  54.83
0.290444   8.23  54.83
0.290023   8.22  54.83
0.289771   8.21  54.83
0.289687   8.21  54.83
0.289436   8.19  54.83
0.289184   8.18  54.83
0.289101   8.16  54.83
0.289184   8.16  54.83
0.289184   8.15  54.82
0.289184   8.15  54.83
0.289184   8.16  54.83
0.289101   8.17  54.82
0.289101   8.17  54.82
0.28885   8.17  54.82
0.288684   8.15  54.82
0.2886   8.14  54.82
0.288517   8.14  54.82
0.288517   8.15  54.82
0.288101   8.14  54.82
0.287604   8.13  54.82
0.287522   8.12  54.82
0.287274   8.15  54.82
0.287109   8.13  54.82
0.286779   8.11  54.82
0.286533   8.11  54.82
0.286369   8.11  54.82
0.286287   8.11  54.82
0.286287   8.11  54.82
0.286205   8.1  54.82
0.286041   8.08  54.82
0.285796   8.07  54.82
0.285551   8.05  54.82
0.285225   8.03  54.82
0.284981   8.02  54.82
0.284819   8.03  54.82
0.284657   8.03  54.82
0.284414   8.02  54.82
0.28393   8  54.82
0.283607   7.99  54.82
0.283206   7.99  54.82
0.282805   7.99  54.82
0.282406   8  54.82
0.281928   7.95  54.82
0.281452   7.95  54.82
0.28082   7.94  54.82
0.280426   7.91  54.82
0.280191   7.9  54.82
0.279799   7.91  54.82
0.279096   7.89  54.82
0.278552   7.85  54.82
0.278242   7.85  54.82
0.277855   7.84  54.82
0.277393   7.82  54.82
0.277316   7.81  54.82
0.277316   7.81  54.82
0.277316   7.81  54.82
0.277316   7.81  54.82
0.277393   7.81  54.82
0.277393   7.8  54.81
0.277393   7.8  54.81
0.277316   7.81  54.81
0.277162   7.8  54.81
0.276932   7.79  54.81
0.276778   7.79  54.81
0.276549   7.78  54.81
0.276396   7.78  54.81
0.276319   7.77  54.81
0.276167   7.76  54.81
0.275786   7.74  54.81
0.275482   7.73  54.81
0.274876   7.73  54.81
0.274499   7.72  54.81
0.274198   7.71  54.81
0.273898   7.71  54.81
0.273673   7.7  54.81
0.273523   7.69  54.81
0.273373   7.68  54.81
0.273224   7.67  54.81
0.273   7.68  54.81
0.272777   7.69  54.81
0.272628   7.67  54.81
0.272405   7.66  54.81
0.272109   7.64  54.81
0.272035   7.63  54.81
0.271887   7.63  54.81
0.271813   7.63  54.81
0.271665   7.63  54.81
0.271444   7.61  54.81
0.271297   7.6  54.81
0.27115   7.6  54.81
0.270929   7.59  54.81
0.270709   7.6  54.81
0.270636   7.59  54.81
0.270636   7.59  54.81
0.27049   7.59  54.81
0.270416   7.58  54.81
0.270343   7.57  54.81
0.270197   7.58  54.81
0.269906   7.57  54.81
0.269687   7.56  54.81
0.269469   7.56  54.81
0.269251   7.56  54.81
0.269107   7.54  54.81
0.268745   7.55  54.81
0.268312   7.52  54.81
0.268025   7.54  54.81
0.267809   7.55  54.81
0.267451   7.49  54.81
0.267237   7.47  54.81
0.267094   7.47  54.81
0.267023   7.47  54.81
0.266951   7.47  54.81
0.266951   7.47  54.81
0.266809   7.47  54.81
0.266596   7.48  54.8
0.266383   7.48  54.8
0.26617   7.46  54.8
0.265816   7.47  54.8
0.265252   7.46  54.8
0.26476   7.4  54.8
0.26455   7.39  54.8
0.264271   7.41  54.8
0.263922   7.41  54.8
0.263505   7.4  54.8
0.263158   7.37  54.8
0.262743   7.38  54.8
0.262123   7.35  54.8
0.261849   7.36  54.8
0.261643   7.34  54.8
0.261506   7.34  54.8
0.26137   7.33  54.8
0.261028   7.31  54.8
0.260485   7.28  54.8
0.260146   7.25  54.8
0.259808   7.25  54.8
0.259471   7.25  54.8
0.259134   7.25  54.8
0.258799   7.22  54.8
0.258398   7.2  54.8
0.257998   7.18  54.8
0.257732   7.19  54.8
0.257334   7.19  54.8
0.256937   7.16  54.8
0.256542   7.14  54.8
0.256279   7.13  54.8
0.256148   7.13  54.8
0.255951   7.13  54.8
0.255885   7.13  54.8
0.255689   7.12  54.8
0.255558   7.12  54.8
0.255363   7.13  54.8
0.255167   7.12  54.8
0.254907   7.13  54.8
0.254647   7.14  54.8
0.254388   7.13  54.8
0.254194   7.11  54.8
0.253678   7.09  54.8
0.2531   7.05  54.8
0.252653   7.03  54.8
0.252334   7.03  54.8
0.252016   7.03  54.8
0.251636   7.03  54.79
0.251256   7.02  54.79
0.251004   6.99  54.79
0.250941   6.98  54.79
0.250878   6.98  54.79
0.250689   6.97  54.79
0.250438   6.96  54.79