0.247341   6.28  15.35
0.247341   6.28  15.35
0.247341   6.28  15.35
0.247341   6.28  15.35
0.247341   6.28  15.35
0.247341   6.28  15.35
0.247341   6.29  15.35
0.247341   6.28  15.35
0.247341   6.28  15.35
0.247341   6.28  15.35
0.247341   6.28  15.35
0.247341   6.28  15.35
0.247341   6.28  15.35
0.247341   6.28  15.35
0.247341   6.27  15.35
0.247341   6.28  15.35
0.247341   6.27  15.35
0.247341   6.28  15.35
0.247341   6.28  15.35
0.247341   6.28  15.35
0.247341   6.27  15.35
0.247341   6.28  15.35
0.247341   6.27  15.35
0.247341   6.28  15.35
0.247341   6.28  15.35
0.247341   6.28  15.35
0.247341   6.28  15.35
0.247341   6.28  15.35
0.247341   6.28  15.35
0.247341   6.28  15.35
0.247341   6.27  15.35
0.247341   6.28  15.35
0.247341   6.28  15.35
0.247341   6.28  15.35
0.247341   6.28  15.35
0.247341   6.27  15.35
0.247341   6.28  15.35
0.247341   6.28  15.35
0.247709   6.27  15.35
0.248016   6.27  15.35
0.248262   6.27  15.35
0.248571   6.28  15.35
0.249004   6.28  15.35
0.249439   6.27  15.35
0.24975   6.28  15.35
0.249938   6.27  15.35
0.250125   6.28  15.35
0.250376   6.28  15.35
0.250564   6.28  15.35
0.250752   6.27  15.35
0.251004   6.28  15.35
0.251256   6.39  15.35
0.251636   6.38  15.35
0.252016   6.38  15.35
0.252334   6.37  15.35
0.252525   6.36  15.35
0.252845   6.36  15.35
0.253165   6.36  15.35
0.25355   6.38  15.35
0.25413   6.37  15.35
0.254972   6.38  15.35
0.256016   6.4  15.35
0.256805   6.43  15.35
0.257003   6.4  15.35
0.257069   6.4  15.35
0.257069   6.4  15.35
0.257202   6.4  15.35
0.257334   6.41  15.35
0.257533   6.41  15.35
0.257599   6.41  15.35
0.257732   6.41  15.35
0.257998   6.43  15.35
0.258264   6.45  15.35
0.258398   6.45  15.35
0.258598   6.46  15.35
0.258799   6.46  15.35
0.259   6.47  15.35
0.259202   6.47  15.35
0.259403   6.49  15.35
0.259538   6.49  15.35
0.259673   6.49  15.35
0.259875   6.49  15.35
0.260078   6.49  15.35
0.260213   6.49  15.35
0.260417   6.5  15.35
0.260552   6.51  15.35
0.260824   6.52  15.35
0.261097   6.53  15.35
0.261438   6.54  15.35
0.261917   6.53  15.35
0.262261   6.55  15.35
0.262536   6.55  15.35
0.262881   6.56  15.35
0.263089   6.55  15.35
0.263089   6.55  15.35
0.263089   6.55  15.35
0.263019   6.55  15.35
0.263019   6.54  15.35
0.263019   6.54  15.35
0.263227   6.57  15.35
0.263713   6.59  15.35
0.263852   6.58  15.35
0.263992   6.58  15.35
0.264201   6.57  15.35
0.26441   6.57  15.35
0.26462   6.58  15.35
0.264831   6.59  15.35
0.265041   6.6  15.35
0.265252   6.6  15.35
0.265604   6.61  15.35
0.266099   6.63  15.35
0.266738   6.64  15.35
0.267237   6.66  15.35
0.267666   6.68  15.35
0.268097   6.7  15.35
0.268312   6.71  15.35
0.268601   6.73  15.36
0.268817   6.71  15.36
0.268817   6.71  15.35
0.268889   6.72  15.36
0.269179   6.74  15.36
0.269324   6.73  15.36
0.269397   6.73  15.36
0.269324   6.73  15.36
0.269397   6.73  15.36
0.269397   6.72  15.36
0.269469   6.73  15.36
0.269614   6.73  15.36
0.269687   6.73  15.36
0.269833   6.74  15.36
0.270051   6.77  15.36
0.270197   6.76  15.36
0.270343   6.75  15.36
0.27049   6.75  15.36
0.270636   6.77  15.36
0.270856   6.78  15.36
0.27137   6.79  15.36
0.271592   6.78  15.36
0.271592   6.78  15.36
0.271592   6.77  15.36
0.271518   6.77  15.36
0.271518   6.77  15.36
0.271518   6.76  15.36
0.271887   6.79  15.36
0.272331   6.79  15.36
0.272331   6.78  15.36
0.272331   6.78  15.36
0.272405   6.78  15.36
0.272628   6.8  15.36
0.273   6.8  15.36
0.273149   6.81  15.36
0.273373   6.81  15.36
0.273673   6.81  15.36
0.273898   6.83  15.36
0.274273   6.84  15.36
0.274499   6.83  15.36
0.274574   6.84  15.36
0.274725   6.84  15.36
0.274876   6.86  15.36
0.275028   6.89  15.36
0.275179   6.91  15.36
0.275406   6.92  15.36
0.275634   6.93  15.36
0.275938   6.93  15.36
0.276091   6.92  15.36
0.276243   6.91  15.36
0.276396   6.92  15.36
0.276549   6.91  15.36
0.276702   6.91  15.36
0.276778   6.93  15.36
0.277008   6.94  15.36
0.277162   6.94  15.36
0.277393   6.93  15.36
0.277701   6.92  15.36
0.277932   6.92  15.36
0.278164   6.92  15.36
0.278319   6.92  15.36
0.278396   6.93  15.36
0.278474   6.94  15.36
0.278862   6.95  15.36
0.279174   6.95  15.36
0.279252   6.96  15.36
0.279408   6.96  15.36
0.279564   6.98  15.36
0.279642   6.98  15.36
0.279642   6.98  15.36
0.279642   6.98  15.36
0.27972   7.01  15.36
0.279799   7  15.36
0.279799   7  15.36
0.279877   7.01  15.36
0.279955   7  15.36
0.279955   7  15.36
0.279955   7  15.36
0.279955   6.99  15.36
0.279877   6.99  15.36
0.279877   6.99  15.36
0.279955   7  15.36
0.280584   7.03  15.36
0.280978   7.03  15.36
0.281136   7.03  15.36
0.281532   7.02  15.36
0.28177   7.03  15.36
0.282008   7.05  15.36
0.282326   7.08  15.36
0.282486   7.09  15.36
0.282566   7.11  15.36
0.282725   7.11  15.36
0.282885   7.12  15.36
0.283046   7.13  15.36
0.283206   7.12  15.36
0.283447   7.13  15.36
0.283688   7.14  15.36
0.28393   7.13  15.36
0.284172   7.14  15.36
0.284333   7.13  15.36
0.284495   7.12  15.36
0.284576   7.11  15.36
0.284738   7.12  15.36
0.2849   7.13  15.36
0.284981   7.13  15.36
0.285144   7.13  15.36
0.285225   7.13  15.36
0.285388   7.13  15.36
0.285551   7.14  15.36
0.285796   7.13  15.36
0.285959   7.14  15.36
0.286123   7.17  15.36
0.286287   7.17  15.36
0.286533   7.19  15.36
0.286779   7.21  15.36
0.286944   7.21  15.36
0.287026   7.21  15.36
0.287109   7.2  15.36
0.287191   7.19  15.36
0.287356   7.2  15.36
0.287522   7.2  15.36
0.287522   7.21  15.36
0.287604   7.21  15.36
0.28777   7.21  15.36
0.287936   7.22  15.36
0.288184   7.21  15.36
0.288351   7.22  15.36
0.288517   7.25  15.36
0.2886   7.25  15.36
0.288684   7.26  15.36
0.28885   7.25  15.36
0.288934   7.25  15.36
0.289101   7.25  15.36
0.289352   7.25  15.36
0.289603   7.27  15.36
0.289855   7.25  15.36
0.290107   7.26  15.36
0.290276   7.29  15.36
0.29036   7.29  15.36
0.29036   7.31  15.36
0.290529   7.34  15.36
0.290867   7.32  15.36
0.290951   7.3  15.36
0.290951   7.31  15.36
0.291121   7.33  15.36
0.29129   7.33  15.36
0.29146   7.37  15.36
0.291971   7.38  15.36
0.292569   7.37  15.36
0.293255   7.41  15.36
0.293945   7.41  15.36
0.294291   7.4  15.36
0.294724   7.42  15.36
0.295159   7.41  15.36
0.295596   7.42  15.36
0.296033   7.44  15.36
0.296209   7.43  15.36
0.296296   7.44  15.36
0.296384   7.45  15.36
0.296736   7.47  15.36
0.297   7.46  15.36
0.297089   7.47  15.36
0.297265   7.47  15.36
0.297442   7.47  15.36
0.29753   7.47  15.36
0.297708   7.47  15.36
0.297708   7.46  15.36
0.297708   7.45  15.36
0.297708   7.45  15.36
0.297796   7.47  15.36
0.298151   7.5  15.36
0.298329   7.5  15.36
0.298329   7.51  15.36
0.298597   7.55  15.36
0.298686   7.53  15.36
0.298775   7.54  15.36
0.299222   7.54  15.36
0.299491   7.55  15.36
0.29967   7.55  15.36
0.29994   7.55  15.36
0.30012   7.54  15.36
0.300391   7.54  15.36
0.300661   7.54  15.36
0.300842   7.55  15.36
0.300933   7.56  15.36
0.301114   7.57  15.36
0.301386   7.58  15.36
0.301659   7.59  15.36
0.301841   7.6  15.36
0.301932   7.6  15.36
0.302024   7.61  15.36
0.302206   7.61  15.36
0.302389   7.6  15.36
0.30248   7.61  15.36
0.302572   7.61  15.36
0.302755   7.63  15.36
0.302939   7.63  15.36
0.30303   7.64  15.36
0.303306   7.64  15.36
0.303398   7.63  15.36
0.303398   7.63  15.36
0.30349   7.65  15.36
0.303767   7.65  15.36
0.303859   7.65  15.36
0.303951   7.69  15.36
0.304321   7.7  15.36
0.304785   7.69  15.36
0.30525   7.7  15.36
0.305717   7.74  15.36
0.306091   7.73  15.36
0.306373   7.73  15.36
0.306654   7.73  15.36
0.306843   7.73  15.36
0.306937   7.73  15.36
0.307031   7.72  15.36
0.30722   7.73  15.36
0.307409   7.73  15.36
0.307409   7.71  15.36
0.307409   7.71  15.36
0.307409   7.72  15.36
0.307503   7.74  15.36
0.307977   7.76  15.36
0.308166   7.76  15.36
0.308166   7.75  15.36
0.308261   7.78  15.36
0.308642   7.79  15.36
0.309023   7.8  15.36
0.30931   7.8  15.36
0.309598   7.81  15.36
0.309693   7.82  15.36
0.309789   7.82  15.36
0.310078   7.82  15.36
0.310174   7.82  15.36
0.31027   7.82  15.36
0.310463   7.82  15.36
0.310559   7.82  15.36
0.310559   7.84  15.36
0.310655   7.85  15.36
0.310752   7.85  15.36
0.310849   7.85  15.36
0.310945   7.85  15.36
0.311139   7.85  15.36
0.311236   7.85  15.36
0.311333   7.85  15.36
0.311429   7.86  15.36
0.311624   7.86  15.36
0.311818   7.87  15.36
0.312012   7.88  15.36
0.312207   7.88  15.36
0.312305   7.89  15.36
0.3125   7.89  15.36
0.312598   7.9  15.36
0.312793   7.9  15.36
0.312891   7.9  15.36
0.313087   7.9  15.36
0.313381   7.9  15.36
0.31348   7.91  15.36
0.313676   7.94  15.36
0.313775   7.94  15.36
0.313972   7.94  15.36
0.314268   7.95  15.36
0.314268   7.95  15.36
0.314268   7.95  15.36
0.314367   7.97  15.36
0.314663   7.95  15.36
0.314762   7.95  15.36
0.315159   7.97  15.36
0.315457   7.98  15.36
0.315756   7.99  15.36
0.316056   7.98  15.36
0.316356   7.98  15.36
0.316556   7.98  15.36
0.316957   8  15.36
0.31736   7.99  15.36
0.31746   7.99  15.36
0.31736   7.99  15.36
0.31736   7.98  15.36
0.317259   7.98  15.36
0.317259   7.99  15.36
0.31746   8.01  15.36
0.317763   8.01  15.36
0.317965   8.02  15.36
0.318167   8.02  15.36
0.31837   8.01  15.36
0.31837   8  15.36
0.318269   8  15.36
0.318269   8  15.36
0.318269   7.99  15.36
0.31837   8.02  15.36
0.318776   8.05  15.36
0.319183   8.07  15.36
0.319285   8.08  15.36
0.319387   8.1  15.36
0.319591   8.11  15.36
0.32   8.11  15.36
0.32041   8.12  15.36
0.320616   8.12  15.36
0.320821   8.14  15.36
0.321337   8.14  15.36
0.321854   8.15  15.36
0.322373   8.15  15.36
0.322685   8.15  15.36
0.322789   8.16  15.36
0.322893   8.16  15.36
0.322789   8.16  15.36
0.322789   8.17  15.36
0.322997   8.19  15.36
0.323206   8.19  15.36
0.32352   8.19  15.36
0.323625   8.19  15.36
0.323729   8.19  15.36
0.323834   8.2  15.36
0.323834   8.19  15.36
0.323834   8.2  15.36
0.323834   8.2  15.36
0.324044   8.23  15.36
0.324465   8.23  15.36
0.32457   8.22  15.36
0.324675   8.22  15.36
0.324675   8.22  15.36
0.324781   8.23  15.36
0.324992   8.25  15.36
0.325203   8.26  15.36
0.325309   8.26  15.36
0.325415   8.27  15.36
0.325627   8.27  15.36
0.325839   8.27  15.36
0.325945   8.27  15.36
0.325945   8.27  15.36
0.325945   8.26  15.36
0.325945   8.26  15.36
0.325945   8.27  15.36
0.325945   8.27  15.36
0.326052   8.27  15.36
0.326371   8.28  15.36
0.326584   8.28  15.36
0.326797   8.28  15.36
0.326797   8.27  15.36
0.326904   8.27  15.36
0.326904   8.27  15.36
0.327011   8.28  15.36
0.327225   8.29  15.36
0.327439   8.32  15.36
0.327654   8.32  15.36
0.327761   8.32  15.36
0.327869   8.33  15.36
0.328084   8.35  15.36
0.328515   8.35  15.36
0.328731   8.34  15.36
0.328947   8.34  15.36
0.329056   8.36  15.36
0.329489   8.37  15.36
0.329815   8.38  15.36
0.330142   8.39  15.36
0.33036   8.39  15.36
0.33036   8.39  15.36
0.330469   8.39  15.36
0.330579   8.39  15.36
0.330688   8.39  15.36
0.330907   8.39  15.36
0.331016   8.39  15.36
0.331126   8.38  15.36
0.331126   8.38  15.36
0.331236   8.39  15.36
0.331455   8.41  15.36
0.331675   8.42  15.36
0.332116   8.43  15.36
0.332447   8.43  15.36
0.332447   8.43  15.36
0.332557   8.43  15.36
0.332668   8.44  15.36
0.332779   8.44  15.36
0.333   8.44  15.36
0.333111   8.44  15.36
0.333333   8.45  15.36
0.333444   8.45  15.36
0.333556   8.45  15.36
0.33389   8.47  15.36
0.334448   8.48  15.36
0.334448   8.47  15.36
0.334448   8.46  15.36
0.334448   8.47  15.36
0.334448   8.47  15.36
0.334448   8.47  15.36
0.334448   8.47  15.36
0.334448   8.47  15.36
0.334672   8.47  15.36
0.334784   8.51  15.36
0.335008   8.52  15.36
0.335121   8.53  15.36
0.335233   8.54  15.36
0.335345   8.56  15.36
0.335345   8.56  15.36
0.335345   8.56  15.36
0.335345   8.57  15.36
0.33557   8.6  15.36
0.335796   8.59  15.36
0.335909   8.58  15.36
0.336022   8.58  15.36
0.336022   8.58  15.36
0.336134   8.58  15.36
0.336361   8.58  15.36
0.336587   8.59  15.36
0.336927   8.61  15.36
0.337154   8.64  15.36
0.337268   8.62  15.36
0.337382   8.6  15.36
0.337382   8.6  15.36
0.337724   8.6  15.36
0.338181   8.6  15.36
0.338524   8.58  15.36
0.338639   8.58  15.36
0.338639   8.58  15.36
0.338639   8.57  15.36
0.338524   8.58  15.36
0.338524   8.58  15.36
0.338639   8.6  15.36
0.338868   8.62  15.36
0.339213   8.64  15.36
0.339559   8.63  15.36
0.339674   8.62  15.36
0.339905   8.63  15.36
0.34002   8.63  15.36
0.340136   8.63  15.36
0.340368   8.63  15.36
0.340483   8.63  15.36
0.340599   8.63  15.36
0.340832   8.65  15.36
0.340948   8.66  15.36
0.34118   8.66  15.36
0.34153   8.67  15.36
0.342114   8.68  15.36
0.342466   8.68  15.36
0.342466   8.67  15.36
0.342583   8.67  15.36
0.3427   8.67  15.36
0.3427   8.68  15.36
0.3427   8.67  15.36
0.3427   8.68  15.36
0.342818   8.69  15.36
0.343053   8.69  15.36
0.343171   8.69  15.36
0.343289   8.69  15.36
0.343407   8.71  15.36
0.343525   8.7  15.36
0.343643   8.71  15.36
0.343879   8.74  15.36
0.344116   8.76  15.36
0.344353   8.76  15.36
0.344471   8.75  15.36
0.344828   8.76  15.36
0.345066   8.76  15.36
0.345066   8.75  15.36
0.345185   8.77  15.36
0.345304   8.77  15.36
0.345304   8.77  15.36
0.345423   8.78  15.36
0.345662   8.79  15.36
0.345901   8.79  15.36
0.346021   8.8  15.36
0.346141   8.8  15.36
0.346141   8.8  15.36
0.346141   8.79  15.36
0.346141   8.79  15.36
0.34626   8.81  15.36
0.34638   8.81  15.36
0.3465   8.81  15.36
0.346861   8.81  15.36
0.346981   8.8  15.36
0.347102   8.81  15.36
0.347222   8.82  15.36
0.347343   8.82  15.36
0.347343   8.82  15.36
0.347705   8.83  15.36
0.348189   8.84  15.36
0.348432   8.84  15.36
0.348554   8.83  15.36
0.348432   8.83  15.36
0.348554   8.84  15.36
0.348675   8.85  15.36
0.348918   8.85  15.36
0.34904   8.85  15.36
0.349162   8.85  15.36
0.349162   8.85  15.36
0.349284   8.87  15.36
0.349284   8.87  15.36
0.349284   8.87  15.36
0.349406   8.89  15.36
0.34965   8.89  15.36
0.349773   8.89  15.36
0.350018   8.89  15.36
0.350385   8.9  15.36
0.350754   8.89  15.36
0.350877   8.93  15.36
0.351124   8.93  15.36
0.351494   8.91  15.36
0.351741   8.92  15.36
0.352113   8.94  15.36
0.352485   8.97  15.36
0.352734   8.97  15.36
0.352983   8.96  15.36
0.353107   8.96  15.36
0.353357   8.97  15.36
0.353482   8.97  15.36
0.353857   9  15.36
0.354108   9.02  15.36
0.354233   9.02  15.36
0.354484   9.02  15.36
0.35461   9.03  15.36
0.354736   9.04  15.36
0.354988   9.04  15.36
0.35524   9.06  15.36
0.355366   9.1  15.36
0.355619   9.1  15.36
0.355745   9.12  15.36
0.355999   9.12  15.36
0.356125   9.09  15.36
0.356252   9.08  15.36
0.356379   9.07  15.36
0.356506   9.08  15.36
0.356506   9.08  15.36
0.356633   9.09  15.36
0.356761   9.08  15.36
0.357015   9.1  15.36
0.35727   9.14  15.36
0.357526   9.13  15.36
0.357526   9.13  15.36
0.357654   9.14  15.36
0.357782   9.14  15.36
0.357782   9.16  15.36
0.358166   9.16  15.36
0.358551   9.16  15.36
0.358809   9.15  15.36
0.359066   9.15  15.36
0.359066   9.15  15.36
0.359066   9.14  15.36
0.359195   9.15  15.36
0.359712   9.19  15.36
0.360231   9.21  15.36
0.361141   9.24  15.36
0.361664   9.22  15.36
0.361925   9.21  15.36
0.362188   9.22  15.36
0.362582   9.28  15.36
0.36324   9.27  15.36
0.363504   9.26  15.36
0.363636   9.27  15.36
0.363901   9.27  15.36
0.364166   9.28  15.36
0.364564   9.29  15.36
0.36483   9.3  15.36
0.36523   9.33  15.36
0.365631   9.33  15.36
0.365898   9.33  15.36
0.365898   9.33  15.36
0.365898   9.34  15.36
0.3663   9.37  15.36
0.366569   9.37  15.36
0.366838   9.37  15.36
0.366972   9.37  15.36
0.367242   9.38  15.36
0.367377   9.38  15.36
0.367647   9.37  15.36
0.367918   9.37  15.36
0.368324   9.38  15.36
0.36846   9.38  15.36
0.368732   9.41  15.36
0.369004   9.41  15.36
0.369276   9.44  15.36
0.369686   9.41  15.36
0.370096   9.43  15.36
0.370508   9.43  15.36
0.370782   9.45  15.36
0.371058   9.46  15.36
0.371471   9.49  15.36
0.371885   9.49  15.36
0.372162   9.5  15.36
0.372856   9.53  15.36
0.373552   9.54  15.36
0.374111   9.59  15.36
0.374953   9.6  15.36
0.375657   9.61  15.36
0.37594   9.59  15.36
0.376364   9.6  15.36
0.37679   9.62  15.36
0.377358   9.62  15.36
0.377644   9.62  15.36
0.377929   9.63  15.36
0.378215   9.64  15.36
0.378358   9.64  15.36
0.378358   9.63  15.36
0.378358   9.62  15.36
0.378215   9.62  15.36
0.378215   9.62  15.36
0.378215   9.63  15.36
0.378644   9.65  15.36
0.379219   9.66  15.36
0.379507   9.68  15.36
0.379795   9.69  15.36
0.380084   9.68  15.36
0.380228   9.68  15.36
0.380228   9.67  15.36
0.380373   9.68  15.36
0.380373   9.68  15.36
0.380373   9.69  15.36
0.380662   9.7  15.36
0.380952   9.71  15.36
0.381243   9.72  15.36
0.381388   9.73  15.36
0.381534   9.73  15.36
0.381534   9.74  15.36
0.381534   9.76  15.36
0.381825   9.77  15.36
0.381971   9.76  15.36
0.382263   9.78  15.36
0.382555   9.78  15.36
0.382702   9.77  15.36
0.382848   9.77  15.36
0.382995   9.77  15.36
0.382995   9.77  15.36
0.383142   9.77  15.36
0.383289   9.79  15.36
0.383583   9.81  15.36
0.38373   9.81  15.36
0.383877   9.82  15.36
0.384025   9.81  15.36
0.384172   9.81  15.36
0.384468   9.8  15.36
0.384763   9.81  15.36
0.384911   9.82  15.36
0.38506   9.81  15.36
0.385208   9.81  15.36
0.385505   9.82  15.36
0.385654   9.83  15.36
0.385802   9.84  15.36
0.3861   9.88  15.36
0.386399   9.86  15.36
0.386548   9.86  15.36
0.386698   9.86  15.36
0.386997   9.86  15.36
0.387447   9.89  15.36
0.387898   9.9  15.36
0.388199   9.9  15.36
0.38835   9.89  15.36
0.388651   9.91  15.37
0.389105   9.92  15.36
0.389257   9.92  15.36
0.38956   9.93  15.36
0.389864   9.93  15.37
0.390168   9.93  15.36
0.390472   9.94  15.36
0.39093   9.97  15.37
0.391389   9.97  15.37
0.392003   10.02  15.36
0.392311   10.01  15.37
0.392465   10  15.36
0.392773   10  15.37
0.392773   10.01  15.37
0.393082   10.02  15.37
0.393391   10.04  15.37
0.394011   10.04  15.37
0.394633   10.06  15.37
0.394789   10.04  15.37
0.394633   10.05  15.37
0.394633   10.04  15.37
0.394633   10.04  15.37
0.394477   10.04  15.37
0.394477   10.04  15.37
0.394477   10.04  15.37
0.394477   10.04  15.37
0.394477   10.03  15.37
0.394322   10.03  15.37
0.394322   10.03  15.37
0.394322   10.03  15.37
0.394322   10.03  15.37
0.394166   10.04  15.37
0.394166   10.03  15.37
0.394166   10.03  15.37
0.394166   10.03  15.37
0.394166   10.04  15.37
0.394166   10.05  15.37
0.394789   10.11  15.37
0.395726   10.16  15.37
0.396354   10.15  15.37
0.396983   10.16  15.37
0.397456   10.16  15.37
0.397772   10.18  15.37
0.397931   10.18  15.37
0.398089   10.18  15.37
0.398248   10.2  15.37
0.398565   10.2  15.37
0.398724   10.2  15.37
0.399042   10.2  15.37
0.399361   10.21  15.37
0.39968   10.22  15.37
0.4   10.22  15.37
0.40016   10.22  15.37
0.40032   10.23  15.37
0.400641   10.23  15.37
0.400802   10.23  15.37
0.401123   10.24  15.37
0.401606   10.24  15.37
0.402091   10.25  15.37
0.402253   10.25  15.37
0.402576   10.26  15.37
0.403063   10.26  15.37
0.403388   10.26  15.37
0.403714   10.28  15.37
0.404204   10.28  15.37
0.404694   10.29  15.37
0.405351   10.3  15.37
0.405844   10.29  15.37
0.406504   10.31  15.37
0.407166   10.36  15.37
0.407498   10.37  15.37
0.40783   10.38  15.37
0.407997   10.38  15.37
0.408163   10.39  15.37
0.40833   10.38  15.37
0.408664   10.38  15.37
0.408998   10.39  15.37
0.409165   10.39  15.37
0.4095   10.4  15.37
0.409668   10.4  15.37
0.410172   10.41  15.37
0.410509   10.43  15.37
0.410846   10.44  15.37
0.411184   10.46  15.37
0.411523   10.46  15.37
0.412031   10.47  15.37
0.412371   10.48  15.37
0.412882   10.48  15.37
0.413565   10.49  15.37
0.414079   10.5  15.37
0.41425   10.5  15.37
0.41425   10.51  15.37
0.414594   10.52  15.37
0.41511   10.55  15.37
0.415628   10.56  15.37
0.4158   10.57  15.37
0.4158   10.56  15.37
0.415628   10.56  15.37
0.415628   10.56  15.37
0.415628   10.56  15.37
0.415628   10.56  15.37
0.415628   10.59  15.37
0.4158   10.6  15.37
0.416146   10.6  15.37
0.416493   10.62  15.37
0.41684   10.62  15.37
0.41684   10.63  15.37
0.417014   10.66  15.37
0.417362   10.66  15.37
0.417537   10.67  15.37
0.417885   10.67  15.37
0.41806   10.67  15.37
0.41841   10.68  15.37
0.41841   10.68  15.37
0.418585   10.68  15.37
0.418585   10.68  15.37
0.418936   10.68  15.37
0.419463   10.68  15.37
0.419815   10.69  15.37
0.419992   10.69  15.37
0.419992   10.69  15.37
0.420168   10.69  15.37
0.420345   10.7  15.37
0.420521   10.7  15.37
0.420521   10.7  15.37
0.420521   10.7  15.37
0.420698   10.7  15.37
0.421053   10.7  15.37
0.421408   10.7  15.37
0.421585   10.7  15.37
0.421941   10.7  15.37
0.422297   10.7  15.37
0.422476   10.72  15.37
0.422833   10.72  15.37
0.423191   10.73  15.37
0.423549   10.73  15.37
0.423729   10.74  15.37
0.424088   10.76  15.37
0.424268   10.78  15.37
0.424448   10.78  15.37
0.424268   10.78  15.37
0.424268   10.78  15.37
0.424268   10.78  15.37
0.424268   10.78  15.37
0.424448   10.79  15.37
0.424809   10.79  15.37
0.424989   10.79  15.37
0.425713   10.81  15.37
0.426803   10.88  15.37
0.42735   10.91  15.37
0.42735   10.9  15.37
0.42735   10.9  15.37
0.428082   10.93  15.37
0.428633   10.93  15.37
0.428633   10.93  15.37
0.428449   10.93  15.37
0.428449   10.93  15.37
0.428449   10.93  15.37
0.428449   10.93  15.37
0.428449   10.93  15.37
0.428449   10.93  15.37
0.428266   10.93  15.37
0.428266   10.94  15.37
0.428449   10.95  15.37
0.428633   10.95  15.37
0.429   10.97  15.37
0.429185   10.97  15.37
0.429923   11  15.37
0.430849   11.02  15.37
0.431593   11.03  15.37
0.431965   11.05  15.37
0.432339   11.06  15.37
0.432339   11.07  15.37
0.432526   11.07  15.37
0.432713   11.08  15.37
0.4329   11.08  15.37
0.433276   11.08  15.37
0.433463   11.09  15.37
0.433651   11.1  15.37
0.434028   11.11  15.37
0.434405   11.12  15.37
0.434594   11.12  15.37
0.434783   11.12  15.37
0.434972   11.13  15.37
0.435161   11.14  15.37
0.43554   11.14  15.37
0.43573   11.15  15.37
0.43611   11.15  15.37
0.4363   11.16  15.37
0.436491   11.17  15.37
0.436872   11.18  15.37
0.437063   11.19  15.37
0.437254   11.2  15.37
0.437637   11.2  15.37
0.437828   11.2  15.37
0.43802   11.21  15.37
0.438212   11.22  15.37
0.438404   11.23  15.37
0.438596   11.23  15.37
0.438789   11.23  15.37
0.438982   11.25  15.37
0.439174   11.26  15.37
0.439367   11.26  15.37
0.43956   11.26  15.37
0.439754   11.27  15.37
0.440141   11.27  15.37
0.440335   11.28  15.37
0.440529   11.29  15.37
0.440723   11.29  15.37
0.440723   11.3  15.37
0.440917   11.3  15.37
0.441112   11.31  15.37
0.441306   11.31  15.37
0.441501   11.32  15.37
0.441696   11.33  15.37
0.441891   11.35  15.37
0.442087   11.35  15.37
0.442282   11.36  15.37
0.442674   11.36  15.37
0.44287   11.37  15.37
0.44287   11.37  15.37
0.443066   11.37  15.37
0.443459   11.38  15.37
0.443656   11.39  15.37
0.443853   11.39  15.37
0.44405   11.39  15.37
0.44405   11.39  15.37
0.444247   11.4  15.37
0.444444   11.4  15.37
0.444642   11.41  15.37
0.44484   11.41  15.37
0.44484   11.41  15.37
0.44484   11.41  15.37
0.44484   11.41  15.37
0.44484   11.41  15.37
0.44484   11.41  15.37
0.445038   11.42  15.37
0.445236   11.42  15.37
0.445434   11.43  15.37
0.445434   11.44  15.37
0.445633   11.45  15.37
0.445831   11.45  15.37
0.44603   11.46  15.37
0.446429   11.46  15.37
0.446628   11.47  15.37
0.446828   11.48  15.37
0.447027   11.48  15.37
0.447227   11.48  15.37
0.447227   11.49  15.37
0.447427   11.49  15.37
0.447628   11.49  15.37
0.447628   11.5  15.37
0.447828   11.5  15.37
0.448029   11.51  15.37
0.44843   11.52  15.37
0.448833   11.52  15.37
0.449236   11.53  15.37
0.449236   11.53  15.37
0.449438   11.54  15.37
0.449843   11.54  15.37
0.449843   11.55  15.37
0.450045   11.55  15.37
0.450248   11.55  15.37
0.450248   11.55  15.37
0.450045   11.55  15.37
0.450045   11.55  15.37
0.450045   11.55  15.37
0.450045   11.56  15.37
0.450248   11.56  15.37
0.45045   11.57  15.37
0.450653   11.57  15.37
0.450857   11.57  15.37
0.450857   11.58  15.37
0.45106   11.58  15.37
0.451264   11.58  15.37
0.451467   11.59  15.37
0.451875   11.59  15.37
0.451875   11.6  15.37
0.45208   11.6  15.37
0.45208   11.6  15.37
0.45208   11.6  15.37
0.452284   11.6  15.37
0.452284   11.6  15.37
0.452284   11.6  15.37
0.452284   11.6  15.37
0.452284   11.61  15.37
0.452489   11.62  15.37
0.452899   11.62  15.37
0.452899   11.62  15.37
0.453104   11.62  15.37
0.453104   11.63  15.37
0.453309   11.64  15.37
0.453515   11.64  15.37
0.453721   11.65  15.37
0.453926   11.65  15.37
0.453926   11.66  15.37
0.454133   11.66  15.37
0.454339   11.67  15.37
0.454339   11.67  15.37
0.454545   11.68  15.37
0.454752   11.7  15.37
0.454752   11.7  15.37
0.454959   11.7  15.37
0.455166   11.7  15.37
0.455166   11.71  15.37
0.455373   11.71  15.37
0.455373   11.71  15.37
0.455373   11.72  15.37
0.455581   11.72  15.37
0.455789   11.72  15.37
0.455996   11.73  15.37
0.456204   11.73  15.37
0.456413   11.74  15.37
0.456413   11.74  15.37
0.456621   11.74  15.37
0.456621   11.74  15.37
0.45683   11.75  15.37
0.457247   11.76  15.37
0.457457   11.76  15.37
0.457457   11.76  15.37
0.457666   11.76  15.37
0.457875   11.77  15.37
0.458085   11.77  15.37
0.458085   11.78  15.37
0.458295   11.78  15.37
0.458295   11.78  15.37
0.458505   11.79  15.37
0.458716   11.8  15.37
0.459137   11.81  15.37
0.459348   11.81  15.37
0.459348   11.81  15.37
0.459559   11.82  15.37
0.45977   11.82  15.37
0.45977   11.82  15.37
0.459982   11.82  15.37
0.460193   11.83  15.37
0.460617   11.85  15.37
0.460829   11.86  15.37
0.461042   11.86  15.37
0.461255   11.86  15.37
0.461255   11.86  15.37
0.461467   11.86  15.37
0.461467   11.87  15.37
0.461681   11.87  15.37
0.461894   11.87  15.37
0.461894   11.87  15.37
0.462107   11.87  15.37
0.462107   11.88  15.37
0.462321   11.89  15.37
0.462535   11.89  15.37
0.462535   11.9  15.37
0.462749   11.9  15.37
0.462963   11.9  15.37
0.463177   11.91  15.37
0.463392   11.91  15.37
0.463392   11.91  15.37
0.463392   11.91  15.37
0.463607   11.92  15.37
0.463607   11.93  15.37
0.464037   11.93  15.37
0.464253   11.94  15.37
0.464468   11.94  15.37
0.464468   11.94  15.37
0.464253   11.94  15.37
0.464253   11.94  15.37
0.464253   11.94  15.37
0.4649   11.96  15.37
0.465766   11.98  15.37
0.466636   12  15.37
0.467071   12  15.37
0.46729   12  15.37
0.46729   12.01  15.37
0.46729   12.01  15.37
0.46729   12.01  15.37
0.46729   12.01  15.37
0.46729   12.01  15.37
0.46729   12.01  15.37
0.467071   12.01  15.37
0.467071   12.01  15.37
0.46729   12.01  15.37
0.467727   12.02  15.37
0.467946   12.03  15.37
0.468165   12.04  15.37
0.468384   12.04  15.37
0.468384   12.04  15.37
0.468604   12.05  15.37
0.469043   12.05  15.37
0.469043   12.05  15.37
0.469484   12.05  15.37
0.469704   12.06  15.37
0.469925   12.07  15.37
0.470146   12.08  15.37
0.470588   12.09  15.37
0.471032   12.1  15.37
0.471254   12.11  15.37
0.471476   12.11  15.37
0.471476   12.11  15.37
0.471698   12.12  15.37
0.471921   12.13  15.37
0.472144   12.13  15.37
0.472367   12.14  15.37
0.47259   12.15  15.37
0.472813   12.15  15.37
0.473037   12.15  15.37
0.473037   12.16  15.37
0.473037   12.16  15.37
0.473037   12.16  15.37
0.473261   12.17  15.37
0.473485   12.17  15.37
0.473485   12.18  15.37
0.473709   12.18  15.37
0.473709   12.19  15.37
0.474158   12.19  15.37
0.474158   12.19  15.37
0.474158   12.19  15.37
0.474158   12.19  15.37
0.474158   12.19  15.37
0.474158   12.19  15.37
0.474158   12.2  15.37
0.474158   12.2  15.37
0.474383   12.2  15.37
0.474383   12.2  15.37
0.474383   12.2  15.37
0.474608   12.2  15.37
0.474608   12.2  15.37
0.474608   12.2  15.37
0.474608   12.21  15.37
0.474834   12.21  15.37
0.475059   12.21  15.37
0.475059   12.21  15.37
0.475059   12.21  15.37
0.475059   12.21  15.37
0.475059   12.22  15.37
0.475285   12.22  15.37
0.475511   12.23  15.37
0.475511   12.24  15.37
0.475511   12.24  15.37
0.475511   12.24  15.37
0.475737   12.24  15.37
0.475737   12.25  15.37
0.475964   12.25  15.37
0.475964   12.25  15.37
0.47619   12.25  15.37
0.47619   12.25  15.37
0.47619   12.25  15.37
0.47619   12.25  15.37
0.47619   12.25  15.37
0.47619   12.25  15.37
0.47619   12.25  15.37
0.47619   12.26  15.37
0.47619   12.26  15.37
0.476417   12.26  15.37
0.476417   12.26  15.37
0.476644   12.26  15.37
0.476644   12.26  15.37
0.476644   12.27  15.37
0.476872   12.28  15.37
0.477099   12.29  15.37
0.477327   12.29  15.37
0.477327   12.29  15.37
0.477327   12.29  15.37
0.477555   12.29  15.37
0.477555   12.29  15.37
0.477555   12.29  15.37
0.477783   12.29  15.37
0.477783   12.29  15.37
0.477783   12.29  15.37
0.477783   12.29  15.37
0.477783   12.29  15.37
0.477783   12.3  15.37
0.478011   12.3  15.37
0.47824   12.3  15.37
0.47824   12.3  15.37
0.478469   12.31  15.37
0.478469   12.32  15.37
0.478698   12.32  15.37
0.478698   12.32  15.37
0.478698   12.32  15.37
0.478698   12.32  15.37
0.478698   12.33  15.37
0.478927   12.33  15.37
0.478927   12.33  15.37
0.478927   12.33  15.37
0.479157   12.33  15.37
0.479386   12.34  15.37
0.479616   12.35  15.37
0.479846   12.35  15.37
0.480077   12.36  15.37
0.480307   12.37  15.37
0.480769   12.38  15.37
0.481   12.39  15.37
0.481232   12.39  15.37
0.481464   12.4  15.37
0.481928   12.4  15.37
0.482393   12.41  15.37
0.482859   12.43  15.37
0.483092   12.43  15.37
0.483325   12.44  15.37
0.483559   12.45  15.37
0.483793   12.45  15.37
0.484262   12.45  15.37
0.484496   12.46  15.37
0.484966   12.47  15.37
0.485437   12.47  15.37
0.485437   12.48  15.37
0.485673   12.49  15.37
0.485909   12.51  15.37
0.486381   12.52  15.37
0.486618   12.52  15.37
0.486855   12.53  15.37
0.487329   12.54  15.37
0.487329   12.54  15.37
0.487329   12.54  15.37
0.487329   12.54  15.37
0.487329   12.54  15.37
0.487329   12.54  15.37
0.487329   12.54  15.37
0.487567   12.54  15.37
0.487805   12.54  15.37
0.487805   12.54  15.37
0.488043   12.54  15.37
0.488043   12.55  15.37
0.488281   12.55  15.37
0.488281   12.56  15.37
0.48852   12.56  15.37
0.488998   12.57  15.37
0.489237   12.58  15.37
0.489476   12.59  15.37
0.489956   12.61  15.37
0.490196   12.62  15.37
0.490436   12.62  15.37
0.490677   12.62  15.37
0.490918   12.63  15.37
0.491159   12.63  15.37
0.4914   12.64  15.37
0.491642   12.65  15.37
0.491884   12.66  15.37
0.492126   12.67  15.37
0.492368   12.67  15.37
0.492611   12.68  15.37
0.492854   12.69  15.37
0.493097   12.69  15.37
0.49334   12.69  15.37
0.493583   12.7  15.37
0.493827   12.7  15.37
0.494071   12.71  15.37
0.49456   12.72  15.37
0.494805   12.74  15.37
0.495295   12.75  15.37
0.49554   12.75  15.37
0.495786   12.76  15.37
0.496032   12.76  15.37
0.496278   12.77  15.37
0.496278   12.77  15.37
0.496524   12.77  15.38
0.496524   12.77  15.37
0.496771   12.78  15.37
0.496771   12.79  15.37
0.496771   12.79  15.37
0.497018   12.79  15.37
0.497265   12.8  15.37
0.497512   12.81  15.38
0.49776   12.82  15.38
0.498008   12.82  15.37
0.498008   12.82  15.37
0.498256   12.82  15.38
0.498256   12.82  15.37
0.498504   12.83  15.37
0.499002   12.84  15.38
0.499002   12.85  15.37
0.499251   12.86  15.37
0.49975   12.86  15.37
0.49975   12.87  15.38
0.5   12.88  15.37
0.5   12.88  15.38
0.50025   12.88  15.38
0.500501   12.88  15.38
0.500501   12.89  15.38
0.500501   12.89  15.38
0.500751   12.89  15.38
0.501253   12.9  15.38
0.501505   12.92  15.38
0.502008   12.92  15.38
0.50226   12.93  15.38
0.502513   12.93  15.38
0.502513   12.93  15.38
0.502765   12.94  15.38
0.502765   12.94  15.38
0.503018   12.95  15.38
0.503018   12.95  15.38
0.503271   12.96  15.38
0.503525   12.96  15.38
0.503778   12.97  15.38
0.503778   12.97  15.38
0.504032   12.98  15.38
0.504286   12.98  15.38
0.504286   12.98  15.38
0.504541   12.99  15.38
0.504541   12.99  15.38
0.504796   12.99  15.38
0.504796   13  15.38
0.505051   13  15.38
0.505051   13  15.38
0.505306   13  15.38
0.505561   13.01  15.38
0.505561   13.03  15.38
0.505817   13.03  15.38
0.506073   13.04  15.38
0.506329   13.04  15.38
0.506329   13.04  15.38
0.506586   13.04  15.38
0.506842   13.05  15.38
0.507099   13.06  15.38
0.507614   13.07  15.38
0.507872   13.07  15.38
0.507872   13.07  15.38
0.50813   13.08  15.38
0.508388   13.09  15.38
0.508647   13.1  15.38
0.508906   13.1  15.38
0.509165   13.11  15.38
0.509424   13.12  15.38
0.509684   13.13  15.38
0.510204   13.13  15.38
0.510725   13.14  15.38
0.510725   13.15  15.38
0.510986   13.15  15.38
0.511247   13.16  15.38
0.511247   13.16  15.38
0.511509   13.17  15.38
0.511509   13.17  15.38
0.511771   13.17  15.38
0.512033   13.18  15.38
0.512033   13.18  15.38
0.512295   13.19  15.38
0.512295   13.19  15.38
0.512558   13.2  15.38
0.512821   13.21  15.38
0.512821   13.22  15.38
0.513084   13.22  15.38
0.513347   13.23  15.38
0.513611   13.23  15.38
0.513611   13.24  15.38
0.513875   13.25  15.38
0.514139   13.25  15.38
0.514403   13.26  15.38
0.514668   13.27  15.38
0.514933   13.28  15.38
0.514933   13.28  15.38
0.515198   13.29  15.38
0.515464   13.29  15.38
0.515464   13.29  15.38
0.51573   13.29  15.38
0.51573   13.3  15.38
0.515996   13.31  15.38
0.516262   13.32  15.38
0.516529   13.32  15.38
0.516796   13.33  15.38
0.517063   13.34  15.38
0.517331   13.34  15.38
0.517331   13.35  15.38
0.517598   13.35  15.38
0.517598   13.35  15.38
0.517866   13.36  15.38
0.517866   13.37  15.38
0.518135   13.38  15.38
0.518403   13.38  15.38
0.518672   13.38  15.38
0.518941   13.38  15.38
0.518941   13.38  15.38
0.518941   13.38  15.38
0.519211   13.39  15.38
0.519481   13.39  15.38
0.520021   13.41  15.38
0.520291   13.42  15.38
0.520562   13.43  15.38
0.520833   13.43  15.38
0.521105   13.44  15.38
0.521376   13.44  15.38
0.521648   13.44  15.38
0.522193   13.45  15.38
0.522466   13.47  15.38
0.522739   13.48  15.38
0.523013   13.49  15.38
0.52356   13.5  15.38
0.523834   13.5  15.38
0.524109   13.51  15.38
0.524109   13.52  15.38
0.524384   13.52  15.38
0.524659   13.52  15.38
0.52521   13.53  15.38
0.525486   13.54  15.38
0.525762   13.55  15.38
0.525762   13.55  15.38
0.526039   13.55  15.38
0.526039   13.56  15.38
0.526316   13.56  15.38
0.526593   13.57  15.38
0.52687   13.58  15.38
0.527148   13.58  15.38
0.527426   13.59  15.38
0.527704   13.6  15.38
0.527983   13.6  15.38
0.527983   13.62  15.38
0.528262   13.62  15.38
0.528821   13.63  15.38
0.528821   13.63  15.38
0.529101   13.64  15.38
0.529381   13.65  15.38
0.529661   13.65  15.38
0.529942   13.66  15.38
0.530223   13.67  15.38
0.530504   13.67  15.38
0.530504   13.67  15.38
0.530504   13.68  15.38
0.530786   13.68  15.38
0.531067   13.7  15.38
0.531067   13.71  15.38
0.53135   13.72  15.38
0.531632   13.72  15.38
0.531915   13.73  15.38
0.532481   13.73  15.38
0.532481   13.73  15.38
0.532765   13.75  15.38
0.533049   13.75  15.38
0.533049   13.76  15.38
0.533333   13.77  15.38
0.533333   13.77  15.38
0.533618   13.77  15.38
0.533903   13.78  15.38
0.533903   13.78  15.38
0.534188   13.78  15.38
0.534474   13.79  15.38
0.534759   13.8  15.38
0.535045   13.81  15.38
0.535332   13.82  15.38
0.535906   13.83  15.38
0.536193   13.83  15.38
0.536481   13.84  15.38
0.536769   13.85  15.38
0.537057   13.85  15.38
0.537057   13.85  15.38
0.537346   13.87  15.38
0.537924   13.87  15.38
0.538213   13.89  15.38
0.538503   13.9  15.38
0.538793   13.9  15.38
0.539084   13.9  15.38
0.539374   13.91  15.38
0.539665   13.92  15.38
0.539957   13.92  15.38
0.540249   13.94  15.38
0.540833   13.95  15.38
0.541419   13.96  15.38
0.541712   13.97  15.38
0.542299   13.98  15.38
0.542594   13.99  15.38
0.542888   14.01  15.38
0.543183   14.02  15.38
0.543478   14.03  15.38
0.543774   14.03  15.38
0.54407   14.03  15.38
0.544366   14.05  15.38
0.544662   14.05  15.38
0.544662   14.05  15.38
0.544959   14.07  15.38
0.545256   14.07  15.38
0.545554   14.08  15.38
0.545852   14.09  15.38
0.54615   14.1  15.38
0.546448   14.11  15.38
0.546747   14.12  15.38
0.546747   14.12  15.38
0.547046   14.13  15.38
0.547345   14.13  15.38
0.547645   14.14  15.38
0.547945   14.15  15.38
0.548246   14.16  15.38
0.548246   14.16  15.38
0.548546   14.16  15.38
0.548847   14.17  15.38
0.548847   14.18  15.38
0.548847   14.18  15.38
0.549149   14.18  15.38
0.549149   14.19  15.38
0.549451   14.2  15.38
0.549753   14.2  15.38
0.550055   14.21  15.38
0.550358   14.22  15.38
0.550661   14.22  15.38
0.550661   14.23  15.38
0.551268   14.24  15.38
0.551572   14.26  15.38
0.551876   14.26  15.38
0.552181   14.28  15.38
0.552792   14.28  15.38
0.553097   14.3  15.38
0.553403   14.3  15.38
0.55371   14.31  15.38
0.554017   14.31  15.38
0.554017   14.32  15.38
0.554324   14.32  15.38
0.554631   14.34  15.38
0.554631   14.34  15.38
0.554939   14.35  15.38
0.554939   14.35  15.38
0.555247   14.36  15.38
0.555556   14.36  15.38
0.555864   14.37  15.38
0.556174   14.38  15.38
0.556793   14.38  15.38
0.557103   14.39  15.38
0.557414   14.4  15.38
0.557724   14.41  15.38
0.558036   14.42  15.38
0.558347   14.43  15.38
0.558659   14.44  15.38
0.558971   14.44  15.38
0.559284   14.44  15.38
0.559284   14.44  15.38
0.559597   14.45  15.38
0.559597   14.46  15.38
0.55991   14.46  15.38
0.55991   14.47  15.38
0.560224   14.48  15.38
0.560538   14.48  15.38
0.560538   14.49  15.38
0.560852   14.49  15.38
0.561167   14.5  15.38
0.561167   14.5  15.38
0.561482   14.51  15.38
0.561482   14.51  15.38
0.561798   14.52  15.38
0.562114   14.52  15.38
0.562114   14.52  15.38
0.562114   14.53  15.38
0.56243   14.54  15.38
0.56243   14.54  15.38
0.562746   14.54  15.38
0.563063   14.54  15.38
0.563063   14.55  15.38
0.56338   14.56  15.38
0.563698   14.57  15.38
0.563698   14.57  15.38
0.564016   14.58  15.38
0.564016   14.58  15.38
0.564334   14.58  15.38
0.564653   14.59  15.38
0.564653   14.6  15.38
0.564653   14.6  15.38
0.564972   14.61  15.38
0.564972   14.61  15.38
0.565291   14.61  15.38
0.565291   14.62  15.38
0.565611   14.62  15.38
0.565611   14.63  15.38
0.565931   14.64  15.38
0.566251   14.64  15.38
0.566572   14.64  15.38
0.566572   14.65  15.38
0.566893   14.65  15.38
0.566893   14.66  15.38
0.567215   14.66  15.38
0.567537   14.67  15.38
0.567859   14.68  15.38
0.568182   14.68  15.38
0.568182   14.69  15.38
0.568505   14.69  15.38
0.568505   14.7  15.38
0.568505   14.7  15.38
0.568828   14.7  15.38
0.569152   14.71  15.38
0.569476   14.72  15.38
0.569476   14.73  15.38
0.569801   14.73  15.38
0.569801   14.74  15.38
0.569801   14.74  15.38
0.570125   14.75  15.38
0.570451   14.75  15.38
0.570776   14.76  15.38
0.570776   14.77  15.38
0.571102   14.77  15.38
0.571429   14.78  15.38
0.571429   14.79  15.38
0.571755   14.79  15.38
0.572082   14.79  15.38
0.57241   14.81  15.38
0.57241   14.81  15.38
0.572738   14.81  15.38
0.572738   14.81  15.38
0.572738   14.81  15.38
0.573066   14.82  15.38
0.573066   14.82  15.38
0.573066   14.83  15.38
0.573394   14.83  15.38
0.573394   14.83  15.38
0.573723   14.83  15.38
0.573723   14.84  15.38
0.574053   14.84  15.38
0.574053   14.85  15.38
0.574383   14.85  15.38
0.574383   14.85  15.38
0.574713   14.87  15.38
0.575043   14.87  15.38
0.575374   14.89  15.38
0.575705   14.89  15.38
0.576037   14.9  15.38
0.576037   14.91  15.38
0.576369   14.91  15.38
0.576369   14.91  15.38
0.576701   14.91  15.38
0.577034   14.91  15.38
0.577034   14.92  15.38
0.577034   14.93  15.38
0.577034   14.93  15.38
0.577034   14.93  15.38
0.577034   14.93  15.38
0.577034   14.93  15.38
0.577034   14.93  15.38
0.577367   14.93  15.38
0.577367   14.93  15.38
0.577367   14.93  15.38
0.577367   14.94  15.38
0.577367   14.94  15.38
0.577367   14.95  15.38
0.577701   14.95  15.38
0.577701   14.95  15.38
0.578035   14.95  15.38
0.578035   14.96  15.38
0.578035   14.96  15.38
0.578369   14.96  15.38
0.578704   14.97  15.38
0.579039   14.98  15.38
0.579374   14.98  15.38
0.57971   15  15.38
0.57971   15  15.38
0.580046   15  15.38
0.580046   15  15.38
0.580383   15  15.38
0.580383   15.01  15.38
0.58072   15.02  15.38
0.58072   15.02  15.38
0.581058   15.02  15.38
0.581058   15.03  15.38
0.581058   15.04  15.38
0.581395   15.04  15.38
0.581734   15.05  15.38
0.582072   15.06  15.38
0.582072   15.06  15.38
0.582072   15.06  15.39
0.582072   15.06  15.39
0.582411   15.07  15.39
0.582411   15.08  15.38
0.582751   15.08  15.38
0.582751   15.08  15.38
0.58309   15.09  15.38
0.58309   15.09  15.38
0.58309   15.1  15.38
0.583431   15.1  15.38
0.583431   15.1  15.38
0.583431   15.1  15.38
0.583431   15.1  15.38
0.583771   15.1  15.38
0.583771   15.1  15.38
0.583771   15.1  15.38
0.583771   15.1  15.38
0.583771   15.1  15.39
0.584112   15.11  15.38
0.584112   15.11  15.39
0.584112   15.12  15.39
0.584112   15.12  15.39
0.584454   15.12  15.39
0.584454   15.12  15.39
0.584454   15.12  15.39
0.584454   15.12  15.38
0.584454   15.13  15.39
0.584454   15.12  15.38
0.584795   15.13  15.39
0.584795   15.13  15.39
0.584795   15.13  15.38
0.584795   15.13  15.39
0.584795   15.12  15.39
0.584795   15.13  15.39
0.584795   15.13  15.39
0.584795   15.14  15.39
0.585138   15.15  15.39
0.585138   15.15  15.39
0.585138   15.15  15.39
0.58548   15.15  15.39
0.58548   15.16  15.39
0.585823   15.17  15.39
0.585823   15.17  15.39
0.586166   15.17  15.39
0.586166   15.17  15.39
0.586166   15.17  15.39
0.58651   15.18  15.39
0.58651   15.19  15.39
0.58651   15.19  15.39
0.586854   15.19  15.39
0.586854   15.19  15.39
0.586854   15.19  15.39
0.587199   15.2  15.39
0.587199   15.21  15.39
0.587199   15.21  15.39
0.587544   15.21  15.39
0.587544   15.21  15.39
0.587889   15.22  15.39
0.587889   15.23  15.39
0.588235   15.23  15.39
0.588582   15.23  15.39
0.588582   15.24  15.39
0.588928   15.25  15.39
0.588928   15.25  15.39
0.589275   15.25  15.39
0.589275   15.26  15.39
0.589275   15.26  15.39
0.589623   15.26  15.39
0.589623   15.26  15.39
0.589971   15.27  15.39
0.589971   15.27  15.39
0.590319   15.28  15.39
0.590319   15.28  15.39
0.590667   15.29  15.39
0.590667   15.3  15.39
0.591017   15.3  15.39
0.591017   15.3  15.39
0.591366   15.31  15.39
0.591366   15.31  15.39
0.591716   15.32  15.39
0.591716   15.32  15.39
0.592066   15.33  15.39
0.592066   15.34  15.39
0.592417   15.34  15.39
0.592417   15.34  15.39
0.592768   15.34  15.39
0.592768   15.34  15.39
0.592768   15.35  15.39
0.59312   15.36  15.39
0.593472   15.36  15.39
0.593472   15.36  15.39
0.593824   15.37  15.39
0.593824   15.38  15.39
0.594177   15.38  15.39
0.594177   15.38  15.39
0.59453   15.39  15.39
0.59453   15.4  15.39
0.59453   15.4  15.39
0.594884   15.4  15.39
0.594884   15.4  15.39
0.595238   15.4  15.39
0.595238   15.4  15.39
0.595238   15.41  15.39
0.595593   15.42  15.39
0.595948   15.42  15.39
0.595948   15.42  15.39
0.596303   15.43  15.39
0.596303   15.44  15.39
0.596303   15.44  15.39
0.596659   15.44  15.39
0.596659   15.44  15.39
0.597015   15.45  15.39
0.597372   15.46  15.39
0.597372   15.46  15.39
0.597372   15.47  15.39
0.597729   15.48  15.39
0.597729   15.48  15.39
0.598086   15.48  15.39
0.598086   15.49  15.39
0.598444   15.5  15.39
0.598444   15.5  15.39
0.598802   15.5  15.39
0.598802   15.5  15.39
0.599161   15.5  15.39
0.59952   15.51  15.39
0.59952   15.52  15.39
0.59988   15.52  15.39
0.59988   15.53  15.39
0.60024   15.53  15.39
0.60024   15.54  15.39
0.600601   15.55  15.39
0.600962   15.55  15.39
0.600962   15.56  15.39
0.601323   15.57  15.39
0.601685   15.59  15.39
0.602047   15.59  15.39
0.602047   15.59  15.39
0.60241   15.6  15.39
0.60241   15.6  15.39
0.602773   15.61  15.39
0.602773   15.61  15.39
0.603136   15.62  15.39
0.603136   15.63  15.39
0.6035   15.63  15.39
0.603865   15.64  15.39
0.60423   15.65  15.39
0.60423   15.65  15.39
0.604595   15.66  15.39
0.604961   15.67  15.39
0.604961   15.67  15.39
0.605327   15.67  15.39
0.605327   15.68  15.39
0.605327   15.68  15.39
0.605694   15.69  15.39
0.605694   15.69  15.39
0.606061   15.7  15.39
0.606061   15.71  15.39
0.606428   15.71  15.39
0.606796   15.72  15.39
0.607165   15.73  15.39
0.607533   15.73  15.39
0.607533   15.75  15.39
0.607903   15.75  15.39
0.608273   15.76  15.39
0.608273   15.77  15.39
0.608643   15.78  15.39
0.608643   15.78  15.39
0.609013   15.78  15.39
0.609013   15.79  15.39
0.609385   15.79  15.39
0.609385   15.8  15.39
0.609385   15.8  15.39
0.609756   15.8  15.39
0.609756   15.8  15.39
0.610128   15.81  15.39
0.610128   15.81  15.39
0.610128   15.81  15.39
0.610128   15.81  15.39
0.610128   15.81  15.39
0.610501   15.82  15.39
0.610501   15.82  15.39
0.610501   15.82  15.39
0.610501   15.82  15.39
0.610874   15.83  15.39
0.610874   15.83  15.39
0.610874   15.84  15.39
0.611247   15.84  15.39
0.611247   15.84  15.39
0.611247   15.84  15.39
0.611247   15.84  15.39
0.611247   15.84  15.39
0.611247   15.84  15.39
0.611247   15.84  15.39
0.611621   15.84  15.39
0.611621   15.84  15.39
0.611621   15.84  15.39
0.611621   15.84  15.39
0.611621   15.85  15.39
0.611995   15.86  15.39
0.611995   15.86  15.39
0.611995   15.86  15.39
0.61237   15.87  15.39
0.61237   15.88  15.39
0.612745   15.88  15.39
0.613121   15.88  15.39
0.613121   15.89  15.39
0.613497   15.9  15.39
0.613874   15.9  15.39
0.613874   15.9  15.39
0.614251   15.9  15.39
0.614251   15.9  15.39
0.614251   15.91  15.39
0.614628   15.92  15.39
0.614628   15.92  15.39
0.614628   15.92  15.39
0.615006   15.92  15.39
0.615006   15.93  15.39
0.615006   15.93  15.39
0.615006   15.93  15.39
0.615385   15.94  15.39
0.615385   15.94  15.39
0.615385   15.94  15.39
0.615764   15.94  15.39
0.615764   15.95  15.39
0.616143   15.96  15.39
0.616143   15.96  15.39
0.616143   15.96  15.39
0.616523   15.97  15.39
0.616523   15.98  15.39
0.616523   15.98  15.39
0.616523   15.98  15.39
0.616903   15.98  15.39
0.616903   15.98  15.39
0.616903   15.99  15.39
0.617284   16  15.39
0.617284   16  15.39
0.617665   16  15.39
0.617665   16  15.39
0.617665   16.02  15.39
0.618047   16.02  15.39
0.618429   16.02  15.39
0.618429   16.02  15.39
0.618429   16.03  15.39
0.618429   16.04  15.39
0.618812   16.04  15.39
0.618812   16.04  15.39
0.618812   16.04  15.39
0.618812   16.05  15.39
0.618812   16.05  15.39
0.619195   16.06  15.39
0.619195   16.06  15.39
0.619195   16.06  15.39
0.619195   16.06  15.39
0.619579   16.06  15.39
0.619579   16.06  15.39
0.619579   16.07  15.39
0.619963   16.08  15.39
0.619963   16.08  15.39
0.620347   16.08  15.39
0.620347   16.08  15.39
0.620347   16.08  15.39
0.620732   16.09  15.39
0.620732   16.1  15.39
0.621118   16.1  15.39
0.621504   16.1  15.39
0.621504   16.12  15.39
0.621891   16.12  15.39
0.622278   16.12  15.39
0.622278   16.14  15.39
0.622665   16.14  15.39
0.623053   16.15  15.39
0.623053   16.16  15.39
0.623441   16.16  15.39
0.623441   16.16  15.39
0.623441   16.17  15.39
0.62383   16.18  15.39
0.62422   16.18  15.39
0.62422   16.19  15.39
0.62461   16.2  15.39
0.62461   16.2  15.39
0.62461   16.2  15.39
0.625   16.2  15.39
0.625   16.21  15.39
0.625   16.21  15.39
0.625391   16.22  15.39
0.625391   16.22  15.39
0.625782   16.23  15.39
0.625782   16.23  15.39
0.626174   16.23  15.39
0.626174   16.24  15.39
0.626566   16.25  15.39
0.626566   16.25  15.39
0.626566   16.25  15.39
0.626959   16.26  15.39
0.627353   16.27  15.39
0.627353   16.27  15.39
0.627746   16.28  15.39
0.627746   16.28  15.39
0.627746   16.29  15.39
0.628141   16.29  15.39
0.628536   16.29  15.39
0.628536   16.29  15.39
0.628536   16.3  15.39
0.628931   16.3  15.39
0.628931   16.31  15.39
0.629327   16.32  15.39
0.629327   16.32  15.39
0.629723   16.32  15.39
0.629723   16.32  15.39
0.63012   16.33  15.39
0.63012   16.33  15.39
0.630517   16.34  15.39
0.630517   16.35  15.39
0.630915   16.36  15.39
0.630915   16.36  15.39
0.631313   16.36  15.39
0.631313   16.37  15.39
0.631712   16.37  15.39
0.631712   16.38  15.39
0.632111   16.38  15.39
0.632111   16.38  15.39
0.632111   16.38  15.39
0.632511   16.38  15.39
0.632511   16.39  15.39
0.632911   16.4  15.39
0.632911   16.4  15.39
0.632911   16.41  15.39
0.633312   16.42  15.39
0.633714   16.42  15.39
0.633714   16.43  15.39
0.634115   16.44  15.39
0.634115   16.44  15.39
0.634115   16.44  15.39
0.634518   16.45  15.39
0.634921   16.46  15.39
0.634921   16.46  15.39
0.635324   16.46  15.39
0.635324   16.46  15.39
0.635324   16.48  15.39
0.635728   16.48  15.39
0.635728   16.48  15.39
0.636132   16.5  15.39
0.636537   16.5  15.39
0.636537   16.5  15.39
0.636943   16.51  15.39
0.636943   16.52  15.39
0.637349   16.52  15.39
0.637349   16.52  15.39
0.637349   16.54  15.39
0.637755   16.54  15.39
0.637755   16.54  15.39
0.638162   16.54  15.39
0.638162   16.55  15.39
0.638162   16.56  15.39
0.63857   16.56  15.39
0.63857   16.56  15.39
0.638978   16.58  15.39
0.639386   16.58  15.39
0.639386   16.59  15.39
0.639795   16.6  15.39
0.639795   16.6  15.39
0.640205   16.61  15.39
0.640205   16.62  15.39
0.640615   16.62  15.39
0.640615   16.63  15.39
0.640615   16.64  15.39
0.641026   16.64  15.39
0.641026   16.64  15.39
0.641437   16.64  15.39
0.641437   16.65  15.39
0.641849   16.66  15.39
0.641849   16.66  15.39
0.642261   16.66  15.39
0.642261   16.67  15.39
0.642261   16.67  15.39
0.642674   16.68  15.39
0.642674   16.68  15.39
0.642674   16.68  15.39
0.642674   16.68  15.39
0.643087   16.68  15.39
0.643087   16.7  15.39
0.643087   16.7  15.39
0.643501   16.7  15.39
0.643501   16.7  15.39
0.643501   16.71  15.39
0.643915   16.72  15.39
0.643915   16.72  15.39
0.643915   16.72  15.39
0.64433   16.73  15.39
0.64433   16.74  15.39
0.644745   16.74  15.39
0.644745   16.74  15.39
0.644745   16.74  15.39
0.644745   16.74  15.39
0.645161   16.75  15.39
0.645161   16.75  15.39
0.645578   16.76  15.39
0.645578   16.76  15.39
0.645995   16.77  15.39
0.645995   16.77  15.39
0.645995   16.77  15.39
0.646412   16.77  15.39
0.646412   16.78  15.39
0.646412   16.78  15.39
0.646831   16.79  15.39
0.646831   16.79  15.39
0.646831   16.79  15.39
0.647249   16.79  15.39
0.647249   16.79  15.39
0.647668   16.8  15.39
0.647668   16.81  15.39
0.648088   16.81  15.39
0.648088   16.81  15.39
0.648088   16.82  15.39
0.648508   16.83  15.39
0.648508   16.83  15.39
0.648929   16.83  15.39
0.648929   16.83  15.39
0.649351   16.84  15.39
0.649351   16.84  15.39
0.649351   16.84  15.39
0.649351   16.84  15.39
0.649773   16.85  15.39
0.649773   16.86  15.39
0.649773   16.86  15.39
0.650195   16.86  15.39
0.650195   16.87  15.39
0.650195   16.87  15.39
0.650618   16.88  15.39
0.650618   16.88  15.39
0.650618   16.88  15.39
0.651042   16.89  15.39
0.651042   16.9  15.39
0.651042   16.9  15.39
0.651466   16.9  15.39
0.651466   16.91  15.39
0.651466   16.91  15.39
0.65189   16.91  15.39
0.65189   16.92  15.39
0.652316   16.93  15.39
0.652316   16.93  15.39
0.652742   16.94  15.39
0.652742   16.95  15.39
0.653168   16.95  15.39
0.653168   16.95  15.39
0.653595   16.95  15.39
0.653595   16.96  15.39
0.653595   16.97  15.39
0.653595   16.97  15.39
0.654022   16.97  15.39
0.654022   16.97  15.39
0.654022   16.98  15.39
0.654022   16.98  15.39
0.65445   16.99  15.39
0.65445   16.99  15.39
0.654879   17  15.39
0.654879   17  15.39
0.654879   17.01  15.39
0.655308   17.02  15.39
0.655738   17.02  15.39
0.655738   17.03  15.39
0.656168   17.04  15.39
0.656168   17.05  15.39
0.656599   17.06  15.39
0.65703   17.07  15.39
0.657462   17.09  15.39
0.657895   17.09  15.39
0.658328   17.11  15.39
0.658328   17.11  15.39
0.658762   17.11  15.39
0.658762   17.12  15.39
0.658762   17.12  15.39
0.659196   17.13  15.39
0.659196   17.13  15.39
0.659196   17.13  15.39
0.659631   17.13  15.39
0.659631   17.14  15.39
0.659631   17.14  15.39
0.659631   17.14  15.39
0.660066   17.14  15.39
0.660066   17.14  15.39
0.660502   17.15  15.39
0.660502   17.16  15.39
0.660939   17.17  15.39
0.661376   17.18  15.39
0.661376   17.19  15.39
0.661376   17.19  15.39
0.661376   17.2  15.39
0.661813   17.2  15.39
0.662252   17.21  15.39
0.662252   17.21  15.39
0.662691   17.22  15.39
0.662691   17.23  15.39
0.662691   17.23  15.39
0.662691   17.23  15.39
0.662691   17.23  15.39
0.66313   17.23  15.39
0.66313   17.23  15.39
0.66313   17.24  15.39
0.66357   17.24  15.39
0.664011   17.24  15.39
0.664011   17.26  15.39
0.664011   17.26  15.39
0.664011   17.26  15.39
0.664011   17.26  15.39
0.664011   17.26  15.39
0.664452   17.26  15.39
0.664452   17.26  15.39
0.664452   17.27  15.39
0.664894   17.27  15.39
0.664894   17.27  15.39
0.665336   17.28  15.39
0.665336   17.29  15.39
0.665336   17.29  15.39
0.665336   17.29  15.39
0.665336   17.29  15.39
0.665779   17.29  15.39
0.665779   17.3  15.39
0.665779   17.3  15.39
0.666223   17.3  15.39
0.666223   17.31  15.39
0.666667   17.31  15.39
0.666667   17.31  15.39
0.666667   17.32  15.39
0.667111   17.33  15.39
0.667111   17.33  15.39
0.667557   17.33  15.39
0.667557   17.34  15.39
0.668003   17.34  15.39
0.668003   17.35  15.39
0.668449   17.36  15.39
0.668449   17.36  15.39
0.668896   17.37  15.39
0.668896   17.39  15.39
0.669344   17.39  15.39
0.669792   17.4  15.39
0.669792   17.4  15.39
0.670241   17.41  15.39
0.670241   17.42  15.39
0.670241   17.42  15.39
0.670691   17.42  15.39
0.670691   17.43  15.39
0.671141   17.44  15.39
0.671141   17.45  15.39
0.671592   17.46  15.4
0.671592   17.47  15.39
0.672043   17.48  15.39
0.672043   17.48  15.39
0.672495   17.49  15.39
0.672948   17.49  15.39
0.672948   17.49  15.39
0.672948   17.49  15.39
0.673401   17.5  15.39
0.673401   17.5  15.39
0.673854   17.51  15.39
0.673854   17.52  15.39
0.674309   17.53  15.39
0.674309   17.53  15.39
0.674764   17.54  15.39
0.674764   17.55  15.39
0.674764   17.55  15.39
0.675219   17.56  15.39
0.675219   17.56  15.39
0.675219   17.57  15.39
0.675676   17.58  15.39
0.675676   17.58  15.39
0.675676   17.58  15.39
0.676133   17.58  15.39
0.676133   17.58  15.39
0.67659   17.59  15.39
0.67659   17.59  15.39
0.67659   17.59  15.39
0.677048   17.61  15.39
0.677507   17.61  15.39
0.677966   17.63  15.39
0.677966   17.64  15.39
0.678426   17.64  15.39
0.678887   17.65  15.39
0.678887   17.66  15.39
0.679348   17.67  15.39
0.679348   17.68  15.39
0.67981   17.68  15.39
0.67981   17.68  15.39
0.680272   17.69  15.39
0.680272   17.69  15.39
0.680735   17.7  15.4
0.680735   17.71  15.39
0.681199   17.71  15.39
0.681199   17.72  15.39
0.681663   17.72  15.39
0.681663   17.73  15.39
0.681663   17.74  15.39
0.682128   17.74  15.39
0.682128   17.74  15.39
0.682128   17.75  15.4
0.682594   17.75  15.39
0.68306   17.75  15.39
0.68306   17.75  15.4
0.68306   17.76  15.4
0.683527   17.76  15.4
0.683527   17.76  15.4
0.683995   17.77  15.4
0.683995   17.77  15.4
0.683995   17.77  15.4
0.684463   17.78  15.4
0.684463   17.78  15.4
0.684463   17.79  15.4
0.684463   17.79  15.4
0.684932   17.79  15.4
0.684932   17.79  15.4
0.684932   17.79  15.4
0.684932   17.8  15.4
0.684932   17.8  15.4
0.685401   17.81  15.4
0.685401   17.81  15.4
0.685401   17.81  15.4
0.685401   17.82  15.4
0.685871   17.82  15.4
0.686342   17.83  15.4
0.686342   17.84  15.4
0.686342   17.85  15.4
0.686813   17.85  15.4
0.686813   17.86  15.4
0.687285   17.86  15.4
0.687285   17.87  15.4
0.687758   17.88  15.4
0.687758   17.89  15.4
0.687758   17.89  15.4
0.688231   17.9  15.4
0.688231   17.9  15.4
0.688231   17.91  15.4
0.688231   17.91  15.4
0.688705   17.92  15.4
0.688705   17.92  15.4
0.68918   17.93  15.4
0.68918   17.93  15.4
0.68918   17.93  15.4
0.68918   17.93  15.4
0.689655   17.93  15.4
0.689655   17.94  15.4
0.690131   17.94  15.4
0.690131   17.95  15.4
0.690131   17.95  15.4
0.690131   17.95  15.4
0.690131   17.95  15.4
0.690131   17.96  15.4
0.690608   17.97  15.4
0.690608   17.98  15.4
0.691085   17.98  15.4
0.691563   17.99  15.4
0.692042   18  15.4
0.692521   18.02  15.4
0.693001   18.03  15.4
0.693001   18.04  15.4
0.693481   18.04  15.4
0.693481   18.05  15.4
0.693963   18.06  15.4
0.693963   18.07  15.4
0.694444   18.08  15.4
0.694444   18.09  15.4
0.694927   18.1  15.4
0.694927   18.11  15.4
0.69541   18.11  15.4
0.695894   18.11  15.4
0.695894   18.12  15.4
0.696379   18.12  15.4
0.696864   18.14  15.4
0.696864   18.14  15.4
0.69735   18.15  15.4
0.69735   18.15  15.4
0.697837   18.16  15.4
0.697837   18.17  15.4
0.698324   18.17  15.4
0.698324   18.17  15.4
0.698812   18.18  15.4
0.698812   18.18  15.4
0.698812   18.19  15.4
0.699301   18.2  15.4
0.699301   18.2  15.4
0.699301   18.2  15.4
0.69979   18.21  15.4
0.69979   18.21  15.4
0.69979   18.21  15.4
0.70028   18.22  15.4
0.70028   18.22  15.4
0.700771   18.23  15.4
0.700771   18.23  15.4
0.701262   18.23  15.4
0.701262   18.23  15.4
0.701754   18.24  15.4
0.701754   18.24  15.4
0.701754   18.24  15.4
0.701754   18.24  15.4
0.701754   18.25  15.4
0.702247   18.25  15.4
0.702247   18.25  15.4
0.702247   18.25  15.4
0.702247   18.26  15.4
0.702741   18.27  15.4
0.702741   18.28  15.4
0.703235   18.29  15.4
0.703235   18.3  15.4
0.70373   18.3  15.4
0.704225   18.31  15.4
0.704225   18.32  15.4
0.704722   18.32  15.4
0.704722   18.33  15.4
0.705219   18.34  15.4
0.705219   18.35  15.4
0.705716   18.36  15.4
0.706215   18.38  15.4
0.706714   18.39  15.4
0.707214   18.4  15.4
0.707714   18.4  15.4
0.707714   18.41  15.4
0.708215   18.42  15.4
0.708215   18.43  15.4
0.708717   18.44  15.4
0.70922   18.45  15.4
0.709723   18.46  15.4
0.709723   18.47  15.4
0.710227   18.48  15.4
0.710732   18.5  15.4
0.710732   18.51  15.4
0.711238   18.52  15.4
0.711744   18.53  15.4
0.711744   18.54  15.4
0.712251   18.54  15.4
0.712758   18.55  15.4
0.712758   18.57  15.4
0.713267   18.58  15.4
0.713776   18.59  15.4
0.714286   18.6  15.4
0.714796   18.61  15.4
0.714796   18.62  15.4
0.715308   18.63  15.4
0.71582   18.63  15.4
0.716332   18.64  15.4
0.716846   18.65  15.4
0.716846   18.65  15.4
0.71736   18.65  15.4
0.71736   18.66  15.4
0.71736   18.66  15.4
0.717875   18.66  15.4
0.717875   18.66  15.4
0.717875   18.67  15.4
0.718391   18.67  15.4
0.718391   18.67  15.4
0.718391   18.68  15.4
0.718907   18.68  15.4
0.718907   18.69  15.4
0.718907   18.69  15.4
0.718907   18.69  15.4
0.718907   18.7  15.4
0.719424   18.7  15.4
0.719424   18.7  15.4
0.719424   18.7  15.4
0.719942   18.71  15.4
0.719942   18.71  15.4
0.719942   18.72  15.4
0.720461   18.72  15.4
0.720461   18.73  15.4
0.720461   18.73  15.4
0.720981   18.74  15.4
0.720981   18.74  15.4
0.721501   18.75  15.4
0.721501   18.76  15.4
0.721501   18.76  15.4
0.722022   18.77  15.4
0.722022   18.77  15.4
0.722022   18.77  15.4
0.722022   18.77  15.4
0.722022   18.78  15.4
0.722543   18.79  15.4
0.722543   18.8  15.4
0.722543   18.81  15.4
0.723066   18.81  15.4
0.723066   18.82  15.4
0.723066   18.82  15.4
0.723589   18.83  15.4
0.723589   18.83  15.4
0.724113   18.83  15.4
0.724638   18.84  15.4
0.724638   18.85  15.4
0.725163   18.86  15.4
0.725689   18.88  15.4
0.726216   18.92  15.4
0.726216   18.96  15.4
0.726744   18.97  15.4
0.726744   18.96  15.4
0.726744   18.96  15.4
0.727273   18.93  15.4
0.727273   18.94  15.4
0.727273   18.94  15.4
0.727273   18.94  15.4
0.727273   18.95  15.4
0.727802   18.97  15.4
0.727802   18.99  15.4
0.727802   19  15.4
0.728332   19.02  15.4
0.728332   19.02  15.4
0.728332   19.03  15.4
0.728863   19.03  15.4
0.728863   19.04  15.4
0.728863   19.03  15.4
0.729395   19.03  15.4
0.729395   19.04  15.4
0.729927   19.04  15.4
0.729927   19.04  15.4
0.729927   19.04  15.4
0.73046   19.05  15.4
0.73046   19.05  15.4
0.73046   19.06  15.4
0.730994   19.06  15.4
0.730994   19.06  15.4
0.730994   19.08  15.4
0.730994   19.06  15.4
0.731529   19.06  15.4
0.731529   19.06  15.4
0.731529   19.06  15.4
0.732064   19.06  15.4
0.732064   19.08  15.4
0.732064   19.09  15.4
0.732601   19.1  15.4
0.732601   19.11  15.4
0.732601   19.13  15.4
0.733138   19.17  15.4
0.733138   19.17  15.4
0.733138   19.17  15.4
0.733138   19.19  15.4
0.733676   19.19  15.4
0.733676   19.19  15.4
0.733676   19.19  15.4
0.734214   19.19  15.4
0.734214   19.19  15.4
0.734214   19.19  15.4
0.734214   19.2  15.4
0.734214   19.2  15.4
0.734754   19.21  15.4
0.734754   19.22  15.4
0.734754   19.22  15.4
0.735294   19.22  15.4
0.735294   19.24  15.4
0.735294   19.23  15.4
0.735835   19.25  15.4
0.735835   19.25  15.4
0.735835   19.22  15.4
0.736377   19.24  15.4
0.736377   19.23  15.4
0.736377   19.24  15.4
0.736377   19.25  15.4
0.73692   19.27  15.4
0.73692   19.27  15.4
0.73692   19.27  15.4
0.73692   19.27  15.4
0.737463   19.27  15.4
0.737463   19.27  15.4
0.737463   19.29  15.4
0.737463   19.28  15.4
0.738007   19.3  15.4
0.738007   19.3  15.4
0.738007   19.32  15.4
0.738007   19.32  15.4
0.738007   19.33  15.4
0.738552   19.35  15.4
0.738552   19.35  15.4
0.738552   19.35  15.4
0.738552   19.35  15.4
0.739098   19.35  15.4
0.739098   19.37  15.4
0.739098   19.37  15.4
0.739098   19.37  15.4
0.739098   19.37  15.4
0.739098   19.37  15.4
0.739098   19.37  15.4
0.739098   19.37  15.4
0.739645   19.37  15.4
0.739645   19.38  15.4
0.739645   19.37  15.4
0.739645   19.37  15.4
0.740192   19.38  15.4
0.740192   19.4  15.4
0.740192   19.4  15.4
0.740741   19.4  15.4
0.740741   19.4  15.4
0.740741   19.4  15.4
0.740741   19.42  15.4
0.74129   19.42  15.4
0.74129   19.43  15.4
0.74129   19.43  15.4
0.74184   19.43  15.4
0.74184   19.43  15.4
0.74184   19.43  15.4
0.74184   19.43  15.4
0.74239   19.43  15.4
0.74239   19.43  15.4
0.74239   19.43  15.4
0.74239   19.43  15.4
0.742942   19.43  15.4
0.742942   19.43  15.4
0.742942   19.43  15.4
0.742942   19.45  15.4
0.743494   19.43  15.4
0.743494   19.43  15.4
0.743494   19.43  15.4
0.743494   19.43  15.4
0.744048   19.43  15.4
0.744048   19.43  15.4
0.744048   19.42  15.4
0.744602   19.42  15.4
0.744602   19.45  15.4
0.744602   19.45  15.4
0.745156   19.46  15.4
0.745156   19.48  15.4
0.745712   19.48  15.4
0.745712   19.48  15.4
0.745712   19.49  15.4
0.746269   19.49  15.4
0.746269   19.48  15.4
0.746826   19.5  15.4
0.746826   19.5  15.4
0.746826   19.5  15.4
0.746826   19.51  15.4
0.747384   19.5  15.4
0.747384   19.52  15.4
0.747384   19.53  15.4
0.747384   19.53  15.4
0.747384   19.53  15.4
0.747943   19.53  15.4
0.747943   19.52  15.4
0.747943   19.53  15.4
0.748503   19.53  15.4
0.748503   19.53  15.4
0.748503   19.53  15.4
0.748503   19.53  15.4
0.749064   19.54  15.4
0.749064   19.56  15.4
0.749064   19.58  15.4
0.749064   19.58  15.4
0.749625   19.58  15.4
0.749625   19.59  15.4
0.749625   19.63  15.4
0.749625   19.63  15.4
0.750188   19.63  15.4
0.750188   19.63  15.4
0.750751   19.63  15.4
0.750751   19.63  15.4
0.750751   19.63  15.4
0.751315   19.64  15.4
0.751315   19.66  15.4
0.751315   19.67  15.4
0.75188   19.68  15.4
0.75188   19.67  15.4
0.75188   19.68  15.4
0.75188   19.68  15.4
0.752445   19.68  15.4
0.752445   19.69  15.4
0.752445   19.69  15.4
0.752445   19.69  15.4
0.753012   19.69  15.4
0.753012   19.69  15.4
0.753012   19.69  15.4
0.753012   19.69  15.4
0.75358   19.69  15.4
0.75358   19.7  15.4
0.75358   19.72  15.4
0.75358   19.74  15.4
0.754148   19.74  15.4
0.754148   19.74  15.4
0.754148   19.74  15.4
0.754148   19.74  15.4
0.754717   19.74  15.4
0.754717   19.74  15.4
0.754717   19.74  15.4
0.755287   19.74  15.4
0.755287   19.75  15.4
0.755858   19.75  15.4
0.75643   19.79  15.4
0.75643   19.79  15.4
0.75643   19.79  15.4
0.757002   19.81  15.4
0.757002   19.81  15.4
0.757576   19.8  15.4
0.75815   19.84  15.4
0.75815   19.84  15.4
0.758725   19.84  15.4
0.758725   19.84  15.4
0.758725   19.84  15.4
0.759301   19.84  15.4
0.759878   19.83  15.4
0.759878   19.84  15.4
0.760456   19.84  15.4
0.760456   19.84  15.4
0.761035   19.84  15.4
0.761035   19.84  15.4
0.761615   19.84  15.41
0.761615   19.84  15.41
0.761615   19.85  15.41
0.761615   19.85  15.41
0.762195   19.85  15.4
0.762195   19.86  15.41
0.762195   19.88  15.41
0.762195   19.89  15.41
0.762777   19.89  15.41
0.762777   19.89  15.41
0.762777   19.9  15.41
0.762777   19.9  15.41
0.762777   19.9  15.41
0.762777   19.85  15.41
0.763359   19.77  15.41
0.763359   19.94  15.41
0.763942   19.95  15.41
0.763942   19.94  15.41
0.763942   19.95  15.41
0.764526   19.95  15.41
0.764526   19.95  15.41
0.765111   19.95  15.41
0.765111   19.95  15.41
0.765697   19.95  15.41
0.765697   19.95  15.41
0.765697   19.95  15.41
0.765697   19.95  15.41
0.765697   19.95  15.41
0.765697   19.96  15.41
0.766284   19.97  15.41
0.766284   20  15.41
0.766284   20  15.41
0.766284   20  15.41
0.766871   20  15.41
0.766871   20  15.41
0.76746   20.01  15.41
0.76746   20.02  15.41
0.76746   20.05  15.41
0.76746   20.07  15.41
0.768049   20.07  15.41
0.768049   20.07  15.41
0.768049   20.07  15.41
0.768049   20.07  15.41
0.76864   20.07  15.41
0.76864   20.07  15.41
0.76864   20.07  15.41
0.76864   20.07  15.41
0.76864   20.07  15.41
0.769231   20.07  15.41
0.769231   20.07  15.41
0.769231   20.07  15.41
0.769231   20.07  15.41
0.769231   20.07  15.41
0.769231   20.07  15.41
0.769823   20.07  15.41
0.769823   20.07  15.41
0.769823   20.07  15.41
0.769823   20.07  15.41
0.769823   20.07  15.41
0.769823   20.07  15.41
0.769823   20.07  15.41
0.769823   20.08  15.41
0.770416   20.08  15.41
0.770416   20.08  15.41
0.770416   20.08  15.41
0.770416   20.07  15.41
0.770416   20.07  15.41
0.770416   20.08  15.41
0.77101   20.08  15.41
0.77101   20.12  15.41
0.77101   20.13  15.41
0.77101   20.14  15.41
0.77101   20.14  15.41
0.77101   20.14  15.41
0.77101   20.14  15.41
0.77101   20.14  15.41
0.771605   20.14  15.41
0.771605   20.14  15.41
0.771605   20.14  15.41
0.771605   20.14  15.41
0.771605   20.14  15.41
0.771605   20.14  15.41
0.772201   20.14  15.41
0.772201   20.14  15.41
0.772201   20.14  15.41
0.772201   20.14  15.41
0.772201   20.14  15.41
0.772201   20.16  15.41
0.772201   20.16  15.41
0.772798   20.18  15.41
0.772798   20.2  15.41
0.772798   20.21  15.41
0.772798   20.21  15.41
0.772798   20.21  15.41
0.772798   20.21  15.41
0.772798   20.21  15.41
0.773395   20.21  15.41
0.773395   20.21  15.41
0.773395   20.21  15.41
0.773395   20.21  15.41
0.773994   20.21  15.41
0.773994   20.21  15.41
0.773994   20.21  15.41
0.773994   20.21  15.41
0.774593   20.21  15.41
0.774593   20.21  15.41
0.774593   20.21  15.41
0.774593   20.21  15.41
0.774593   20.21  15.41
0.774593   20.21  15.41
0.775194   20.21  15.41
0.775194   20.21  15.41
0.775795   20.21  15.41
0.775795   20.21  15.41
0.775795   20.22  15.41
0.776398   20.27  15.41
0.776398   20.28  15.41
0.776398   20.28  15.41
0.776398   20.28  15.41
0.776398   20.28  15.41
0.777001   20.28  15.41
0.777001   20.28  15.41
0.777001   20.28  15.41
0.777001   20.28  15.41
0.777001   20.28  15.41
0.777605   20.28  15.41
0.777605   20.29  15.41
0.777605   20.32  15.41
0.77821   20.31  15.41
0.77821   20.3  15.41
0.77821   20.3  15.41
0.77821   20.3  15.41
0.778816   20.32  15.41
0.778816   20.28  15.41
0.778816   20.32  15.41
0.778816   20.31  15.41
0.778816   20.32  15.41
0.779423   20.32  15.41
0.779423   20.32  15.41
0.779423   20.3  15.41
0.779423   20.31  15.41
0.779423   20.29  15.41
0.779423   20.35  15.41
0.780031   20.35  15.41
0.780031   20.35  15.41
0.78064   20.35  15.41
0.78064   20.35  15.41
0.78064   20.35  15.41
0.78064   20.36  15.41
0.78125   20.37  15.41
0.78125   20.41  15.41
0.78125   20.42  15.41
0.781861   20.42  15.41
0.781861   20.42  15.41
0.781861   20.42  15.41
0.781861   20.42  15.41
0.781861   20.42  15.41
0.782473   20.42  15.41
0.782473   20.42  15.41
0.782473   20.42  15.41
0.782473   20.42  15.41
0.782473   20.42  15.41
0.782473   20.44  15.41
0.782473   20.43  15.41
0.782473   20.46  15.41
0.782473   20.48  15.41
0.783085   20.48  15.41
0.783085   20.48  15.41
0.783085   20.49  15.41
0.783085   20.49  15.41
0.783085   20.49  15.41
0.783699   20.49  15.41
0.783699   20.49  15.41
0.783699   20.49  15.41
0.783699   20.49  15.41
0.783699   20.49  15.41
0.784314   20.49  15.41
0.784314   20.5  15.41
0.784314   20.49  15.41
0.784314   20.49  15.41
0.784314   20.49  15.41
0.784929   20.5  15.41
0.784929   20.5  15.41
0.784929   20.52  15.41
0.784929   20.52  15.41
0.785546   20.55  15.41
0.785546   20.55  15.41
0.785546   20.55  15.41
0.785546   20.53  15.41
0.785546   20.52  15.41
0.785546   20.54  15.41
0.786164   20.55  15.41
0.786164   20.55  15.41
0.786164   20.55  15.41
0.786164   20.55  15.41
0.786164   20.55  15.41
0.786782   20.55  15.41
0.786782   20.55  15.41
0.786782   20.55  15.41
0.786782   20.55  15.41
0.787402   20.56  15.41
0.787402   20.56  15.41
0.787402   20.59  15.41
0.788022   20.61  15.41
0.788022   20.61  15.41
0.788022   20.61  15.41
0.788644   20.61  15.41
0.788644   20.61  15.41
0.788644   20.61  15.41
0.788644   20.61  15.41
0.788644   20.61  15.41
0.789266   20.62  15.41
0.789266   20.62  15.41
0.789266   20.67  15.41
0.789266   20.68  15.41
0.789889   20.68  15.41
0.789889   20.68  15.41
0.789889   20.68  15.41
0.789889   20.68  15.41
0.790514   20.68  15.41
0.790514   20.68  15.41
0.790514   20.68  15.41
0.790514   20.68  15.41
0.790514   20.68  15.41
0.790514   20.68  15.41
0.790514   20.68  15.41
0.791139   20.68  15.41
0.791139   20.68  15.41
0.791139   20.68  15.41
0.791139   20.68  15.41
0.791139   20.68  15.41
0.791139   20.68  15.41
0.791139   20.68  15.41
0.791766   20.68  15.41
0.791766   20.68  15.41
0.791766   20.68  15.41
0.791766   20.68  15.41
0.792393   20.68  15.41
0.792393   20.71  15.41
0.792393   20.74  15.41
0.793021   20.73  15.41
0.793021   20.74  15.41
0.793651   20.74  15.41
0.793651   20.74  15.41
0.793651   20.74  15.41
0.794281   20.74  15.41
0.794281   20.74  15.41
0.794913   20.74  15.41
0.794913   20.79  15.41
0.794913   20.8  15.41
0.794913   20.8  15.41
0.795545   20.8  15.41
0.795545   20.8  15.41
0.795545   20.8  15.41
0.795545   20.8  15.41
0.795545   20.8  15.41
0.795545   20.8  15.41
0.796178   20.8  15.41
0.796178   20.8  15.41
0.796178   20.8  15.41
0.796178   20.81  15.41
0.796178   20.8  15.41
0.796813   20.81  15.41
0.796813   20.81  15.41
0.796813   20.82  15.41
0.796813   20.85  15.41
0.797448   20.87  15.41
0.797448   20.87  15.41
0.797448   20.87  15.41
0.797448   20.87  15.41
0.798085   20.87  15.41
0.798085   20.87  15.41
0.798085   20.87  15.41
0.798085   20.87  15.41
0.798722   20.87  15.41
0.798722   20.87  15.41
0.798722   20.87  15.41
0.798722   20.88  15.41
0.799361   20.92  15.41
0.799361   20.93  15.41
0.799361   20.93  15.41
0.8   20.93  15.41
0.8   20.93  15.41
0.8   20.93  15.41
0.800641   20.93  15.41
0.800641   20.93  15.41
0.800641   20.95  15.41
0.800641   20.96  15.41
0.801282   20.99  15.41
0.801282   20.99  15.41
0.801282   20.99  15.41
0.801282   20.99  15.41
0.801282   20.99  15.41
0.801282   20.99  15.41
0.801282   20.99  15.41
0.801925   20.99  15.41
0.801925   20.99  15.41
0.801925   20.99  15.41
0.801925   20.99  15.41
0.801925   21  15.41
0.802568   21.01  15.41
0.802568   21.04  15.41
0.802568   21.05  15.41
0.802568   21.04  15.41
0.802568   21.04  15.41
0.803213   21.05  15.41
0.803213   21.04  15.41
0.803213   21.03  15.41
0.803213   21.05  15.41
0.803213   21.05  15.41
0.803859   21.05  15.41
0.803859   21.05  15.41
0.803859   21.05  15.41
0.804505   21.05  15.41
0.804505   21.05  15.41
0.804505   21.05  15.41
0.804505   21.05  15.41
0.804505   21.05  15.41
0.804505   21.05  15.41
0.805153   21.05  15.41
0.805153   21.06  15.41
0.805153   21.06  15.41
0.805153   21.06  15.41
0.805153   21.08  15.41
0.805153   21.11  15.41
0.805153   21.11  15.41
0.805802   21.11  15.41
0.805802   21.11  15.41
0.805802   21.11  15.41
0.806452   21.11  15.41
0.806452   21.12  15.41
0.806452   21.12  15.41
0.806452   21.11  15.41
0.806452   21.11  15.41
0.806452   21.12  15.41
0.807103   21.13  15.41
0.807103   21.14  15.41
0.807103   21.13  15.41
0.807103   21.14  15.41
0.807103   21.16  15.41
0.807754   21.17  15.41
0.807754   21.17  15.41
0.807754   21.17  15.41
0.807754   21.17  15.41
0.807754   21.17  15.41
0.808407   21.17  15.41
0.808407   21.17  15.41
0.808407   21.17  15.41
0.808407   21.17  15.41
0.809061   21.17  15.41
0.809061   21.17  15.41
0.809061   21.17  15.41
0.809061   21.17  15.41
0.809717   21.17  15.41
0.809717   21.17  15.41
0.809717   21.17  15.41
0.809717   21.18  15.41
0.809717   21.23  15.41
0.810373   21.23  15.41
0.810373   21.23  15.41
0.81103   21.23  15.41
0.81103   21.23  15.41
0.81103   21.22  15.41
0.811688   21.23  15.41
0.811688   21.23  15.41
0.812348   21.23  15.41
0.813008   21.23  15.41
0.813008   21.23  15.41
0.813008   21.23  15.41
0.81367   21.23  15.41
0.81367   21.23  15.41
0.81367   21.23  15.41
0.814332   21.24  15.41
0.814332   21.29  15.41
0.814332   21.29  15.41
0.814996   21.29  15.41
0.814996   21.3  15.41
0.814996   21.29  15.41
0.814996   21.29  15.41
0.815661   21.32  15.41
0.815661   21.33  15.41
0.815661   21.3  15.41
0.816327   21.3  15.41
0.816327   21.35  15.41
0.816327   21.35  15.41
0.816993   21.35  15.41
0.816993   21.35  15.41
0.817661   21.37  15.41
0.817661   21.39  15.41
0.818331   21.39  15.41
0.818331   21.41  15.41
0.818331   21.41  15.41
0.819001   21.41  15.41
0.819001   21.41  15.41
0.819001   21.41  15.41
0.819001   21.42  15.41
0.819001   21.41  15.41
0.819672   21.41  15.41
0.819672   21.42  15.41
0.819672   21.47  15.41
0.820345   21.45  15.41
0.820345   21.43  15.41
0.820345   21.46  15.41
0.820345   21.45  15.41
0.820345   21.47  15.41
0.821018   21.47  15.41
0.821018   21.47  15.41
0.821018   21.47  15.41
0.821693   21.47  15.41
0.821693   21.49  15.41
0.821693   21.52  15.41
0.822368   21.54  15.41
0.822368   21.54  15.41
0.822368   21.54  15.41
0.823045   21.54  15.41
0.823045   21.54  15.41
0.823723   21.55  15.41
0.823723   21.58  15.41
0.823723   21.58  15.41
0.824402   21.55  15.41
0.824402   21.6  15.41
0.825083   21.6  15.41
0.825083   21.6  15.41
0.825083   21.6  15.41
0.825764   21.6  15.41
0.825764   21.6  15.41
0.826446   21.61  15.41
0.826446   21.61  15.41
0.82713   21.63  15.41
0.82713   21.67  15.41
0.827815   21.67  15.41
0.8285   21.66  15.41
0.829187   21.62  15.41
0.830565   21.67  15.41
0.830565   21.72  15.41
0.831255   21.7  15.41
0.831947   21.67  15.41
0.831947   21.73  15.41
0.832639   21.73  15.41
0.832639   21.74  15.41
0.832639   21.75  15.41
0.832639   21.8  15.41
0.833333   21.8  15.41
0.833333   21.8  15.41
0.833333   21.8  15.41
0.833333   21.8  15.41
0.834028   21.8  15.41
0.834028   21.84  15.41
0.834028   21.86  15.41
0.834725   21.86  15.41
0.834725   21.86  15.41
0.834725   21.86  15.41
0.834725   21.86  15.41
0.834725   21.86  15.41
0.835422   21.86  15.41
0.835422   21.87  15.41
0.835422   21.89  15.41
0.835422   21.92  15.41
0.83612   21.93  15.41
0.83612   21.93  15.41
0.83612   21.93  15.41
0.83612   21.93  15.41
0.83612   21.93  15.41
0.83612   21.93  15.41
0.83682   21.93  15.41
0.83682   21.93  15.41
0.83682   21.93  15.41
0.83682   21.93  15.41
0.83682   21.93  15.41
0.837521   21.93  15.41
0.837521   21.93  15.41
0.837521   21.93  15.41
0.837521   21.95  15.41
0.838223   21.98  15.41
0.838223   21.94  15.41
0.838223   22  15.41
0.838926   22  15.41
0.838926   22  15.41
0.839631   22  15.41
0.839631   22  15.41
0.839631   22  15.41
0.839631   22  15.41
0.839631   22  15.41
0.839631   22.01  15.41
0.840336   22.02  15.41
0.840336   22.05  15.41
0.840336   22.06  15.41
0.840336   22.06  15.41
0.840336   22.06  15.41
0.840336   22.06  15.41
0.840336   22.06  15.41
0.840336   22.06  15.41
0.841043   22.06  15.41
0.841043   22.06  15.41
0.841043   22.06  15.41
0.841043   22.06  15.41
0.841043   22.07  15.41
0.841043   22.06  15.41
0.841043   22.06  15.41
0.841043   22.06  15.41
0.841043   22.07  15.41
0.841751   22.08  15.41
0.841751   22.08  15.41
0.841751   22.11  15.41
0.841751   22.13  15.41
0.84246   22.12  15.41
0.84246   22.13  15.42
0.84246   22.13  15.41
0.84246   22.13  15.42
0.84317   22.13  15.41
0.84317   22.13  15.42
0.84317   22.13  15.42
0.843882   22.13  15.42
0.843882   22.13  15.42
0.844595   22.13  15.42
0.844595   22.13  15.42
0.844595   22.15  15.42
0.844595   22.18  15.42
0.844595   22.19  15.42
0.845309   22.19  15.42
0.845309   22.19  15.42
0.845309   22.19  15.42
0.845309   22.19  15.42
0.845309   22.19  15.42
0.846024   22.19  15.42
0.846024   22.19  15.42
0.846024   22.19  15.42
0.846024   22.19  15.42
0.84674   22.19  15.42
0.84674   22.19  15.42
0.84674   22.19  15.42
0.847458   22.2  15.42
0.847458   22.19  15.42
0.847458   22.19  15.42
0.847458   22.19  15.42
0.848176   22.19  15.42
0.848176   22.25  15.42
0.848176   22.26  15.42
0.848896   22.26  15.42
0.848896   22.26  15.42
0.848896   22.26  15.42
0.848896   22.26  15.42
0.849618   22.29  15.42
0.849618   22.3  15.42
0.849618   22.32  15.42
0.85034   22.32  15.42
0.85034   22.32  15.42
0.85034   22.32  15.42
0.851064   22.32  15.42
0.851064   22.32  15.42
0.851064   22.32  15.42
0.851064   22.32  15.42
0.851064   22.32  15.42
0.851789   22.33  15.42
0.851789   22.36  15.42
0.851789   22.35  15.42
0.851789   22.37  15.42
0.852515   22.38  15.42
0.852515   22.38  15.42
0.852515   22.38  15.42
0.852515   22.38  15.42
0.852515   22.38  15.42
0.853242   22.42  15.42
0.853242   22.44  15.42
0.853971   22.44  15.42
0.853971   22.44  15.42
0.853971   22.41  15.42
0.853971   22.4  15.42
0.853971   22.44  15.42
0.854701   22.44  15.42
0.854701   22.44  15.42
0.854701   22.44  15.42
0.854701   22.44  15.42
0.854701   22.44  15.42
0.854701   22.44  15.42
0.855432   22.44  15.42
0.855432   22.44  15.42
0.855432   22.45  15.42
0.855432   22.47  15.42
0.856164   22.49  15.42
0.856164   22.5  15.42
0.856164   22.5  15.42
0.856164   22.5  15.42
0.856164   22.5  15.42
0.856164   22.5  15.42
0.856164   22.5  15.42
0.856898   22.5  15.42
0.856898   22.5  15.42
0.856898   22.5  15.42
0.856898   22.5  15.42
0.856898   22.5  15.42
0.856898   22.5  15.42
0.857633   22.51  15.42
0.857633   22.54  15.42
0.857633   22.55  15.42
0.857633   22.55  15.42
0.858369   22.56  15.42
0.858369   22.56  15.42
0.858369   22.56  15.42
0.858369   22.56  15.42
0.858369   22.56  15.42
0.858369   22.56  15.42
0.859107   22.56  15.42
0.859107   22.56  15.42
0.859107   22.56  15.42
0.859107   22.56  15.42
0.859107   22.57  15.42
0.859107   22.59  15.42
0.859107   22.61  15.42
0.859107   22.61  15.42
0.859107   22.62  15.42
0.859107   22.61  15.42
0.859107   22.62  15.42
0.859845   22.62  15.42
0.859845   22.6  15.42
0.859845   22.56  15.42
0.859845   22.56  15.42
0.860585   22.56  15.42
0.860585   22.59  15.42
0.860585   22.62  15.42
0.861326   22.62  15.42
0.861326   22.62  15.42
0.861326   22.62  15.42
0.861326   22.62  15.42
0.862069   22.62  15.42
0.862069   22.62  15.42
0.862069   22.61  15.42
0.862069   22.62  15.42
0.862069   22.62  15.42
0.862813   22.63  15.42
0.862813   22.64  15.42
0.862813   22.63  15.42
0.862813   22.64  15.42
0.863558   22.66  15.42
0.863558   22.67  15.42
0.863558   22.68  15.42
0.863558   22.68  15.42
0.864304   22.68  15.42
0.864304   22.68  15.42
0.864304   22.68  15.42
0.864304   22.68  15.42
0.864304   22.68  15.42
0.864304   22.68  15.42
0.865052   22.68  15.42
0.865052   22.68  15.42
0.865052   22.68  15.42
0.865052   22.68  15.42
0.865052   22.68  15.42
0.865801   22.73  15.42
0.865801   22.72  15.42
0.865801   22.74  15.42
0.865801   22.74  15.42
0.865801   22.74  15.42
0.865801   22.74  15.42
0.866551   22.74  15.42
0.866551   22.74  15.42
0.866551   22.74  15.42
0.867303   22.74  15.42
0.867303   22.74  15.42
0.868056   22.78  15.42
0.868056   22.8  15.42
0.868056   22.8  15.42
0.86881   22.8  15.42
0.869565   22.82  15.42
0.869565   22.85  15.42
0.870322   22.86  15.42
0.870322   22.86  15.42
0.870322   22.86  15.42
0.87108   22.86  15.42
0.87108   22.86  15.42
0.87108   22.87  15.42
0.87108   22.86  15.42
0.87108   22.86  15.42
0.87184   22.86  15.42
0.87184   22.91  15.42
0.87184   22.91  15.42
0.87184   22.91  15.42
0.8726   22.91  15.42
0.8726   22.91  15.42
0.8726   22.91  15.42
0.873362   22.91  15.42
0.873362   22.91  15.42
0.873362   22.92  15.42
0.873362   22.95  15.42
0.874126   22.95  15.42
0.874126   22.97  15.42
0.874126   22.97  15.42
0.874126   22.97  15.42
0.874891   22.97  15.42
0.874891   22.97  15.42
0.874891   22.98  15.42
0.874891   23.03  15.42
0.874891   23.03  15.42
0.875657   23.03  15.42
0.875657   23.03  15.42
0.875657   23.03  15.42
0.875657   23.03  15.42
0.875657   23.03  15.42
0.875657   23.03  15.42
0.875657   23.04  15.42
0.876424   23.04  15.42
0.876424   23.04  15.42
0.876424   23.03  15.42
0.876424   23.03  15.42
0.877193   23.06  15.42
0.877193   23.04  15.42
0.877193   23.08  15.42
0.877193   23.09  15.42
0.877193   23.09  15.42
0.877193   23.09  15.42
0.877963   23.09  15.42
0.877963   23.09  15.42
0.877963   23.09  15.42
0.877963   23.09  15.42
0.877963   23.09  15.42
0.877963   23.09  15.42
0.877963   23.09  15.42
0.877963   23.09  15.42
0.877963   23.09  15.42
0.878735   23.09  15.42
0.878735   23.09  15.42
0.878735   23.09  15.42
0.878735   23.13  15.42
0.879507   23.1  15.42
0.879507   23.11  15.42
0.879507   23.1  15.42
0.880282   23.1  15.42
0.880282   23.14  15.42
0.881057   23.13  15.42
0.881057   23.14  15.42
0.881057   23.14  15.42
0.881057   23.14  15.42
0.881057   23.14  15.42
0.881834   23.14  15.42
0.881834   23.15  15.42
0.881834   23.16  15.42
0.881834   23.15  15.42
0.881834   23.14  15.42
0.881834   23.15  15.42
0.881834   23.16  15.42
0.881834   23.17  15.42
0.881834   23.19  15.42
0.881834   23.2  15.42
0.881834   23.18  15.42
0.881834   23.18  15.42
0.881834   23.2  15.42
0.882613   23.18  15.42
0.882613   23.2  15.42
0.883392   23.2  15.42
0.884173   23.2  15.42
0.884173   23.21  15.42
0.884956   23.22  15.42
0.88574   23.25  15.42
0.88574   23.26  15.42
0.88574   23.3  15.42
0.886525   23.35  15.42
0.886525   23.35  15.42
0.886525   23.35  15.42
0.886525   23.35  15.42
0.886525   23.35  15.42
0.887311   23.35  15.42
0.887311   23.35  15.42
0.887311   23.35  15.42
0.887311   23.35  15.42
0.887311   23.36  15.42
0.887311   23.38  15.42
0.887311   23.38  15.42
0.888099   23.42  15.42
0.888099   23.43  15.42
0.888099   23.41  15.42
0.888099   23.35  15.42
0.888099   23.35  15.42
0.888099   23.35  15.42
0.888889   23.44  15.42
0.888889   23.44  15.42
0.88968   23.44  15.42
0.88968   23.44  15.42
0.88968   23.44  15.42
0.88968   23.44  15.42
0.890472   23.44  15.42
0.890472   23.44  15.42
0.890472   23.45  15.42
0.891266   23.44  15.42
0.891266   23.44  15.42
0.891266   23.51  15.42
0.892061   23.53  15.42
0.892061   23.5  15.42
0.892061   23.54  15.42
0.892061   23.54  15.42
0.892061   23.54  15.42
0.892857   23.62  15.42
0.892857   23.54  15.42
0.892857   23.54  15.42
0.892857   23.54  15.42
0.893655   23.54  15.42
0.893655   23.54  15.42
0.893655   23.6  15.42
0.894454   23.6  15.42
0.894454   23.57  15.42
0.894454   23.54  15.42
0.895255   23.6  15.42
0.895255   23.56  15.42
0.896057   23.54  15.42
0.896057   23.54  15.42
0.896861   23.55  15.42
0.897666   23.54  15.42
0.897666   23.54  15.42
0.897666   23.59  15.42
0.898473   23.6  15.42
0.898473   23.63  15.42
0.898473   23.64  15.42
0.898473   23.63  15.42
0.898473   23.54  15.42
0.898473   23.54  15.42
0.898473   23.56  15.42
0.898473   23.57  15.42
0.899281   23.55  15.42
0.899281   23.54  15.42
0.899281   23.54  15.42
0.899281   23.54  15.42
0.899281   23.54  15.42
0.899281   23.54  15.42
0.90009   23.54  15.42
0.90009   23.63  15.42
